0.5674105
0.5811956
0.9847824
0.411541
0.7944629
0.4119935
0.235406
0.4004975
0.4055382
0.7727697
0.3606032
0.2163394
0.1989523
0.9994733
0.1834352
0.3849807
0.9992836
0.5864504
0.7653308
0.008927557
0.7601524
0.402723
0.9650948
0.05037523
0.0123754
0.8182737
0.9852337
0.9579546
0.9409645
0.02327368
0.02418447
0.5922684
0.6346631
0.5565831
0.8537957
0.6050138
0.9392544
0.7608214
0.01152937
0.5768307
0.1206191
0.4262053
0.01123133
0.1585238
0.06231376
0.03208508
0.7762814
0.215029
0.183472
0.7962762
0.180966
0.8061257
0.3900862
0.9764428
0.1930538
0.1993697
0.3369996
0.3870574
0.6046959
0.002315971
0.196449
0.2086845
0.9619052
0.2455704
0.8418298
0.4106964
0.5820177
0.6014661
0.8129386
0.9342885
0.983149
0.5986759
0.4014746
0.5966927
0.4623939
0.3508718
0.9962865
0.808001
0.1701801
0.3862785
0.8718631
0.9874068
0.8152085
0.6102456
0.5898782
0.4498788
0.6036881
0.768684
0.9778012
0.9754858
0.4454787
0.950554
0.0006504905
0.02096535
0.01946916
0.9818684
0.6779682
0.9558699
0.8097355
0.5971464
0.3949485
0.6701325
0.1651591
0.6310613
0.2455802
0.2131359
0.9885035
0.8280639
0.3333386
0.9731642
0.3915958
0.06261547
0.99106
0.01009401
0.8036946
0.1740475
0.419802
0.02055552
0.6123294
0.0204763
0.4482966
0.3455619
0.2271857
0.6241534
0.1936467
0.5335638
0.1957729
0.8002606
0.00210158
0.9375824
0.3911425
0.01769037
0.02337271
0.8098549
0.5839312
0.6037159
0.9859463
0.008407745
0.7441114
0.4151329
0.5951652
0.7928901
0.07257472
0.3809887
0.2553738
0.7730521
0.4320807
0.1493491
0.04590633
0.008047002
0.6099145
0.1665782
0.01246778
0.2104945
0.01491492
0.02751088
0.4045343
0.4311184
0.7574204
0.8245217
0.4113628
0.9936848
0.2495593
0.1872688
0.6345559
0.8106794
0.3797596
0.9783809
0.2221063
0.4290542
0.2196721
0.239177
0.5945182
0.05975683
0.4483506
0.02299195
0.1924294
0.3880897
0.1680541
0.02545767
0.1696726
0.967071
0.9999927
0.3628758
0.03341994
0.3732549
0.786445
0.5641568
0.7604834
0.5918462
0.03989392
0.5759681
0.6717493
0.610629
0.6338809
0.8188857
0.5773005
0.8093279
0.002804753
0.3419552
0.4188668
0.2178826
0.3369841
0.7884665
0.8404544
0.756378
0.8370653
0.2279366
0.9948714
0.8096808
0.9599089
0.6012852
0.7739569
0.9603849
0.6064541
0.03546111
0.418383
0.3709513
0.8037177
0.3722485
0.03496607
0.5958372
0.8952157
0.3844324
0.8232178
0.6373528
0.01544626
0.01602001
0.9879635
0.7836964
0.2270867
0.4398439
0.1496401
0.007310287
0.364648
0.01696201
0.01866253
0.9622745
0.9637405
0.5825353
0.8212995
0.5640499
0.9960905
0.3923124
0.05978762
0.3957323
0.1943144
0.04238295
0.1673737
0.1951496
0.9863791
0.0103522
0.2048246
0.01011713
0.9723234
0.1857456
0.04532448
0.9849171
0.2335627
0.9728678
0.3847529
0.1709743
0.03364878
0.1905088
0.5879778
0.2051826
0.6180007
0.9494998
0.8067607
0.176129
0.8134208
0.04534122
0.1691908
0.1774959
0.857453
0.9901705
0.01342715
0.9630512
0.02452842
0.02484452
0.7833057
0.03230256
0.5732066
0.7708292
0.6059557
0.5941909
0.006968988
0.9722848
0.1418543
0.3996781
0.6034955
0.6168396
0.006662606
0.3693626
0.9350779
0.1860201
0.3985639
0.5911999
0.001615395
0.05947657
0.5850813
0.1759732
0.4292269
0.8114583
0.8032002
0.6302806
0.6314664
0.2070197
0.8140408
0.5654185
0.9974161
0.8180273
0.8078468
0.2084301
0.0250517
0.9887254
0.2140542
0.05219429
0.3701793
0.7640102
0.9682716
0.9863184
0.7722093
0.0003281086
0.4075791
0.0003938653
0.6054591
0.5968292
0.009095602
0.4018529
0.17675
0.8186724
0.8514143
0.03065628
0.9554564
0.4134705
0.9708967
0.9787857
0.6145356
0.5965662
0.5616517
0.7794634
0.0410916
0.9599331
0.04563523
0.980868
0.4053192
0.9155108
0.180156
0.9934581
0.5659481
0.425539
0.2107412
0.2338169
0.1798236
0.6196288
0.7404315
0.9923041
0.8020008
0.7990512
0.5652308
0.3672995
0.4154001
0.5810185
0.442626
0.7914441
0.8332069
0.3839436
0.4266219
0.4256279
0.4173848
0.4004262
0.01269488
0.01961297
0.9879859
0.1851989
0.7793283
0.7987376
0.2084138
0.9948566
0.02775538
0.985814
0.02282353
0.6001031
0.9794431
0.5761932
0.4258614
0.1527629
0.8025976
0.9506598
0.4261924
0.7847339
0.0004448155
0.3799441
0.4292851
0.5493313
0.9993257
0.6007832
0.5766333
0.6298903
0.8465726
0.6218063
0.9699627
0.4281215
0.003574116
0.001557015
0.8000622
0.806623
0.9581574
0.9750888
0.5511831
0.4067342
0.02341362
0.3827623
0.8265883
0.003364149
0.01624709
0.6533273
0.7569054
0.02425678
0.9797132
0.9848476
0.7992535
0.993535
0.01461432
0.792068
0.9787918
0.6450125
0.7973829
0.7675896
0.9856059
0.2312494
0.9715065
0.1526978
0.1983279
0.6191261
0.3900781
0.802409
0.6079739
0.3841212
0.5675194
0.00173002
0.7981135
0.964935
0.1801867
0.1455602
0.1682881
0.9668373
0.03804037
0.970719
0.625687
0.4013963
0.03004327
0.4021233
0.7893703
0.03350117
0.5979128
0.6607074
0.8328466
0.8042542
0.5939114
0.4226588
0.8113086
0.3801716
0.5959211
0.1833237
0.9904407
0.5955245
0.8029027
0.9939551
0.3947172
0.2533788
0.6152981
0.9812541
0.9844959
0.9578978
0.1704735
0.2014229
0.4111607
0.2333259
0.862804
0.3963552
0.9796758
0.1819388
0.9691572
0.1928998
0.7708432
0.2111646
0.03135092
0.2404639
0.3706605
0.1627991
0.2503271
0.1799389
0.2552752
0.9474566
0.9464604
0.009599947
0.002976783
0.02983423
0.002285904
0.02450198
0.01533572
0.01731047
0.01880321
0.02509578
0.04329016
0.001731662
0.007382332
0.00206017
0.06957687
0.02438384
0.02688615
0.0209653
0.07368783
0.02026743
0.009649649
0.001856062
0.04987797
0.03570555
0.004425661
0.0166451
0.014987
0.008531986
0.03053348
0.04755386
0.01281223
0.007965387
0.0200498
0.05481013
0.03976994
0.02194587
0.02365215
0.02852541
0.02624022
0.04664908
0.0003630685
0.01645144
0.00899931
0.003573392
0.0781055
0.01820774
0.08107605
0.03894051
0.0001577351
0.02514978
0.02075163
0.01098208
0.03549166
0.006851729
0.02743292
0.01777881
0.01100849
0.02927947
0.001121928
0.0593791
0.02494687
0.01023639
0.01254482
0.03887762
0.02025904
0.05465628
0.08199038
0.01077301
0.03796932
0.07303891
0.01092377
0.006946833
0.00366972
0.01027305
0.004470739
0.01581508
0.05908469
0.02359019
0.01198421
0.07302692
0.0002504616
0.0130632
0.03479269
0.01244868
0.03669526
0.003538859
0.04621539
0.0410589
0.01263519
0.00506694
0.001897621
0.009503172
0.02335965
0.04746332
0.003640147
0.03996983
0.02632955
0.03215826
0.02082244
0.01157141
0.05885698
0.03059653
0.05604852
0.03202042
0.01759372
0.04486172
0.004685899
0.0112816
0.03131838
0.00129821
0.006350617
0.04956565
0.01015785
0.03717551
0.02138886
0.0153525
0.01306763
0.004713184
0.02522491
0.05551693
0.008211332
0.01939178
0.08737687
0.02659377
0.03083688
0.005462186
0.01843869
0.07371366
0.08217525
0.03720376
0.02894472
0.01105567
0.00878175
0.01990787
0.01870818
0.007117668
0.02639825
0.02067897
0.02293662
0.02885476
0.03463967
0.008221302
0.01083034
0.04846828
0.04365332
0.02249522
0.002780947
0.002096722
0.03294355
0.05201767
0.0308344
0.02808287
0.02057424
0.05269219
0.02962691
0.04694869
0.0344714
0.0345485
0.0003788346
0.008098377
0.0471901
0.05631668
0.03064852
0.04992868
0.01106189
0.01644497
0.008877046
0.02250648
0.02619794
0.04550618
0.0175432
0.002357162
0.01059779
0.01629852
0.02435047
0.02946065
0.007610237
0.02260533
0.003734411
0.03847226
0.008988556
0.0009105244
0.04538668
0.02651374
0.006838498
0.04234254
0.03003537
0.03371267
0.008591742
0.01230817
0.01282025
0.01026663
0.04088374
0.01345498
0.03514948
0.01078897
0.03262809
0.03635595
0.00601871
0.02139201
0.005266265
0.0167736
0.002233813
0.02895004
0.02670805
0.04065188
0.008878969
0.004498731
0.03907687
0.03288864
0.03691063
0.02775994
0.02308014
0.01984906
0.07948478
0.04885715
0.05278975
0.008927811
0.02643063
0.00951396
0.05252474
0.02870381
0.001431745
0.0423983
0.03301612
0.01416882
0.03602946
0.005824113
0.009644906
0.05416712
0.01051249
0.02067307
0.01584528
0.02356013
0.001085429
0.01129518
0.007985858
0.03218027
0.0006661047
0.06828483
0.02571462
0.02767073
0.06363508
0.006124685
0.04555232
0.01869771
0.0146335
0.02953464
0.0275034
0.03048795
0.007992815
0.01177527
0.01297135
0.02393295
0.03711958
0.049839
0.03812663
0.007216095
0.03551044
0.02748584
0.01244605
0.0170412
0.003458612
0.01313665
0.0141469
0.03572977
0.01718439
0.002346266
0.0114523
0.03312635
0.02966047
0.0115994
0.05033552
0.02053172
0.02107442
0.02712083
0.01880149
0.006101974
0.007145214
0.04537026
0.009192522
0.01628593
0.01375067
0.01431548
0.02399518
0.001696489
0.006832529
0.04892944
0.01600589
0.009142324
0.004829587
0.006652782
0.01485261
0.01637326
0.0414504
0.006153467
0.01961504
0.01860692
0.03287873
0.02149728
0.07573514
0.002131505
0.0593724
0.006342966
0.01115943
0.002223247
0.05008248
0.03342934
0.006278406
0.02179484
0.0388019
0.002794715
0.01028973
0.002980565
0.04852924
0.01882974
0.07976523
0.0184969
0.02738391
0.01766414
0.003062941
0.01123803
0.01757107
0.00511794
0.04240829
0.02677428
0.02565218
0.02954663
0.008551463
0.04139279
0.01547742
0.01211901
0.04581204
0.0245435
0.02313418
0.02055029
0.06992448
0.02382702
0.03899208
0.05890547
0.03841129
0.001659944
0.007810994
0.02623475
0.0246349
0.01044826
0.007595548
0.005885582
0.00344926
0.0100489
0.01327975
0.02348731
0.008001642
0.004511524
0.01708472
0.04467118
0.003654349
0.009923555
0.02530155
0.05596186
0.01741971
0.04739615
0.01381919
0.02301856
0.02184408
0.01746366
0.01369513
0.03082132
0.06049088
0.009375001
0.04558776
0.06124447
0.02708511
0.03141623
0.006560391
0.05431218
0.009468062
0.02812246
0.02732578
0.01599172
0.01411849
0.004713491
0.01577138
0.01780129
0.07821961
0.01103228
0.01795164
0.04929377
0.01450581
0.02924104
0.000261735
0.03093941
0.007127297
0.07203052
0.0001518281
0.02075624
0.01067353
0.0223025
0.007020141
0.05096112
0.03809016
0.007174889
0.006817838
0.01915827
0.001820616
0.04795048
0.05481653
0.04163659
0.01608096
0.00978306
0.01089887
0.04651969
0.00412967
0.02622436
0.02404794
0.01739946
0.05586116
0.006415547
0.01565953
0.003813579
0.07690793
0.01370692
0.07526257
0.0664754
0.03607993
0.02120408
0.02236756
0.02528483
0.02062411
0.01382808
0.0528062
0.04838106
0.02292595
0.01143789
0.03077358
0.0002523332
0.0689759
0.05054897
0.06968366
0.007325017
0.03068602
0.01031972
0.03781952
0.03799558
0.00590317
0.06051565
0.08431543
0.04138057
0.01061461
0.05251454
0.01283089
0.0264197
0.04337655
0.04475266
0.005657806
0.01627476
0.09282136
0.04422196
0.03303445
0.01260524
0.009604269
0.001689276
0.03097596
0.01676795
0.05985479
0.008301129
0.0260669
0.03323344
0.02268431
0.06589185
0.01571589
0.03101268
0.003468809
0.009865411
0.03544487
0.05006025
0.02225832
0.03302196
0.01698035
0.01804675
0.005738516
0.01054271
0.02312946
0.04234985
0.05251046
0.0292693
0.03369326
0.01503223
0.02979819
0.02884771
0.02613274
0.02512316
0.01503648
0.01833966
0.0374084
0.07305799
0.01468317
0.02798009
0.02728356
0.04679843
0.0398015
0.0130363
0.06623009
0.001019558
