0.5263249
0.4969346
0.05210108
0.963445
0.9341036
0.9716601
0.977241
0.004540642
0.9762125
0.01004171
0.5175341
0.5187186
0.039983
0.5059669
0.5334347
0.4697009
0.5279699
0.5137551
0.9589722
0.9854947
0.9753985
0.4796717
0.4132962
0.9946072
0.02992812
0.9792884
0.01453397
0.01318916
0.4890268
0.00446428
0.4462166
0.541089
0.9837243
0.9943394
0.5225832
0.5336484
0.4896278
0.9821218
0.9736453
0.4663614
0.0355561
0.4616033
0.9918751
0.01054205
0.007532358
0.4372087
0.4259318
0.5254618
0.5893208
0.5172699
0.507945
0.9895322
0.4745951
0.4746385
0.9855915
0.9938267
0.004169661
0.4831604
0.921499
0.9987318
0.0220651
0.5130645
0.01909155
0.5596619
0.06015349
0.5442544
0.5314627
0.4818689
0.5089954
0.9435065
0.9377128
0.5488582
0.9885245
0.01097626
0.4962664
0.489917
0.9890767
0.4874177
0.5110272
0.0092243
0.5203433
0.01944473
0.01660223
0.01493968
0.4709434
0.5393683
0.9507178
0.9935654
0.9906748
0.02297214
0.06919059
0.9845411
0.511021
0.9845339
0.5290457
0.008984072
0.4848086
0.997898
0.9959352
0.9657486
0.9813183
0.00157011
0.9936702
0.9521698
0.0162898
0.9612114
0.5235877
0.9926075
0.03120617
0.5064969
0.007791865
0.96895
0.9380749
0.5179784
0.5341755
0.5059078
0.4996975
0.9394226
0.9749183
0.001345041
0.03621287
0.9551713
0.4712237
0.009933317
0.02619305
0.9660008
0.459621
0.5291116
0.02837165
0.01976573
0.03211196
0.4553504
0.01401912
0.9880786
0.9897801
0.002831808
0.9852088
0.9694368
0.5380157
0.5239645
0.9786623
0.02836682
0.02671628
0.9594868
0.01302016
0.002037135
0.04622491
0.9958031
0.01965533
0.4800017
0.006333017
0.9868516
0.4971029
0.03738842
0.9502213
0.508816
0.9490124
0.5012413
0.0134074
0.02416932
0.5179614
0.982213
0.5171844
0.9736962
0.009853277
0.005532226
0.04209481
0.001133258
0.03772927
0.03282985
0.03496164
0.5232243
0.02298867
0.00639928
0.4409099
0.04184718
0.03030163
0.03605832
0.9740245
0.4900563
0.9418182
0.004309747
0.04119852
0.9298851
0.03763902
0.002936506
0.4825005
0.9793722
0.04497378
0.4828254
0.9589923
0.520946
0.9474088
0.9934241
0.4842296
0.9790823
0.9965578
0.00960576
0.01814154
0.9868105
0.4697291
0.5192125
0.03709644
0.02818135
0.5274936
0.02493994
0.05609662
0.04546568
0.525266
0.4809235
0.002929615
0.01464199
0.01655948
0.03135582
0.5443497
0.9902963
0.4906321
0.01618005
0.9479492
0.4925094
0.5088512
0.01959797
0.9745953
0.9769736
0.02120035
0.96876
0.4484574
0.005999861
0.01553003
0.02670064
0.9821423
0.5280502
0.02363644
0.006394266
0.01938041
0.4984667
0.9791417
0.007663215
0.9653194
0.01429669
0.9764706
0.9885415
0.5586334
0.9840123
0.4914962
0.9679528
0.01256513
0.9711059
0.04123839
0.4790013
0.9323435
0.9768323
0.99563
0.0274289
0.4776467
0.4645013
0.02070753
0.4998301
0.999897
0.9977228
0.9861793
0.004618057
0.9422212
0.4673019
0.538734
0.05097033
0.987185
0.02298129
0.02095793
0.5001874
0.989488
0.9535715
0.4538269
0.4951305
0.05191906
0.4911257
0.4955781
0.5264693
0.4779272
0.9856232
0.04341907
0.02673522
0.4396653
0.9915335
0.4856862
0.02037274
0.00463672
0.5486475
0.9675094
0.5412763
0.9645979
0.03298468
0.9938416
0.03531055
0.9974699
0.9714251
0.5244603
0.549179
0.9814618
0.02332005
0.4844749
0.08342602
0.9899323
0.01331063
0.9730374
0.0278332
0.4948311
0.5047058
6.42195e-05
0.9899231
0.5029055
0.001797926
0.9669497
0.9862817
0.966788
0.03020169
0.4286388
0.9745214
0.9688629
0.02788217
0.03337245
0.009120001
0.9595723
0.5145712
0.4977881
0.9749561
0.961712
0.9647018
0.02328813
0.9854712
0.03730997
0.9761871
0.5411146
0.9610423
0.9760221
0.4671616
0.4947213
0.9784017
0.008058841
0.9935905
0.05639277
0.9480584
0.4779422
0.5501079
0.9750822
0.4936718
0.9950639
0.01290313
0.5100538
0.00203964
0.5356972
0.9663396
0.03955848
0.9981273
0.9804671
0.0579712
0.008254051
0.4602129
0.02159098
0.9583629
0.9560513
0.001815816
0.984711
0.9570502
0.05925808
0.01807473
0.9836136
0.008242043
0.02278158
0.9401434
0.9701329
0.9914494
0.5001197
0.968408
0.5211108
0.02725389
0.498126
0.01216237
0.9917262
0.4971471
0.02337871
0.4665109
0.5489538
0.513205
0.04124931
0.0353692
0.4726637
0.5439572
0.01118527
0.9782999
0.5217855
0.9722401
0.5532055
0.5466967
0.01552217
0.569865
0.03800575
0.9850552
0.006823766
0.02414471
0.9845162
0.01966149
0.9931885
0.5201379
0.00399983
0.01732769
0.4955193
0.9806413
0.5552646
0.01991279
0.9961342
0.9945777
0.05501203
0.9897523
0.5079484
0.5739565
0.4559947
0.9615852
0.4873822
0.05865897
0.5219673
0.5130746
0.9910666
0.003686319
0.977446
0.9852948
0.9809678
0.06136997
0.0003111465
0.9603873
0.5176215
0.981551
0.03623061
0.02305642
0.5140913
0.4996181
0.4961798
0.004895003
0.05518058
0.5530115
0.9912294
0.9838581
0.5242586
0.02133935
0.5040043
0.03472099
0.5070967
0.9956514
0.00994768
0.0097358
0.9875976
0.9603946
0.9726613
0.9955022
0.4754621
0.03058667
0.9837926
0.9565586
0.4556732
0.05259362
0.5411886
0.03539199
0.9936366
0.9652496
0.9469715
0.471421
0.0385124
0.03451772
0.5487445
0.4438318
0.938444
0.9274739
0.4873426
0.5410949
0.4358733
0.9948524
0.5113406
0.9839604
0.04998678
0.01550518
0.5224224
0.0196145
0.01135322
0.4880855
0.0813154
0.97361
0.004353291
0.5065984
0.05780717
0.992929
0.5424771
0.03671635
0.495762
0.4875543
0.5162837
0.01263275
0.4945088
0.984949
0.002211108
0.9555398
0.06164142
0.002475535
0.103049
0.04466372
0.01737686
0.01440759
0.03819662
0.02961789
0.0129525
0.008545095
0.05404539
0.01557607
0.03724256
0.04415116
0.01818148
0.02154208
0.05160434
0.01511822
0.02345909
0.01159195
0.00932459
0.04800578
0.01558743
0.007165323
0.0086261
0.007639821
0.05442464
0.03070776
0.008988722
0.02893705
0.01534044
0.05371715
0.01279597
0.001034128
0.008712559
0.03143934
0.0350294
0.01469986
0.02172285
0.001127338
0.004447469
0.03152134
0.01334761
0.02089454
0.01802893
0.02729099
0.007302379
0.05760938
0.0123032
0.06281091
0.009757288
0.01928688
0.04032815
0.006197702
0.0431794
0.05428371
0.01207085
0.000169518
0.02285187
0.01956081
0.03983289
0.03244001
0.02246728
0.002454232
0.01032514
0.01435762
0.001379909
0.02211461
0.004916899
0.004781115
0.009622529
0.00666134
0.02604676
0.01192994
0.06809616
0.04310732
0.04905042
0.03540017
0.01628146
0.02637926
0.02522731
0.02074032
0.008259964
0.008360761
0.04882806
0.03475697
0.002058925
0.01583871
0.006613747
0.04555826
0.0214849
0.02376888
0.01599325
0.02612745
0.01329046
0.005824602
0.03362188
0.02946563
0.01604781
0.07032384
0.009060076
0.01319918
0.006801847
0.05312858
0.01336132
0.04623512
0.03304178
0.0186327
0.01616686
0.02658161
0.04961502
0.02446254
0.02507778
0.0328311
0.01969854
0.01946938
0.01275307
0.02097475
0.01825597
0.01242383
0.02982514
0.03643337
0.00195064
0.03920389
0.01449646
0.02620526
0.009537847
0.01758413
0.04407834
0.03848927
0.08680061
0.02928055
0.005742678
0.01948528
0.00872277
0.03708579
0.02593022
0.01973061
0.06177775
0.04148766
0.001316369
0.009461022
0.02403979
0.01363406
0.03835366
0.01885837
0.0009361135
0.02086114
0.04736241
0.01775979
0.01650034
0.006099233
0.01015993
0.002590141
0.002638268
0.02256353
0.03900661
0.03104777
0.02586168
0.0641766
0.02885585
0.01816361
0.01548141
0.0006472158
0.0412595
0.0499484
0.006621308
0.01985958
0.03824885
0.01604156
0.007812382
0.0465734
0.02862397
0.0146576
0.05105347
0.004158641
0.03022926
0.009204193
0.037018
0.007773655
0.03098376
0.0313822
0.05240241
0.04285609
0.01381321
0.05333523
0.0266132
0.02895453
0.02891058
0.06984063
0.01395422
0.01696799
0.02683559
0.04128153
0.01809677
0.01880377
0.00496567
0.0151979
0.03663391
0.0417022
0.04839047
0.007003958
0.006069751
0.06039097
0.02333026
0.05547126
0.05303876
0.0171656
0.008871365
0.02908078
0.03632202
0.02849952
0.01451151
0.04261686
0.0092382
0.01593881
0.05128704
0.01759211
0.02848379
0.01445418
0.002350301
0.01201282
0.01373962
0.007982711
0.02742721
0.003972955
0.02424046
0.01369785
0.0143194
0.04197041
0.007410143
0.01300723
0.005387997
0.03124471
0.0334645
0.004216783
0.05479755
0.02067871
0.006263871
0.05642494
0.026001
0.00128812
0.05372198
0.003730109
0.004016861
0.02360585
0.04478169
0.009077242
0.01707789
0.03654733
0.004607081
0.071007
0.02475665
0.005602899
0.008887378
0.0109673
0.02400112
0.0008577876
0.0111028
0.04704933
0.007658788
0.006842516
0.03076002
0.02374917
0.02069165
0.01712328
0.002543268
0.01558108
0.02439592
0.00417565
0.02004702
0.03137172
0.03296448
0.02168026
0.01309398
0.01858452
0.03242487
0.02032169
0.0007551888
0.04826227
0.02915918
0.01393912
0.008953343
0.001699213
0.03232178
0.07024914
0.007443444
0.03034529
0.0164818
0.008823913
0.02105609
0.0206011
0.01229974
0.02920452
0.009110771
0.02309991
0.01115512
0.00619134
0.006628222
0.01181009
0.001528942
0.007390078
0.03802253
0.01649078
0.07559455
0.002255132
0.003921758
0.009637399
0.04424143
0.01406401
0.008247137
0.02393691
0.07488623
0.04867084
0.02290717
0.004089487
0.04675145
0.03640617
0.03043351
0.00436821
0.03388166
0.0060265
0.04156999
0.0295697
0.04714345
0.0402442
0.002287674
0.01359207
0.008357315
0.005530361
0.04159171
0.001739433
0.08724526
0.01587384
0.01861543
0.001750027
0.05416581
0.01524199
0.0306173
0.0548499
0.04195275
0.0257583
0.07808951
0.0498928
0.04903576
0.06900045
0.01387396
0.01894551
0.03726924
0.06575276
0.01575576
0.001998951
0.03117513
0.01904413
0.03383937
0.03301281
0.04139029
0.0365889
0.02856457
0.004808112
0.004842528
0.01184534
0.0009067102
0.007406231
0.02357999
0.01866067
0.02896125
0.0378954
0.01666635
0.02132206
0.03369699
0.002494618
0.02570734
0.01077142
0.03001928
0.05299283
0.06163213
0.0006216425
0.02286695
0.0005514481
0.009326401
0.02299987
0.03961643
0.01182972
0.01107604
0.04696222
0.01840037
0.004288028
0.02630591
0.00654199
0.00110762
0.02059285
0.03299156
0.008404321
0.03177798
0.02283832
0.009515474
0.03034457
0.02268085
0.002498156
0.0007091318
0.01591547
0.02581749
0.004904925
0.009234441
0.02192741
0.0342022
0.06282516
0.05254316
0.006029004
0.04378641
0.0425874
0.003848596
0.06124186
0.04629199
0.02936711
0.002376385
0.009093737
0.03080278
0.0244679
0.009937959
0.03893641
0.001406315
0.03844687
0.001731967
0.02373964
0.0002813572
0.02319206
0.03188374
0.0337376
0.004642657
0.06098381
0.02711233
0.01510095
0.009885261
9.203707e-05
0.03808442
0.004681518
0.04259753
0.1007055
0.002756175
0.03065445
0.02969294
0.02727995
0.009611902
0.01128606
0.03160279
0.02276308
0.007138792
0.04492875
0.01548116
0.01592926
0.02082972
0.04418177
0.01490242
0.003018471
0.02501773
0.01762198
0.0001524425
0.02440829
0.04084906
0.05543365
0.03965888
0.02949245
0.004259895
0.06661825
0.04079691
0.03348368
0.01292968
0.02217439
0.04016275
0.0008372382
0.01439617
0.0247879
0.02763015
0.002764835
0.04803509
0.04156231
0.02647285
0.05183672
0.01641966
0.06529582
0.02895943
0.02352057
0.0292461
0.004061893
0.01894889
0.07396819
0.02688331
0.03004923
0.03240499
0.01922553
0.02060083
0.02017066
0.0005502746
0.02699378
0.03437095
0.004232926
0.002614275
0.01772494
