0.4099602
0.6208582
0.5980486
0.4052081
0.008100961
0.009319864
0.5938632
0.412682
0.4433199
0.006393823
0.05846384
0.03417348
0.02006857
0.3851104
0.4065765
0.3806885
0.6234719
0.6167198
0.3802039
0.5461609
0.6077589
0.0163923
0.5922726
0.6124994
0.3629434
0.03254491
0.4062286
0.6067092
0.9792985
0.5988302
0.481073
0.00451663
0.5760027
0.6012725
0.9957193
0.982968
0.3649055
0.3452823
0.9592434
0.01309225
0.3807405
0.6313764
0.4031272
0.9880353
0.03315527
0.3799436
0.6587323
0.3553196
0.01866626
0.005402244
0.008950826
0.9756157
0.002343255
0.03574222
0.3569453
0.3594998
0.011477
0.5875095
0.9929864
0.06599905
0.9841474
0.00626821
0.9942994
0.9818949
0.4061863
0.4418648
0.4327924
0.5885642
0.6083714
0.5890695
0.03517916
0.5758662
0.5903256
0.4176238
0.4271399
0.544844
0.9531734
0.5956085
0.6156858
0.3963844
0.3703127
0.9606915
0.9814246
0.9941098
0.9746598
0.9511635
0.596507
0.9848409
0.9850523
0.420128
0.994088
0.3751196
0.4414984
0.3937056
0.04734983
0.4158719
0.9768161
0.003897575
0.3911215
0.9934089
0.02657419
0.6365653
0.4043879
0.5957986
0.6006978
0.4088012
0.0123398
0.02691147
0.9973026
0.03651009
0.006846858
0.5568439
0.5846487
0.009574522
0.3734278
0.9904705
0.02769014
0.3777851
0.9584364
0.6631192
0.5995487
0.3993997
0.5867351
0.9544442
0.619176
0.004058787
0.5676303
0.9789239
0.4255158
0.6033507
0.4318834
0.4430382
0.4399194
0.006698719
0.560823
0.5946597
0.004496274
0.9872084
0.6679597
0.0474825
0.9859502
0.5881514
0.02494115
0.01742822
0.4504528
0.9833628
0.4337085
0.3973336
0.5821819
0.9944067
0.6008574
0.03181397
0.9641713
0.9581253
0.9631379
0.9831182
0.5869408
0.9818217
0.4136633
0.6012634
0.005217359
0.008926297
0.3896742
0.9722312
0.4664972
0.9633195
0.5624545
0.3530583
0.03014708
0.5574271
0.03986111
0.007214784
0.5977006
0.9844663
0.5909055
0.4332802
0.008159251
0.9649704
0.3764859
0.6437695
0.5936195
0.3886669
0.5690094
0.05707728
0.9929223
0.9787552
0.9712112
0.9753188
0.9377278
0.9095426
0.02220419
0.03834058
0.03444022
0.9872029
0.6631772
0.0214912
0.9889526
0.9908059
0.9658769
0.9564045
0.5820249
0.00193558
0.01528542
0.03469932
0.00741507
0.6438533
0.04809866
0.5853964
0.01058452
0.4045234
0.9920271
0.4252939
0.9450497
0.4715038
0.9678211
0.3790002
0.5642307
0.9997466
0.9311638
0.9954845
0.6187085
0.5943348
0.5760706
0.5609657
0.003725993
0.9775426
0.588064
0.5646879
0.9914934
0.000512614
0.6299117
0.6380435
0.3642362
0.5947401
0.9834
0.3738416
0.5738957
0.99677
0.06571151
0.03720712
0.01286172
0.009638888
0.00524551
0.02210776
0.645838
0.6326944
0.6223882
0.004784322
0.02068165
0.378845
0.01218439
0.9727954
0.5942032
0.5785278
0.4123375
0.4165138
0.9832446
0.5303847
0.4399722
0.5843966
0.3813077
0.3816885
0.9836823
0.4216549
0.4079593
0.3934966
0.5279805
0.6212141
0.03812329
0.9354057
0.005329469
0.5995984
0.01568704
0.009145817
0.3904292
0.01591105
0.5754389
0.4208175
0.4732898
0.01448868
0.002772113
0.9966534
0.412019
0.6515311
0.01823877
0.608887
0.9799106
0.9464084
0.9493962
0.5708245
0.05596853
0.3983297
0.6665059
0.4285505
0.562126
0.9666384
0.587927
0.6289157
0.023353
0.3847485
0.3744181
0.9642724
0.01099445
0.005501996
0.6233391
0.4358248
0.002421149
0.4183322
0.3583657
0.006758709
0.4330443
0.5772273
0.3782928
0.4231004
0.9894757
0.609668
0.002062404
0.9949863
0.6168548
0.9792492
0.6322381
0.994601
0.3612095
0.9700487
0.01042093
0.01820494
0.6011775
0.4147399
0.007193905
0.6105381
0.5861808
0.6002064
0.9614851
0.556848
0.3922639
0.02940384
0.9940402
0.582663
0.02493347
0.01722194
0.4103286
0.9854434
0.04163078
0.5621987
0.4139328
0.05578435
0.9955317
0.4162483
0.4273059
0.5975702
0.9729121
0.9904845
0.578335
0.01154304
0.9944497
0.9927319
0.5679918
0.4086161
0.04736739
0.02557925
0.4011936
0.4341399
0.3738669
0.998082
0.6192985
0.9932298
0.4003968
0.0134692
0.9869769
0.5984359
0.04522617
0.9649968
0.3812393
0.3638921
0.9734011
0.435877
0.6229413
0.5995634
0.03602422
0.9299189
0.02351759
0.9789394
0.6111262
0.6380296
0.021709
0.4378614
0.04433547
0.9908796
0.3896084
0.04402336
0.9986337
0.02673092
0.3790549
0.3524151
0.4067661
0.4043705
0.392073
0.9903092
0.008223424
0.582262
0.5958181
0.9661143
0.5730318
0.9870067
0.01834529
0.03815656
0.3601684
0.004333371
0.03520632
0.435331
0.9770613
0.01360282
0.4224022
0.01417621
0.5827357
0.04089436
0.01455242
0.5473396
0.04461038
0.0145111
0.05707321
0.6186766
0.9942647
0.9958956
0.008405394
0.01280479
0.3384835
0.04298216
0.6214282
0.01724158
0.9803692
0.4101159
0.003855316
0.02817387
0.3684024
0.9571844
0.4614614
0.03223258
0.02148501
0.5713692
0.9920706
0.006357297
0.6226816
0.4110289
0.9883864
0.04127137
0.02520447
0.01057751
0.625894
0.002089098
0.5098234
0.4101624
0.9533187
0.3617011
0.9941606
0.9668312
0.02808122
0.04740451
0.976306
0.9258743
0.4212251
0.03142422
0.9934368
0.4116932
0.3852529
0.43136
0.01116941
0.002290752
0.933408
0.4423044
0.5753067
0.381268
0.3824898
0.6317945
0.3783921
0.5849826
0.4658769
0.006336962
0.5561935
0.4066366
0.445688
0.9664753
0.982205
0.981536
0.3919447
0.9865201
0.004124744
0.6101428
0.5850548
0.6226879
0.5821622
0.3359943
0.9623234
0.9917683
0.3830803
0.9986739
0.4300495
0.6009664
0.9989979
0.6005653
0.5978187
0.9406361
0.003740196
0.6175998
0.3966626
0.451079
0.622338
0.3891582
0.4074758
0.9885006
0.9824007
0.01370635
0.6199559
0.9815179
0.3996711
0.5871166
0.5952757
0.3507025
0.0409038
0.009770929
0.393014
0.07196635
0.03467553
0.9899505
0.0534887
0.04500223
0.4025531
0.9901557
0.4087299
0.9783055
0.9875423
0.4042455
0.4311076
0.03077289
0.02725321
0.03177287
0.6148988
0.001709722
0.6859358
0.4539927
0.9615822
0.6509346
0.5924457
0.4188114
0.568757
0.5513577
0.07548669
0.01786596
0.3826466
0.9666063
0.6064418
0.03839716
0.02031856
0.06280429
0.3910478
0.972643
0.4249906
0.4032004
0.02740772
0.3693488
0.3501759
0.9868573
0.4227448
0.4142793
0.9635626
0.02294888
0.6320077
0.02509615
0.9989084
0.01930998
0.971739
0.01926479
0.9394946
0.9862592
0.9345793
0.01718932
0.01345856
0.5851449
0.9869606
0.3727744
0.5885454
0.9908915
0.02600673
0.6106795
0.9880051
0.9936858
0.0262647
0.5401238
0.02230357
0.3907804
0.9623534
0.0402101
0.3527429
0.3907828
0.5731476
0.01886704
0.3370656
0.3430979
0.4234426
0.4249575
0.6118089
0.9692764
0.4169278
0.9996439
0.6238386
0.4145402
0.3572138
0.618936
0.6223815
0.9545611
0.6619468
0.58833
0.01483584
0.9918588
0.9901814
0.3923907
0.01014351
0.5860461
0.02026409
0.4282663
0.05278956
0.6083849
0.5900369
0.02983559
0.9495918
0.01257467
0.3698439
0.02568117
0.6219127
0.6469789
0.02370919
0.9795768
0.4287767
0.5741981
0.3598732
0.9794261
0.9510142
0.5501734
0.02638758
0.4688171
0.6466724
0.5879326
0.5892499
0.964071
0.9514167
0.4268954
0.9980134
0.3713395
0.9961541
0.009868699
0.007796361
0.9447697
0.6097308
0.9872906
0.4131056
0.9729459
0.9992236
0.9763546
0.4232308
0.02691246
0.963687
0.007855041
0.4032949
0.02667856
0.9444944
0.619176
0.9999415
0.3777494
0.342264
0.5626025
0.02443342
0.4309021
0.6081557
0.9778228
0.4030373
0.4095553
0.9918526
0.4111663
0.6340557
0.008350762
0.9748035
0.3981835
0.01330464
0.9849768
0.0004214489
0.01212634
0.9917902
0.03563302
0.3742486
0.9775486
0.6203251
0.9631716
0.6078897
0.6180646
0.5303107
0.6339467
0.0212302
0.4298512
0.5603204
0.6086008
0.05110376
0.04795821
0.9685994
0.5943718
0.006866636
0.9502393
0.5450644
0.5613432
0.005180262
0.6313758
0.5508966
0.9894571
0.418475
0.9858001
0.4001081
0.978228
0.5925689
0.9818313
0.993037
0.9742003
0.9374787
0.01948174
0.01567862
0.02030998
0.4250644
0.3609875
0.04310304
0.3644531
0.5669256
0.9857405
0.6224448
0.9742148
0.005744099
0.06150615
0.9985259
0.5911825
0.9576865
0.5549467
0.3727716
0.379777
0.9984419
0.4045703
0.570967
0.01131448
0.4380762
0.02378999
0.9924068
0.384606
0.007131453
0.6114793
0.6012738
0.9624056
0.9854721
0.07935564
0.02374441
0.4562564
0.6067207
0.6321
0.9934795
0.04674796
0.4025372
0.01541007
0.6073094
0.3524126
0.9963739
0.5686522
0.9972539
0.3934239
0.4021263
0.9741144
0.9525243
0.9769999
0.64435
0.9815436
0.9989136
0.4213451
0.6161067
0.5455436
0.6144
0.3995093
0.01297432
0.03986355
0.572807
0.0438313
0.9647111
0.9792106
0.4458345
0.6252994
0.6208431
0.3919693
0.6235164
0.360044
0.002963052
0.5776414
0.3936591
0.9866792
0.5899103
0.9620554
0.01120462
0.9765581
0.01895991
0.9467543
0.5815197
0.4412848
0.355726
0.9997256
0.003844544
0.998674
0.6243706
0.4337062
0.6386094
0.01845907
0.9715075
0.4080816
0.5598062
0.00894848
0.9865515
0.5708544
0.9529883
0.004658133
0.9522292
0.9974237
0.6134306
0.01525486
0.6149383
0.9692128
0.9835719
0.5709779
0.01401513
0.5944038
0.6260648
0.3455129
0.984567
0.5972224
0.3492877
0.003647868
0.4075994
0.4280023
0.03896601
0.0133878
0.4141733
0.02864794
0.4247608
0.03190856
0.4025211
0.9839564
0.002110004
0.9866518
0.9946247
0.5777215
0.9890378
0.9845076
0.5762633
0.6072587
0.3596481
0.001993067
0.5744506
0.9809991
0.02275059
0.5400104
0.3739173
0.9605745
0.005454068
0.972786
0.008336914
0.58506
0.385817
0.3755127
0.9540428
0.3465641
0.4344667
0.3746668
0.9969982
0.3816523
0.01208133
0.4087528
0.9522638
0.9615043
0.6348535
0.5290699
0.4106784
0.01856314
0.9512588
0.6039155
0.6472691
0.4267522
0.04730098
0.5946782
0.08612223
0.008826721
0.3784809
0.9699763
0.5963225
0.5998448
0.4222431
0.3998286
0.04948961
0.9745345
0.9816123
0.5482164
0.001700011
0.003677614
0.04823454
0.04146581
0.02237998
0.04354695
0.06246192
0.01989667
0.0135227
0.03651505
0.06472389
0.004915623
0.02382534
0.02817294
0.01744849
0.01183486
0.03116569
0.03658499
0.02745341
0.02494055
0.0112329
0.009647554
0.03341079
0.0006265935
0.002139743
0.001146742
0.01798421
0.007266618
0.04020218
0.02559709
0.008081785
0.003827819
0.01509147
0.05985565
0.01398414
0.01943766
0.0299307
0.01341969
0.06044815
0.04892917
0.03043364
0.03933181
0.01364338
0.02676857
0.0137141
0.0127996
0.03412443
0.001568605
0.006055483
0.01818475
0.04986144
0.01265419
0.02016569
0.02015
0.01177876
0.0005540853
0.0106831
0.02619043
0.03000073
0.01957538
0.01785405
0.07467862
0.05285252
0.007736456
0.03419866
0.03303655
0.04078332
0.03744088
0.06900476
0.02205206
0.06405476
0.03548889
0.01267829
0.005910275
0.01505854
0.02471193
0.06478553
0.01166958
0.04812377
0.03693988
0.01948535
0.04080629
0.01101843
0.02272115
0.009588011
0.0121746
0.04304972
0.02268609
0.005735256
0.03447498
0.0372954
0.019795
0.02896583
0.04468881
0.0442943
0.002642928
0.006457018
0.0209511
0.03840309
0.0350651
