0.1400794
0.4118283
0.578083
0.5950305
0.599554
0.98685
0.7931689
0.6220943
0.1785536
0.8182535
0.8547135
0.8161217
0.6204498
0.593863
0.9793468
0.961525
0.573265
0.007240563
0.3737216
0.9552324
0.154493
0.001531719
0.998979
0.4294312
0.4178147
0.9987532
0.8113984
0.9675785
0.01496559
0.1763948
0.3742523
0.01231827
0.7948817
0.991956
0.01000297
0.9946924
0.05900861
0.792706
0.3848653
0.1763872
0.551434
0.181807
0.774861
0.8314918
0.4048937
0.6251399
0.0163726
0.2020731
0.6106892
0.9787351
0.5991619
0.3711265
0.9590803
0.04489861
0.2038294
0.3808182
0.2549033
0.2555373
0.5857002
0.2475809
0.5777057
0.4291921
0.4236948
0.7597515
0.1818559
0.9949261
0.6249085
0.02774322
0.9598708
0.03177341
0.4278114
0.8510155
0.2198565
0.01587838
0.9419338
0.7956347
0.9989828
0.0338475
0.04229511
0.3953927
0.777565
0.807848
0.03857597
0.04913943
0.4151343
0.00584843
0.6270998
0.9926665
0.81348
0.588756
0.1269557
0.7987667
0.9940931
0.6032833
0.376452
0.2161449
0.4709729
0.832298
0.002713472
0.3915929
0.003575825
0.01737252
0.0004787575
0.02455284
0.005233047
0.01804873
0.01676366
0.006804946
0.01008112
0.01416503
0.03877523
0.008230166
0.02932451
0.04080891
0.06131616
0.03836957
0.008271303
0.06025048
0.05992138
0.01598273
0.02259957
0.04464576
0.05290197
0.01736691
0.03290334
0.01515901
0.07128703
0.006266641
0.04758143
0.01015325
0.01401582
0.00686304
0.01844715
0.040942
0.02812933
0.03789303
0.01158219
0.003999443
0.007342669
0.0159701
0.007164279
0.02813085
0.03946871
0.06325098
0.007105025
0.03566872
0.02684997
0.00903188
0.02898754
0.006997451
0.0008870015
0.03835651
0.02753947
0.02008676
0.01411335
0.04851481
0.004792096
0.01810152
0.02150605
0.01325268
0.02931957
0.03357805
0.003060141
0.04142235
0.01805568
0.01755845
0.0001374041
0.03127081
0.01768242
0.01783383
0.02251613
0.0615089
0.02340021
0.01870975
0.003938445
0.02895271
0.01570515
0.00718276
0.01283952
0.01521566
0.004783756
0.01003485
0.04824474
0.02996857
0.04261792
0.02727513
0.0309797
0.006038597
0.0441282
0.03025342
0.01841458
0.01619468
0.00398568
0.01012557
0.05877077
0.01553013
0.03859227
0.007668189
0.0344148
0.02826783
0.0231641
0.03177304
0.05414589
0.03803232
0.01182839
0.002182471
0.01397105
0.02368818
0.0213253
0.001101826
0.007870969
0.00658725
0.01395192
0.006520942
0.01034511
0.01234199
0.0306454
0.06951287
0.03207269
0.01304208
0.03034625
0.08489055
0.01231921
0.03273638
0.0009124081
0.01395188
0.06334096
0.02216974
0.0262562
0.03034155
0.01443859
0.003994642
0.01601372
0.03158057
0.0002264705
0.02588515
0.01554611
0.005109695
0.007149742
0.04104693
0.01027542
0.02145763
0.04345375
0.05125681
0.01482675
0.0002360626
0.07396162
0.03705734
0.01004551
0.02461391
0.01370936
0.01899584
0.03331777
0.009857132
0.00472069
0.02964274
0.003756031
0.04860211
0.03317159
0.01254308
0.04831283
0.0003621302
0.02853892
0.02125433
0.0240468
0.01589488
0.00971831
0.008102323
0.001788758
0.009247646
0.008241865
0.007302069
0.04846397
0.02875847
0.01219945
0.03815882
0.01787043
0.03025793
0.02563294
0.008699428
0.02201469
0.01422503
0.01330738
0.000779499
0.01663528
0.01723196
0.06086168
0.0036233
0.03323386
0.03355144
0.004389179
0.0105928
0.03987579
0.01632105
0.00233366
0.01377234
0.02933523
0.006997492
0.03895923
0.02512688
0.04060664
0.03751861
0.05660593
0.06374174
0.02016428
0.03986052
0.007105393
0.01230981
0.03794785
0.003797272
0.005168403
0.01425432
0.01342015
0.0284929
0.03171919
0.06986308
0.006228942
0.003320267
0.0287823
0.03792389
0.02305525
0.05664975
0.004019978
0.07606465
0.01497432
0.008290176
0.04006394
0.01341572
0.01216527
0.05174834
0.01894055
0.03407555
0.0003537773
0.008043696
0.04501782
0.03194407
0.02806901
0.05593976
0.01320407
0.002560403
0.02914201
0.002822456
0.03542069
0.03351546
0.04778953
0.04166214
0.02885893
0.01664549
0.04712511
0.02538104
0.003214164
0.009168728
0.0241922
0.001069112
0.01233946
0.01705812
0.01659078
0.04269459
0.01331148
0.03027806
0.03552596
0.04739238
0.02285064
0.03318693
0.02520112
0.009309734
0.005553106
0.05755745
0.0004047582
0.04586516
0.03399729
0.001956829
0.09292959
0.01421877
0.0009677729
0.002190283
0.02597152
0.04940684
0.00462049
0.01565715
0.01782655
0.03396691
0.01126612
0.024475
0.07335122
0.01333195
0.01693573
0.005223317
0.04800201
0.008609577
0.005121337
0.03628563
0.008781091
0.01742477
0.03319331
0.03286184
0.0009680862
0.01694205
0.003025919
0.007339733
0.01726735
0.02680563
0.01968678
0.01579604
0.02337402
0.0216964
0.04343988
0.01190601
0.04986994
0.005127999
0.01990644
0.01391449
0.05179125
0.0004412284
0.01609975
0.003011544
0.03872841
0.03408948
0.06737123
0.05031322
0.002992933
0.006112952
0.04196082
0.02540778
0.001436969
0.03145429
0.02484882
0.01913559
0.001023262
0.04935957
0.01078193
0.01002705
0.03741451
0.03280366
0.005891986
0.001220889
0.02113884
0.05683634
0.05289295
0.01774329
0.004616014
0.006617461
0.0168579
0.04178573
0.02744685
0.03125823
0.001979907
0.0197364
0.02462008
0.03645828
0.006560261
0.02604259
0.03274732
0.006602897
0.01963915
0.01952892
0.03154298
0.01225912
0.01015261
0.07492223
0.02782673
0.008857155
0.04604755
0.03857552
0.02488558
0.007551022
0.04390041
0.01531037
0.01937797
0.02232007
0.02455706
0.006394692
0.04372074
0.037483
0.01611918
0.03371003
0.04498037
0.007471545
0.04936361
0.02157155
0.01539928
0.0119873
0.02502634
0.01758015
0.04511314
0.02118892
0.006575958
0.01417266
0.02971684
0.001457524
0.009938118
0.009955734
0.0001151159
0.006962635
0.01592494
0.0293513
0.04745891
0.02875658
0.001691617
0.02686382
0.004320045
0.009691077
0.001112567
0.02519972
0.0243816
0.03960916
0.00151037
0.02548349
0.03843103
0.01202383
0.01845136
0.01511988
0.008808504
0.005038664
0.02718581
0.05772991
0.0304913
0.008276333
0.01636122
0.05196841
0.0008084153
0.005570339
0.02660265
0.01077894
0.06265444
0.03487589
0.004587146
0.03146448
0.005604025
0.01882575
0.0341896
0.01180419
0.04008343
0.03051489
0.009558513
0.02853019
0.03298781
0.02057004
0.0556881
0.06177914
0.05385543
0.04102721
0.001325629
0.0009362471
0.05332175
0.01094795
0.004660765
0.03713535
0.05089249
0.008665796
0.03048411
0.006744075
0.06201321
0.01216113
0.002920443
0.01249687
0.03301633
0.02496094
0.005253011
0.008123535
0.0002898881
0.001773561
0.001598072
0.03701499
0.04266475
0.0111351
0.02856453
0.01288773
0.008146792
0.01685658
0.01791623
0.02775727
0.01665656
0.01054274
0.02756893
0.02737297
0.01790403
0.01280956
0.014968
0.007013685
0.09901046
0.02731672
0.0188343
0.02442892
0.02587654
0.007685279
0.001239264
0.01194861
0.0024115
0.05730064
0.02226462
0.002372999
0.02052394
0.04719814
0.003945208
0.0182781
0.05210531
0.01126569
0.009535613
0.06625621
0.02536797
0.01930931
0.02018834
0.0193551
0.002715677
0.02399245
0.007353183
0.05918347
0.03906732
0.02020031
0.02309749
0.01056705
0.008802063
0.03054616
0.01427524
0.005146131
0.01040781
0.05195241
0.0194268
0.0285444
0.003679143
0.04868268
0.01898047
0.03344852
0.02733326
0.01417718
0.000785472
3.007596e-05
0.02723419
0.05447302
0.01097411
0.01693272
0.01568828
0.01635014
0.01857524
0.04366282
0.02913632
0.03428877
0.03949329
0.02541781
0.03477232
0.02022565
0.04420802
0.05081816
0.01753171
0.04661207
0.02586717
0.02134464
0.012439
0.04166304
0.01987541
0.03942906
0.001329755
0.008831175
0.01421285
0.00394144
0.02609252
0.02595896
0.05409667
0.07826702
0.003871051
0.02002806
0.04878908
0.0415089
0.05239687
0.03002047
0.05458145
0.01257811
0.006171964
0.0022801
0.0004837186
0.0157873
0.01695561
0.03088032
0.00980566
0.01701512
0.0125288
0.04260387
0.02868063
0.03961406
0.02512959
0.007546387
0.009190404
0.02178367
0.03614053
0.02517843
0.01935718
0.02220456
0.006831407
0.02155284
0.00343462
0.01558661
0.008992409
0.01450892
0.04078717
0.04365895
0.03148717
0.06290302
0.005149356
0.0235048
0.003808612
0.01586044
0.02124744
0.01225987
0.007379652
0.03691216
0.08142091
0.002957196
0.02463996
0.003131052
0.04921878
0.0318034
0.0267732
0.02436754
0.04278844
0.01836892
0.02537722
0.01029098
0.02634199
0.02334089
0.02126971
0.02145943
0.04608191
0.01809483
0.01662358
0.02796742
0.00916516
0.001971462
0.01012118
0.01386934
0.03470618
0.05433905
0.07428807
0.003896889
0.03773533
0.0009765479
0.03540258
0.0202598
0.02336162
0.0148845
0.04513285
0.001768426
0.02725098
0.03337657
0.00719472
0.04504072
0.00100368
0.04997934
0.001074393
0.06695644
0.0337396
0.005866976
0.04996452
0.0135218
0.008441234
0.01275792
0.04118245
0.005299583
0.01909262
0.010822
0.03288809
0.0004448447
0.03266236
0.01988381
0.02261549
0.001321697
0.0344877
0.00673798
0.02934014
0.02086087
0.003776648
0.001587706
0.02635302
0.01593491
0.01237945
0.02545133
0.05219743
0.01926234
0.01953585
0.01032837
0.02700584
0.02361836
0.02404823
0.003854703
0.01976565
0.03234266
0.05161864
0.0229373
0.03495647
0.01195011
0.01750254
0.001063126
0.006598373
0.0006915367
0.04210746
0.02929778
0.007181836
0.03095623
0.02992517
0.07074461
0.03163926
0.007584912
0.03017919
0.01766591
0.01361275
0.02885563
0.008437811
0.04294067
0.003639772
0.02817227
0.04041412
0.02536521
0.03930512
0.01178702
0.007042819
0.009935444
0.004442864
0.009753652
0.004412459
0.02394279
0.006820126
0.01347887
0.02332131
0.01712685
0.01757604
0.004064076
0.009079145
0.0154116
0.008338344
0.02777607
0.04357198
0.06085032
0.05111508
0.02785281
0.01757846
0.01284435
0.01752644
0.02653077
0.008983435
0.02130777
0.01122646
0.00105952
0.01032393
5.772755e-05
0.02911237
0.003324552
0.00222669
0.009769455
0.01780292
0.005172366
0.007657473
0.007436514
0.028099
0.01095022
0.008077896
0.05377632
0.030567
0.001313407
0.01141467
0.03153822
0.0062151
0.006909946
0.008009445
0.02129399
0.0429164
0.03215166
0.01087207
0.04456677
0.06651754
0.08618339
0.01168569
0.02083602
0.01233671
0.01716113
0.01066367
0.03519786
0.01121358
0.02753229
0.01198321
0.02209517
0.0003640805
0.01598148
0.01219254
0.01641797
0.01525523
0.03632817
0.04049463
0.03616195
0.01672097
0.008440441
0.02141952
0.01498014
0.01279037
4.376854e-05
0.05501398
0.01017829
0.00880612
0.003407509
0.03365953
0.03962673
0.006078047
0.02341153
0.006652241
0.01804155
0.01795795
0.02857862
0.03005851
0.02110342
0.05184724
0.04881698
0.04585632
0.01003229
0.03063649
0.01205936
0.03320754
0.03558243
0.03123587
0.0365108
0.07278331
0.005815381
0.04511406
0.04982764
0.02032683
0.03317261
0.0536188
0.01019165
0.01030743
0.02692073
0.01683634
0.01610416
0.02387023
0.01139979
0.04165024
0.002510041
0.002268457
0.004277988
0.03475069
0.01064142
0.02719701
0.03082868
0.04754224
0.03033264
0.02840956
0.01925622
0.06662566
0.005272774
0.03241825
0.01428583
0.02028127
0.001161274
0.03549657
0.03783439
0.007508883
0.01832838
0.006231486
0.03238222
0.01211599
0.01523146
0.01474249
0.04151195
0.03046091
0.03983148
0.05291886
0.001710895
0.006115989
0.01861833
0.008871101
0.03557859
0.01263994
0.05786483
0.001101169
0.01355207
0.03943712
0.02031727
0.04050077
0.0353125
0.02934657
0.06170267
0.02299015
0.002147778
0.01635306
0.07791887
0.01430456
0.01486088
0.03578363
0.02330456
0.05168147
0.03839602
0.01789625
0.04707551
0.01718746
0.04560238
0.004775237
0.01787779
0.01199716
0.0615734
0.08885205
0.009026453
0.01833866
0.033598
