0.02174147
0.03662932
0.9937281
0.5172276
0.9781903
0.9917691
0.4947346
0.006220326
0.9910119
0.9687466
0.9964511
0.51558
0.9970329
0.5207396
0.02623897
0.5634948
0.9600313
0.5445657
0.0154004
0.01577135
0.03031456
0.0137879
0.4982879
0.04151604
0.01568019
0.4797773
0.9776619
0.5001131
0.5281344
0.955304
0.9812598
0.9927397
0.4540068
0.006642424
0.4764357
0.4799617
0.02409943
0.01063481
0.9813863
0.0299053
0.5150149
0.01512806
0.9740599
0.02232615
0.008613447
0.01958709
0.9859044
0.06045782
0.01671595
0.5110563
0.01578755
0.485441
0.4709947
0.5665514
0.4665656
0.07627097
0.01021132
0.926714
0.5005877
0.03474713
0.5143557
0.08782243
0.995246
0.03414062
0.5149904
0.4624752
0.02704017
0.5319972
0.9979963
0.001269932
0.9458783
0.5180651
0.5133889
0.004422361
0.9590502
0.02695803
0.936819
0.9938974
0.4968494
0.0006142621
0.996017
0.9552282
0.02326551
0.5009158
0.9544181
0.975026
0.9459925
0.5329531
0.976211
0.03024682
0.4989831
0.07524878
0.463208
0.5130129
0.9563969
0.5212579
0.01347785
0.0003468205
0.4697746
0.9999507
0.9984861
0.04421771
0.04565927
0.01184944
0.02625374
0.5335372
0.5036865
0.4786859
0.01838853
0.5829234
0.997922
0.9639294
0.06021634
0.5063797
0.998183
0.06710958
0.02370946
0.9594754
0.0200233
0.981963
0.9748316
0.963268
0.4919
0.9901069
0.02956018
0.5196776
0.9401731
9.15717e-05
0.06218942
0.03339852
0.5074557
0.433453
0.01271663
0.9995813
0.9655056
0.5407113
0.02786214
0.9993506
0.9350634
0.4694673
0.9797897
0.4601182
0.03722125
0.4867357
0.002721897
0.9729348
0.0270264
0.9985753
0.989958
0.9318034
0.01139734
0.4651226
0.9766285
0.5118287
0.5227243
0.5303222
0.4930651
0.472698
0.4456534
0.005725438
0.5245536
0.455441
0.005200782
0.9611224
0.9899792
0.0130833
0.9714579
0.9970954
0.9790025
0.9970856
0.458705
0.9772972
0.004605294
0.08263639
0.9572473
0.9790154
0.008296223
0.4943419
0.02414578
0.9757452
0.4974671
0.473329
0.5085647
0.0443282
0.4630048
0.4695658
0.4817516
0.990734
0.9554493
0.99644
0.0163238
0.06633417
0.0004627193
0.9842179
0.02560446
0.9982355
0.5173391
0.5643003
0.9908166
0.4918152
0.9879658
0.9847083
0.960968
0.511288
0.9721621
0.9917932
0.9590383
0.4906726
0.4516379
0.4989668
0.9849398
0.04881277
0.5303571
0.9560011
0.04039769
0.493235
0.9996997
0.9846576
0.5101405
0.4796095
0.0259688
0.9737409
0.01974813
0.4703427
0.9727114
0.9940882
0.9851588
0.5042717
0.4860979
0.9910636
0.0148341
0.4716557
0.5334772
0.4929357
0.511747
0.01302751
0.01871625
0.005817243
0.004509732
0.986148
0.9849607
0.964913
0.5009902
0.4596341
0.5356458
0.4738663
0.03251103
0.4839328
0.9341916
0.01158818
0.0002237021
0.4429529
0.9961466
0.9763448
0.533113
0.4671646
0.9990184
0.05475616
0.05911976
0.9818998
0.02825974
0.49956
0.9783661
0.5635189
0.9520915
0.9977446
0.9894339
0.4624622
0.004505201
0.9931186
0.9951764
0.470218
0.9930179
0.02010804
0.994938
0.0134078
0.0359041
0.4419072
0.05422437
0.9744791
0.5184356
0.4236492
0.5156634
0.5427372
0.0156567
0.5286868
0.004861579
0.02124751
0.975198
0.5605494
0.9834306
0.02789691
0.4750753
0.5089156
0.9958214
0.5060109
0.4486846
0.01007598
0.01355447
0.4475697
0.03861295
0.460581
0.9440778
0.5406929
0.01143857
0.522765
0.4937681
0.972539
0.5118765
0.05182933
0.9506662
0.01131997
0.5312361
0.4283295
0.0452695
0.04139995
0.5325675
0.0126053
0.9866545
0.9910927
0.997728
0.00332423
0.06880572
0.9973853
0.4762485
0.01488549
0.02166419
0.9792587
0.9591661
0.9924701
0.01080898
0.5029666
0.5186584
0.5318711
0.4852758
0.979584
0.03320215
0.003092872
0.9971963
0.03356174
0.06565028
0.03771952
0.978098
0.004251362
0.01867157
0.5024098
0.477643
0.9986141
0.01465753
0.008539634
0.9953019
0.9896971
0.9985095
0.5313314
0.9765658
0.9562621
0.02192764
0.9785808
0.001728712
0.00730012
0.02175852
0.4428405
0.4813397
0.009646249
0.03266591
0.9952509
0.4617664
0.9877502
0.9400632
0.00868303
0.008308435
0.00603638
0.9736169
0.0004751589
0.007219654
0.02050003
0.4413424
0.990261
0.5035629
0.5277335
0.9796336
0.9921424
0.5126148
0.4962428
0.4975111
0.9824949
0.0147454
0.5678194
0.4926392
0.4773019
0.03149676
0.9773519
0.9445343
0.9936747
0.008261207
0.5153935
0.01836544
0.02628168
0.02365108
0.51499
0.02087773
0.9468582
0.4609917
0.4978027
0.03306193
0.5449462
0.007172872
0.9992238
0.998952
0.9490091
0.03554844
0.01955362
0.4793582
0.5228057
0.9846118
0.9833106
0.9601214
0.5254318
0.009345301
0.4991594
0.02030006
0.002576622
0.5258343
0.9855475
0.4798492
0.4336557
0.008989736
0.9313289
0.05969005
0.9817303
0.004205996
0.5210029
0.9746486
0.5163195
0.9652202
0.03248055
0.04360713
0.9994725
0.9993822
0.5130043
0.003754698
0.9318843
0.9959603
0.0354122
0.9955694
0.9765947
0.4806564
0.4761951
0.4688366
0.9986942
0.5187289
0.0002252187
0.006690873
0.4906293
0.008852015
0.007714756
0.0008143577
0.5023158
0.0451324
0.9881132
0.9747126
0.9842498
0.5168491
0.008910674
0.4993354
0.01438574
0.9757215
0.5325731
0.02454716
0.9714484
0.02773831
0.5519823
0.0154894
0.04987731
0.9884841
0.9916038
0.06912968
0.02824292
0.06187422
0.9559325
0.01563949
0.9404503
0.9581275
0.5176878
0.9739623
0.9860598
0.5028644
0.9950548
0.01173934
0.02128105
0.02816484
0.02525376
0.9889923
0.9872228
0.926532
0.5021333
0.9608292
0.01686215
0.9960772
0.9819692
0.03281768
0.975641
0.9710675
0.008610288
0.02196708
0.4887
0.4683526
0.9398571
0.9603893
0.004292364
0.03451167
0.4796108
0.4772633
0.0133108
0.9975014
0.007432984
0.9995716
0.01522942
0.5064125
0.9400959
0.9982321
0.003834804
0.4888185
0.03875096
0.9472693
0.9715931
0.9799807
0.4920219
0.9726357
0.5465524
0.4537002
0.9442897
0.4997167
0.9995818
0.006420664
0.9292739
0.4650207
0.01038261
0.4771287
0.480931
0.9501123
0.001316571
0.5362221
0.02160018
0.5420347
0.4700173
0.0138628
0.9806684
0.9976374
0.977074
0.9961226
0.4909687
0.4738435
0.9886099
0.985973
0.5331309
0.5294083
0.008354698
0.5030495
0.5216071
0.4877206
0.546028
0.02733795
0.05212729
0.4554953
0.9866464
0.02992855
0.4555171
0.004744748
0.5051192
0.01552141
0.03240751
0.9939153
0.03644874
0.5188885
0.4908949
0.9910581
0.4476637
0.4961333
0.4969506
0.4553386
0.04023873
0.5026158
0.9964781
0.9754763
0.07752643
0.03821125
0.9561314
0.01212768
0.01759723
0.04158609
0.003846154
0.4980451
0.9394268
0.5600611
0.4696418
0.5603158
0.9991343
0.03105885
0.489175
0.00439373
0.9946764
0.9871913
0.9833775
0.9811353
0.5213539
0.9702534
0.0005423654
0.4628969
0.9775034
0.5300838
0.959794
0.0520723
0.501798
0.003470328
0.02573587
0.5046237
0.9695475
0.5033353
0.02439348
0.978642
0.491088
0.9821867
0.4854952
0.5106209
0.03834646
0.5074161
0.5207015
0.004913227
0.5118264
0.9553615
0.008167422
0.4616981
0.5041989
0.4552168
0.986253
0.945792
0.01778828
0.9562546
0.9994272
0.5215918
0.976996
0.5027533
0.4825271
0.01004174
0.5243531
0.5068462
0.5501106
0.5320643
0.9873718
0.4854418
0.01952386
0.4750457
0.4540585
0.9918717
0.9837449
0.4759218
0.5390136
0.02864473
0.5173914
0.4964417
0.4872502
0.5820051
0.9790425
0.005286532
0.9407942
0.03718909
0.02136486
0.05421377
0.9993244
0.003310706
0.4615321
0.9407104
0.4792471
0.4842449
0.01781752
0.9737843
0.03036015
0.06049316
0.9492303
0.5064436
0.9981977
0.0242144
0.9795827
0.9875728
0.9739542
0.001535795
0.01395681
0.01954958
0.5382507
0.9996164
0.5435089
0.5208132
0.9410537
0.9853779
0.03033024
0.5050152
0.4703089
0.02780968
0.9862598
0.9646965
0.4944171
0.01070846
0.9421758
0.4672336
0.5342978
0.04607361
0.5064403
0.02395015
0.9962423
0.9706789
0.9534766
0.02426036
0.9967054
0.02898722
0.4752339
0.9928924
0.4958518
0.9883343
0.02640703
0.9714629
0.4838404
0.002919788
0.03207748
0.4977152
0.02433164
0.02736396
0.9863781
0.9933215
0.03100126
0.01158546
0.9744195
0.9875201
0.9728129
0.947665
0.005402955
0.5022452
0.01842312
0.9828304
0.9907694
0.02032471
0.9650296
0.9513835
0.4997597
0.01863561
0.02241051
0.05342329
0.9781812
0.5044067
0.9300939
0.968381
0.4903258
0.06005268
0.9785834
0.4693385
0.01546993
0.0446834
0.4951428
0.02362067
0.0246669
0.9780485
0.4697778
0.9447952
0.01377661
0.01904418
0.005109561
0.9653705
0.4582798
0.9549457
0.4641287
0.0149175
0.4913341
0.5181668
0.9594801
0.02417344
0.5107766
0.01513103
0.4811494
0.5116222
0.4824534
0.04387652
0.002790264
0.4514679
0.9925337
0.9983715
0.01943078
0.07075997
0.9996625
0.4696023
0.4949115
0.4764452
0.5525391
0.9468094
0.4994042
0.9802371
0.4965018
0.009744604
0.01505205
0.9282948
0.01485831
0.0846194
0.5224833
0.9981931
0.9636277
0.009355536
0.4927409
0.9708101
0.02658589
0.4883288
0.9618937
0.01375812
0.4746985
0.02417282
0.4964219
0.04540282
0.5095993
0.50986
0.002021483
0.9910632
0.03310792
0.004637907
0.9494373
0.9992236
0.004477278
0.5261469
0.9876785
0.01093318
0.03660794
0.5138036
0.9252525
0.4702535
0.491059
0.4954123
0.9933573
0.5173726
0.02281187
0.02622312
0.5030077
0.0138972
0.9922479
0.4773694
0.5119717
0.4949985
0.01724538
0.5450761
0.056774
0.03152918
0.4847983
0.9828342
0.5126729
0.9757881
0.006845983
0.4838325
0.02075382
0.4848013
0.02516827
0.03367651
0.01213029
0.4853358
0.9578542
0.9735815
0.9950098
0.5029973
0.9521593
0.950695
0.5082767
0.9633847
0.9770374
0.9997874
0.01385023
0.9133242
0.5252925
0.9793615
0.4846225
0.4677572
0.01197095
0.5593937
0.9898453
0.08840426
0.03162836
0.483955
0.0037986
0.4960947
0.02570751
0.9869947
0.9804856
0.48476
0.9764067
0.954305
0.004079162
0.03164895
0.03282698
0.004267814
0.9530267
0.9657172
0.4641082
0.02397604
0.4824079
0.9886028
0.5442492
0.4852836
0.02593276
0.02914997
0.03522343
0.002122833
0.9259274
0.07279249
0.5231529
0.9937219
0.513837
0.4786946
0.04686541
0.02691239
0.0003257261
0.04816141
0.433409
0.01734093
0.03091784
0.9965524
0.9896872
0.5220373
0.006145616
0.02270741
0.9513835
0.08756032
0.999427
0.4506859
0.9830572
0.4665032
0.005014461
0.9826385
0.00185299
0.01971738
0.04313887
0.5423411
0.5429088
0.04765445
0.01224887
0.9562116
0.9818086
0.5281253
0.4705657
0.9471484
0.9771397
0.9735837
0.526323
0.523777
0.5088836
0.9896284
0.4705887
0.9502567
0.4874019
0.01271118
0.5206629
0.9662505
0.9632506
0.4868717
0.004885076
0.9602879
0.02891944
0.9882009
0.02613087
0.004121479
0.04377835
0.522454
0.4963373
0.5086793
0.001164794
0.4736248
0.06316688
0.04647373
0.01940259
0.9558662
0.01582368
0.9938756
0.007782933
0.953471
0.9870335
0.9673081
0.9885233
0.0324616
0.9771259
0.5337745
0.98692
0.4914679
0.983756
0.4065322
0.9925504
0.996421
0.9715694
0.545238
0.9904715
0.04153484
0.07708248
0.0429106
0.9734895
0.01831316
0.4707977
0.02661783
0.9901319
