0.9889403
0.3971317
0.04567795
0.6311898
0.1784418
0.1630095
0.9761322
0.9691319
0.5964235
0.8121335
0.9949934
0.8133539
0.01637872
0.01507254
0.3837883
0.1619476
0.9967463
0.05003659
0.4150626
0.6388523
0.6031743
0.6116972
0.9761553
0.01927154
0.5705847
0.05630033
0.7745979
0.2207646
0.4007406
0.9461664
0.3566551
0.2224937
0.2152578
0.9788893
0.6865265
0.207212
0.1816421
0.4179116
0.02033623
0.9730706
0.9778209
0.5508308
0.9872789
0.7841061
0.5441915
0.373013
0.6727983
0.5863158
0.1675338
0.3665912
0.1706483
0.2022311
0.4324966
0.02343033
0.4011459
0.9955291
0.7722484
0.03042856
0.3924035
0.1995014
0.01611626
0.7608786
0.6736746
0.5897358
0.6104431
0.4255533
0.5602263
0.7227398
0.8287367
0.588734
0.5626835
0.4101286
0.04226024
0.4743961
0.2059911
0.9492987
0.9948417
0.9242401
0.4120728
0.3922028
0.2134306
0.3717934
0.992432
0.6079391
0.8137383
0.2082173
0.2054896
0.4125783
0.07376872
0.580307
0.02616162
0.02365414
0.9817521
0.1793902
0.1699377
0.839153
0.005905639
0.8163599
0.7608565
0.4046506
0.3985374
0.3771786
0.01945703
0.2003231
0.5799237
0.3956968
0.2103828
0.2211977
0.1923785
0.6365802
0.9994922
0.03180415
0.1697605
0.05473824
0.7958091
0.02639659
0.5782268
0.5869494
0.01682999
0.3942427
0.02937015
0.6006906
0.9701973
0.3528969
0.2594244
0.2147293
0.4236091
0.9599696
0.6029505
0.4480786
0.1778689
0.4281213
0.6184292
0.6115626
0.9737488
0.7879186
0.1847179
0.3521208
0.4419553
0.9782976
0.002462262
0.149572
0.2075601
0.9734798
0.828201
0.1543861
0.8070272
0.001974385
0.0252269
0.2330468
0.4061411
0.04556396
0.2122415
0.02482095
0.05063933
0.05442294
0.3960489
0.2134796
0.2314292
0.7675909
0.9520442
0.9686167
0.785331
0.8262178
0.9891551
0.4658333
0.1483052
0.6437352
0.4177636
0.4208331
0.03896101
0.3450595
0.8110265
0.3688683
0.6006098
0.9775645
0.5889303
0.2061133
0.7973987
0.003459534
0.8190805
0.9817049
0.422666
0.2041039
0.8480673
0.435301
0.4181774
0.8207602
0.6180015
0.1934148
0.9927567
0.0239188
0.5517142
0.00824894
0.4649858
0.5992918
0.9912484
0.9955284
0.792805
0.9788473
0.6165272
0.7907901
0.9890663
0.1346131
0.3733231
0.7700462
0.9742186
0.7542056
0.4022658
0.6119947
0.9594141
0.5567229
0.5718211
0.003527388
0.9992518
0.8039938
0.9949822
0.3917855
0.008514922
0.4574941
0.9966374
0.635242
0.7779287
0.4418262
0.9874022
0.03354472
0.01905862
0.1955347
0.9868215
0.1547567
0.2142947
0.7933324
0.9806612
0.9871878
0.4023222
0.3835217
0.5978592
0.7723343
0.007907714
0.4103316
0.7660681
0.376896
0.7770516
0.5617899
0.5778213
0.9934662
0.6060963
0.8000483
0.7556851
0.8051215
0.5987603
0.7994356
0.1655209
0.574013
0.9452915
0.2270525
0.8496523
0.9638391
0.4104787
0.04657313
0.40879
0.2031378
0.1617952
0.2122031
0.9733949
0.01517299
0.8031267
0.04023737
0.1927398
0.9754201
0.7839875
0.04141967
0.9942096
0.6290165
0.5396206
0.9730217
0.3673843
0.01047984
0.1755393
0.3918423
0.05110569
0.7539151
0.03051151
0.6250542
0.403036
0.005431614
0.4223286
0.2111489
0.1551195
0.9783178
0.6416578
0.6229872
0.8381838
0.1684173
0.00440692
0.4337395
0.04097612
0.04226919
0.9670282
0.7782449
0.559819
0.8012265
0.9995179
0.08214233
0.9985118
0.41094
0.3648932
0.02129869
0.6096738
0.001861556
0.9807283
0.5967164
0.3767681
0.6450716
0.9882986
0.9226862
0.8030795
0.4140686
0.9917159
0.5929935
0.01617287
0.6017934
0.3809239
0.2273001
0.8452761
0.07301255
0.8221539
0.9953906
0.9849023
0.7749542
0.9592652
0.9773732
0.2065951
0.573072
0.815228
0.3968135
0.3774821
0.4368312
0.7448034
0.1892336
0.6206477
0.01110885
0.04154775
0.4488562
0.5980031
0.1885902
0.3407578
0.5711953
0.8213952
0.8032338
0.7731391
0.9876792
0.5957278
0.4272731
0.03720161
0.8210877
0.7765981
0.3734399
0.4108148
0.1836534
0.6300777
0.5795105
4.596435e-05
0.1401814
0.7580145
0.2525362
0.8209983
0.1515695
0.004123263
0.6211702
0.04278713
0.9896783
0.6181006
0.8416609
0.3666934
0.05092084
0.6163562
0.5881189
0.6367234
0.8002861
0.6355643
0.1791943
0.2174982
0.4225142
0.5690284
0.7935471
0.3960851
0.9796921
0.8492248
0.9859017
0.809095
0.7880792
0.9891078
0.01267504
0.9689901
0.02959074
0.4416359
0.7928704
0.96557
0.4118337
0.1680915
0.9857599
0.5919089
0.06123707
0.9443427
0.3940313
0.003607738
0.4277166
0.442904
0.21679
0.01459959
0.4527237
0.001063464
0.9853649
0.5931074
0.7772272
0.7974164
0.8298292
0.06344574
0.2733019
0.9811717
0.4193846
0.1742818
0.9961084
0.8058735
0.4242153
0.7830541
0.8133901
0.5989633
0.992117
0.3999937
0.7957467
0.1997506
0.6057619
0.239893
0.3774207
0.9747085
0.7515882
0.2334327
0.9953705
0.2292704
0.00899674
0.1802425
0.1692716
0.02542263
0.1827833
0.01142667
0.5904014
0.9800673
0.9884727
0.8053379
0.2100664
0.5384222
0.06615486
0.03987015
0.005981117
0.9870647
0.002914874
0.4237406
0.2133465
0.6430498
0.6228026
0.8037422
0.9383373
0.1743297
0.5656652
0.6074583
0.003049976
0.1839691
0.5992984
0.1777643
0.3872533
0.9981787
0.002298199
0.2024801
0.009219026
0.8375356
0.9982319
0.8013594
0.7487408
0.9363293
0.03549342
0.1934019
0.5898047
0.7860409
0.8274769
0.004328383
0.5761452
0.7945184
0.03358768
0.2085996
0.7675912
0.1902363
0.5760369
0.8149872
0.0303521
0.01068895
0.9748605
0.01063289
0.6267509
0.02441215
0.03469307
0.9946042
0.494293
0.4549325
0.007043908
0.477464
0.02521276
0.478953
0.002369602
0.974648
0.01223023
0.005950199
0.04057738
0.006252224
0.9797279
0.01141382
0.002849546
0.9524623
0.03509955
0.4752698
0.0152958
0.02380913
0.009392252
0.4955295
0.9752004
0.9455632
0.4729804
0.02968615
0.980334
0.5065495
0.03407427
0.9524405
0.006430096
0.001209461
0.5880033
0.5273644
0.9946528
0.9636026
0.9915535
0.9767111
0.002457394
0.9723113
0.9409727
0.02690575
0.9466798
0.4710194
0.02006955
0.9948034
0.0517009
0.002435692
0.4848272
0.9811457
0.4844162
0.5023168
0.02993027
0.4754973
0.5223114
0.02444119
0.4886519
0.5007302
0.4626289
0.9787409
0.5064474
0.9844883
0.9883747
0.5307789
0.4737832
0.4736783
0.4809336
0.01311972
0.06631065
0.5226845
0.05739508
0.02532266
0.02264575
0.02747113
0.002406678
0.9747584
0.009381202
0.03257226
0.9225281
0.4862453
0.00793613
0.4975821
0.4532986
0.02853095
0.9603691
0.5303278
0.006821777
0.005405926
0.4986451
0.0316385
0.9746316
0.551546
0.5275149
0.5728385
0.02665624
0.03885468
0.4715665
0.02157782
0.008671906
0.4760072
0.01491505
0.5164482
0.961005
0.9786506
0.5126965
0.9407966
0.01679758
0.481849
0.4825955
0.5210289
0.9888655
0.9621932
0.9764861
0.9230248
0.5396225
0.4400201
0.9877121
0.9419316
0.9427459
0.4949455
0.9947128
0.514604
0.001440971
0.03085461
0.535051
0.5320091
0.005137171
0.01331603
0.4980781
0.5099923
0.4664602
0.02059907
0.008136603
0.9878957
0.03610529
0.9451793
0.9839517
0.9626166
0.967007
0.03229677
0.9691557
0.4635036
0.9731469
0.5422421
0.510503
0.9660757
0.907272
0.5112456
0.5765237
0.97917
0.5193004
0.9816018
0.5099767
0.4473408
0.9760731
0.440688
0.5135906
0.06267905
0.4696364
0.05424582
0.9924024
0.972388
0.9790562
0.9852592
0.06538922
0.5750212
0.4824609
0.9637057
0.01861539
0.9871288
0.0279274
0.05658142
0.01095853
0.9980936
0.949427
0.9885576
0.0137042
0.00874371
0.9572213
0.5354651
0.5090376
0.4928577
0.9475664
0.506606
0.5194872
0.4821694
0.9373919
0.5662487
0.9852286
0.0630766
0.02611303
0.9710913
0.9667742
0.9611215
0.4653669
0.9909416
0.5429148
0.05864931
0.9460725
0.05256202
0.02709441
0.9970256
0.9754228
0.9300902
0.07385772
0.483052
0.4680583
0.9783492
0.987216
0.9662438
0.02101094
0.01033042
0.02881356
0.4985685
0.02614535
0.04531164
0.5089564
0.9802764
0.5052799
0.9989093
0.9798155
0.02240373
0.0224134
0.4736504
0.5334315
0.9879653
0.0644299
0.987016
0.005801783
0.5026351
0.9338263
0.9615006
0.03912063
0.9973739
0.9961823
0.4575187
0.4997324
0.4647142
0.9797948
0.5594913
0.5076557
0.01713834
0.006880063
0.9776295
0.981157
0.9728429
0.02174873
0.5260404
0.02096742
0.5313189
0.5379564
0.03104768
0.9314588
0.9811099
0.9486772
0.02336356
0.01393154
0.5413424
0.515081
0.9493116
0.02070003
0.9684356
0.01601424
0.986665
0.02355378
0.5295191
0.993068
0.5072511
0.9904593
0.5063135
0.4805502
0.02054024
0.03136463
0.03529586
0.9691209
0.03867485
0.0006090372
0.997437
0.5271857
0.4875547
0.5108674
0.9676911
0.9794527
0.05771051
0.02799517
0.4975125
0.5212178
0.5353028
0.5006567
0.04244444
0.003860672
0.03757175
0.983737
0.01741748
0.9812545
0.5299106
0.9992021
0.03239101
0.06727885
0.4732535
0.4994351
0.03045773
0.9568631
0.9696485
0.4749115
0.4756183
0.4598884
0.0389117
0.9475676
0.01643869
0.9791042
0.4467917
0.0274891
0.4879131
0.9846164
0.02174436
0.9902027
0.4663246
0.02039592
0.9686796
0.04847257
0.4507741
0.5464705
0.9538473
0.0008945675
0.5169101
0.5324162
0.9405193
0.5100782
0.00267526
0.4872238
0.02938851
0.529824
0.5162483
0.9660013
0.01160693
0.5277016
0.01837145
0.4874689
0.9743288
0.5141889
0.9465869
0.006629148
0.5175729
0.03483246
0.9653212
0.9686394
0.02102996
0.9964095
0.4839406
0.5204464
0.9911999
0.001313367
0.5541572
0.02120378
0.4473567
0.9955643
0.9612374
0.9746494
0.9834802
0.4934766
0.4705933
0.5001349
0.0131389
0.9763247
0.03686121
0.9925905
0.5183598
0.0540864
0.4965899
0.03905292
0.96842
0.02697594
0.01860751
0.5043759
0.01321637
0.04357589
0.9889598
0.5082636
0.003827539
0.4830159
0.48974
0.9951798
0.9838826
0.992119
0.5123166
0.9931937
0.00618566
0.03947504
0.9713396
0.9870007
0.9869168
0.499579
0.4875808
0.996123
0.9675115
0.4885863
0.5170502
0.4840929
0.9656335
0.01985332
0.5120782
0.9621466
0.02530614
0.9623642
0.0670985
0.9937366
0.03918581
0.01588664
0.5065075
0.9713375
0.4802263
0.9879532
0.03179558
0.4758356
0.4912871
0.04418639
0.9856481
0.01580673
0.9298972
0.005113055
0.02343493
0.4585648
0.007886362
0.5195695
0.5230739
0.5320086
0.9904274
0.4755681
0.01873641
0.4568484
0.5377002
0.4437954
0.9830139
0.5655357
0.9576179
0.02113491
0.4408653
0.9731059
0.9987109
0.9506211
0.9838851
0.9525116
0.4750368
0.9841106
0.05257917
0.9660586
0.978842
0.0008393979
0.9852356
0.488302
0.000321714
0.5641843
0.993257
0.03311395
0.02463152
0.003003488
0.9921988
0.03715694
0.03157643
0.9400419
0.5399115
0.009732665
0.956733
0.9871152
0.003807384
0.03693938
0.04914118
0.9694677
0.5113118
0.4617886
0.03215222
0.9750938
0.5184702
0.0002508793
0.9427443
0.9568225
0.004088008
0.9645583
0.01262401
0.02966173
0.9917735
0.4901497
0.9456303
0.4927507
0.001206628
0.4912185
0.04340547
0.4984691
0.9819406
0.4865732
0.02700172
0.008678509
0.02652659
0.9910459
0.01633831
0.980278
