0.9995965
0.984278
0.9611587
0.01794937
0.9608473
0.9742396
0.04529894
0.05619092
0.9840625
0.01087669
0.9946798
0.03271301
0.02323618
0.9697233
0.9938616
0.9850589
0.9375802
0.0002221668
0.00802233
0.9584435
0.01626649
0.05822129
0.02704159
0.9779188
0.004705651
0.9712058
0.9888993
0.9734881
0.9445419
0.9808351
0.02407142
0.02412654
0.002178416
0.001288953
0.9858969
0.9949181
0.01611852
0.01210867
0.9829051
0.9878972
0.02084649
0.9817604
0.9676752
0.03923274
0.9649109
0.03688612
0.9622312
0.002007158
0.01311472
0.9637578
0.01582697
0.004610633
0.9922351
0.9744067
0.02715989
0.9308872
0.07424825
0.01897505
0.006350471
0.9644763
0.040268
0.05851591
0.002073412
0.9668572
0.008718002
0.02621863
0.9657755
0.007113998
0.9797873
0.9497324
0.03249331
0.9410179
0.9952525
0.965932
0.9831967
0.9851951
0.02445179
0.9828735
0.994606
0.9722153
0.0006787216
0.009134342
0.03144719
0.04051211
0.03280179
0.96802
0.06487184
0.0349057
0.01444595
0.03439845
0.9819649
0.004861388
0.01529685
0.006043705
0.9977663
0.9800132
0.02956533
0.9489809
0.9920565
0.9523301
0.9673925
0.4009879
0.6184731
0.5732075
0.9883518
0.7827537
0.7720988
0.4109193
0.9518868
0.8351279
0.6469111
0.7661792
0.4027481
0.01397967
0.9852196
0.9991092
0.8060964
0.4717552
0.3562648
0.5965127
0.01919526
0.01399765
0.7881136
0.1878657
0.6330738
0.8682876
0.9934454
0.7971057
0.970037
0.9719694
0.01019746
0.2063924
0.1936573
0.5967677
0.5952713
0.173433
0.9753612
0.9904488
0.6096201
0.5608475
0.01112023
0.2209748
0.9972247
0.3685104
0.3855369
0.6239372
0.4354103
0.9927142
0.8156229
0.6041263
0.2098813
0.9280724
0.9814544
0.2067777
0.4172434
0.2004319
0.5855661
0.01864864
0.9845678
0.7650892
0.9992475
0.3874437
0.1744997
0.3913688
0.9679126
0.2298502
0.9831433
0.03786843
0.7740803
0.6136393
0.5868939
0.171775
0.1953335
0.2126537
0.6403929
0.9857348
0.9891385
0.6104873
0.7625289
0.00741345
0.6079803
0.1917979
0.4338491
0.9665806
0.01970986
0.582112
0.3659064
0.4121118
0.7950857
0.008808476
0.8020875
0.6236334
0.6203966
0.4140158
0.1970464
0.2144345
0.05031162
0.5792048
0.04894218
0.806973
0.183284
0.6285845
0.8075448
0.9741401
0.1290182
0.3688217
0.3655677
0.0146471
0.2311327
0.8125682
0.01966188
0.8561315
0.1902021
0.7473636
0.1398927
0.9627633
0.7733707
0.8448371
0.7730082
0.5902496
0.7990607
0.8085842
0.3637056
0.8898453
0.9668503
0.8323618
0.608316
0.9863056
0.004663124
0.2390499
0.7414943
0.5924437
0.008613014
0.6396209
0.6191824
0.005129992
0.605735
0.7967867
0.7918213
0.6182397
0.1728517
0.1825621
0.001941652
0.8361733
0.2570466
0.819819
0.5821458
0.560087
0.7525374
0.2487142
0.8106412
0.3819051
0.6169325
0.9894311
0.7636292
0.6070769
0.3978996
0.1972002
0.003536965
0.01559118
0.5999448
0.01610385
0.4158179
0.7762125
0.01936325
0.06112273
0.1936105
0.1943365
0.1932003
0.537269
0.374979
0.996646
0.01644778
0.2241778
0.01603534
0.004456579
0.9966978
0.9529934
0.2152886
0.03152771
0.7944851
0.8368147
0.4150865
0.843213
0.9831949
0.160381
0.0179157
0.7916413
0.9905029
0.9656294
0.95931
0.1798034
0.1943198
0.1800294
0.5790931
0.400971
0.2098555
0.8138898
0.1652288
0.00625442
0.4179054
0.9950354
0.9790335
0.5905986
0.5716485
0.8148998
0.6141696
0.9819668
0.01685528
0.2243407
0.4133954
0.01538745
0.9800344
0.587766
0.5590044
0.7725359
0.800138
0.00444969
0.4370902
0.1557027
0.8218076
0.9987661
0.9936283
0.6336115
0.7410311
0.9917503
0.0353342
0.989868
0.1752748
0.06926467
0.8037676
0.2061073
0.6510889
0.3963994
0.3441485
0.02767461
0.005071347
0.2337624
0.1652111
0.5738885
0.9530961
0.8238856
0.02797004
0.8042345
0.03496086
0.8224243
0.8184983
0.3715473
0.4142104
0.7954298
0.6439214
0.9847432
0.006227943
0.1587273
0.005104192
0.002574811
0.1869427
0.5917084
0.0006031309
0.7428474
0.1861234
0.01816394
0.369427
0.01591075
0.2137406
0.968276
0.1953153
0.4261809
0.1795654
0.05044011
0.8258343
0.9882292
0.2260901
0.03968006
0.9810589
0.009858479
0.4052792
0.8310474
0.1928562
0.364942
0.8460668
0.6233806
0.8214151
0.4119143
0.196348
0.2016841
0.354972
0.9847372
0.6232258
0.9481613
0.2409427
0.9676818
0.9782294
0.03534469
0.1537145
0.2432518
0.2037146
0.5995561
0.3304519
0.9704758
0.8024799
0.2793863
0.005876098
0.01317021
0.008724938
0.958245
0.666779
0.1668314
0.04878531
0.03743539
0.5867962
0.5896171
0.02447915
0.3508903
0.4436198
0.1287672
0.6076061
0.5871453
0.7486409
0.02968086
0.06790786
0.6451199
0.614859
0.4298515
0.8784201
0.9598901
0.008441605
0.02061824
0.7568182
0.4439438
0.8424108
0.3714449
0.8151691
0.2081318
0.5933932
0.9957575
0.01117498
0.02333149
0.03303049
0.2291882
0.9747317
0.05807696
0.5901531
0.03853476
0.7484433
0.3852756
0.3647943
0.8140379
0.9942762
0.9914462
0.7624399
0.1552841
0.9816833
0.8256859
0.01765568
0.4412586
0.8124945
0.6369408
0.5956814
0.5605448
0.4280502
0.9564887
0.007919418
0.4089822
0.8339561
0.02464549
0.02387408
0.6196014
0.7394038
0.4070696
0.9713113
0.1756324
0.9444389
0.6818001
0.3381844
0.9280975
0.6139491
0.2398863
0.756194
0.03795354
0.6083791
0.1624068
0.4179103
0.6024199
0.4168086
0.01190236
0.1599152
0.9566779
0.8383425
0.5935348
0.6387147
0.811401
0.01252169
0.04304273
0.9691318
0.811223
0.3561095
0.2259951
0.6786955
0.5392253
0.177649
0.004972798
0.9779133
0.7397851
0.753981
0.9931179
0.05720035
0.1846826
0.9988357
0.6147228
0.3819662
0.2418888
0.3839382
0.1815343
0.3554991
0.5735586
0.8454184
0.2148278
0.3778045
0.3639906
0.2231302
0.2077504
0.2039533
0.6101574
0.005869215
0.6013153
0.9953315
0.001121103
0.6143841
0.988371
0.9920118
0.9483218
0.3857301
0.806656
0.3915962
0.02534431
0.2314104
0.9905403
0.02359064
0.4518117
0.8587989
0.5780942
0.8383485
0.01641878
0.7640933
0.02263114
0.2627412
0.429694
0.2187224
0.3826438
0.8357716
0.74979
0.6063714
0.6080547
0.1665966
0.4483075
0.8141535
0.8372253
0.005068176
0.9574881
0.06891589
0.4351834
0.8088216
0.4189222
0.842468
0.2015892
0.6644069
0.6508164
0.9715838
0.1620436
0.01065859
0.9883862
0.5621953
0.0356165
0.5995443
0.05044324
0.1874969
0.6177806
0.1831336
0.2342754
0.5863005
0.832033
0.9800071
0.583796
0.1588572
0.7476503
0.2092699
0.8279479
0.795276
0.6250152
0.04301997
0.03104521
0.05697774
0.9920863
0.4234045
0.9984751
0.5976091
0.3758558
0.97504
0.3919927
0.2251521
0.1675088
0.7902079
0.8283149
0.5753083
0.00124492
0.3999229
0.3691823
0.607909
0.1679115
0.9974946
0.5906288
0.01121064
0.5805196
0.1902313
0.3687395
0.007607463
0.4047329
0.8111853
0.9838036
0.5951532
0.9411584
0.007862558
0.5345342
0.1928026
0.4255603
0.2305211
0.7897536
0.0273162
0.4457056
0.989672
0.9816173
0.3543829
0.4133642
0.81377
0.1614948
0.9642496
0.4255114
0.1903282
0.7677446
0.03363061
0.9679277
0.3639253
0.833994
0.2062687
0.1942741
0.5900936
0.9947282
0.8072444
0.01158912
0.8170455
0.9909363
0.2238145
0.8406259
0.9193811
0.8191493
0.4144072
0.5919627
0.4263982
0.5933642
0.02450105
0.3870842
0.9920747
0.4351294
0.01576909
0.02965068
0.3730594
0.9668039
0.7743775
0.9862506
0.3812576
0.4309178
0.600012
0.3406446
0.2032715
0.5714183
0.9962948
0.6280932
0.4203309
0.9737024
0.4432451
0.7800974
0.241679
0.7493272
0.7963569
0.6187934
0.3904255
0.601455
0.3345802
0.7663572
0.9934162
0.1978857
0.1832349
0.8081268
0.7296108
0.0451923
0.03828838
0.4408159
0.03532057
0.573594
0.7791499
0.7901523
0.6120443
0.5525399
0.3893636
0.1627649
0.2193324
0.5759825
0.1773826
0.8238343
0.1721802
0.361538
0.9593239
0.1642366
0.7289631
0.9741718
0.570268
0.7656022
0.1741208
0.05804409
0.6191324
0.471741
0.4095278
0.9643379
0.9500714
0.04026614
0.0006298108
0.05955259
0.9683922
0.7414419
0.5601117
0.9831501
0.9855136
0.3747903
0.6413592
0.8184936
0.8325788
0.03702386
0.5395892
0.4044277
0.8089303
0.9854811
0.8006706
0.1800059
0.3974431
0.6008143
0.3849211
0.5645707
0.2208543
0.7920363
0.4383108
0.9755146
0.1779758
0.8353295
0.9987623
0.3980974
0.004489759
0.8353199
0.9797752
0.8142983
0.2298549
0.0009276504
0.9743078
0.3864425
0.617372
0.2080997
0.4247713
0.4436169
0.6217456
0.969834
0.964733
0.8251626
0.4248153
0.4079165
0.2029371
0.9422796
0.4543942
0.1994581
0.0003413959
0.9739529
0.1713256
0.7716551
0.9980317
0.7760859
0.7901716
0.02566343
0.9929506
0.006518429
0.6074282
0.1997256
0.4133967
0.7772765
0.241404
0.398253
0.01954806
0.4412652
0.9866387
0.02427645
0.02890707
0.5928984
0.1827351
0.6276157
0.399911
0.9701778
0.0004096483
0.3646105
0.04784552
0.197182
0.9788686
0.6365665
0.7947871
0.4149573
0.5974626
0.9372615
0.1982489
0.02329078
0.9537623
0.2772612
0.2000129
0.2284774
0.9759368
0.1716065
0.02184279
0.5756743
0.2593581
0.8189331
0.9930041
0.7581765
0.1675951
0.9800104
0.007243598
0.003376538
0.38489
0.03122859
0.9988336
0.9807812
0.02607735
0.01668005
0.006916482
0.7587559
0.9657272
0.9946801
0.8368268
0.3689726
0.5528294
0.401965
0.5956118
0.6630885
0.4154775
0.01220503
0.03287722
0.3694419
0.6083799
0.9824018
0.4002649
0.5461688
0.4124967
0.9498377
0.8332218
0.2006849
0.7940544
0.03117283
0.6056807
0.9668741
0.5835111
0.00233222
0.6007023
0.990136
0.1804341
0.5785621
0.009631965
0.1688456
0.393475
0.9975344
0.4113723
0.4404458
0.7843214
0.5866089
0.187212
0.2337367
0.005462495
0.8084722
0.807939
0.6245726
0.7904053
0.4171686
0.4162764
0.5674325
0.976444
0.6484533
0.6331103
0.002006914
0.7835432
0.1539838
0.1875602
0.2312512
0.9849196
0.9901993
0.9717659
0.9698828
0.9992083
0.9824129
0.9955947
0.2363704
0.3614144
0.9518672
0.9596606
0.5664791
0.01123471
0.9966473
0.03384303
0.4390683
0.03860756
0.4077387
0.167558
0.8201073
0.401198
0.1833706
0.4321921
0.3874682
0.4044949
0.9973663
0.3599337
0.8086598
0.9998527
0.3811003
0.9750296
0.1906885
0.4196935
0.1964227
0.7573009
0.4434258
0.02891591
0.2129313
0.63785
0.6000255
0.5471509
0.01604284
0.6162278
0.3905406
0.3508956
0.6149293
0.4193653
0.01565734
0.7706316
0.005124537
0.20599
0.9843355
0.3600511
0.6585627
0.8339269
0.5135991
0.3919447
0.6079612
0.9965277
0.6015771
0.0196148
0.5949811
0.8267304
0.5909594
0.9969663
0.02926498
0.1972878
0.2021325
0.8645976
0.6312766
0.2291165
0.3879065
0.01808243
0.224902
0.206575
0.03163585
0.5976848
0.9793267
0.03952947
0.01970906
0.8260787
0.9488386
0.003752393
0.8036353
0.3298555
0.3619277
0.1302678
0.03079523
0.4390789
0.3734796
0.9508689
0.3591042
0.2127044
0.03245704
0.008423181
0.006877645
0.1912489
0.7851736
0.00123622
0.4039226
0.4730118
0.4173351
0.617596
0.819888
