0.0671329
0.9554192
0.02679298
0.01895556
0.03935803
0.02756993
0.0300711
0.005426037
0.03749101
0.9813555
0.9840391
0.9934344
0.9934053
0.0005051643
0.02550411
0.9724701
0.9589873
0.007541995
0.003925357
0.9773949
0.9351283
0.06318881
0.01760925
0.04548733
0.9718912
0.02196879
0.04709887
0.03457575
0.948784
0.02389838
0.98452
0.9713266
0.03580304
0.9779407
0.9849117
0.9558581
0.007874495
0.9466846
0.03215019
0.9885126
0.0571012
0.01658403
0.9255213
0.9761409
0.9714466
0.982759
0.008100515
0.001353402
0.9696033
0.9469358
0.03008912
0.996293
0.01380955
0.07005526
0.0006990442
0.9701256
0.03215556
0.01953003
0.972795
0.9550976
0.9908348
0.9901817
0.02787451
0.01198551
0.008252237
0.9902272
0.01126239
0.9660217
0.9178855
0.9948171
0.9678713
0.01985796
0.9503336
0.02270739
0.9947762
0.9665045
0.9896335
0.02548301
0.9845076
0.9963683
0.04087959
0.9476716
0.9925782
0.008522635
0.01983694
0.01841048
0.04554632
0.9968568
0.02645984
0.02617993
0.9783148
0.01571884
0.05538594
0.0009665705
0.9422471
0.9678944
0.008666281
0.008213664
0.9783114
0.04760108
0.03774052
0.9805204
0.0118532
0.01540746
0.0281168
0.00518691
0.9419427
0.01017202
0.0132934
0.9625236
0.9608431
0.9656269
0.01038443
0.9144519
0.01213325
0.9560523
0.03887708
0.04870843
0.02070057
0.9491734
0.9525296
0.9842331
0.9474381
0.9644309
0.04933558
0.02666494
0.9831225
0.01283706
0.01039319
0.9647999
0.9582731
0.01671572
0.0235333
0.9973352
0.9970407
0.01180321
0.03354347
0.001686881
0.02353422
0.9866889
0.9660393
0.9550848
0.9682984
0.00292736
0.03932594
0.02077378
0.9870546
0.9671478
0.973244
0.04388283
0.9749393
0.9663193
0.96702
0.9788981
0.01842206
0.05535579
0.01406668
0.003939454
0.06989984
0.9770233
0.9660743
0.9886501
0.01254195
0.01820089
0.9698397
0.9920935
0.03588254
0.02540687
0.9763278
0.992288
0.03228778
0.9798736
0.0366716
0.02083691
0.01234916
0.02152704
0.04668844
0.001518672
0.01386031
0.9745676
0.9667768
0.9390598
0.9276039
0.991352
0.9544562
0.007942529
0.01693402
0.9797987
0.945094
0.9771266
0.05210065
0.05211723
0.005309155
0.01707135
0.992693
0.9748578
0.05521263
0.008467498
0.02449183
0.01332385
0.9399518
0.9807891
0.01973918
0.02104273
0.968919
0.03295961
0.9682607
0.002284955
0.9598731
0.0381363
0.001885919
0.01424504
0.05104283
0.03264391
0.02407866
0.01529608
0.9877
0.05675625
0.9683611
0.02737671
0.01968624
0.95018
0.02065011
0.9603337
0.007623307
0.9438805
0.06104605
0.01993366
0.0237257
0.9640438
0.9630234
0.05207771
0.9970805
0.005410849
0.04576959
0.9569294
0.9845476
0.003954518
0.9962579
0.9861627
0.001499691
0.969899
0.9944698
0.956787
0.030361
0.9560873
0.9744956
0.02006956
0.9706375
0.9803393
0.9928183
0.9645477
0.967345
0.04365483
0.0005795169
0.01159391
0.9934718
0.9706538
0.991713
0.9798514
0.05938558
0.9932594
0.01045333
0.001469327
0.9621929
0.9938216
0.02773819
0.9880865
0.996733
0.9939503
0.03434986
0.9985722
0.04913511
0.9681961
0.01479374
0.9425649
0.9661456
0.01120497
0.9740175
0.9840997
0.01821202
0.9276218
0.9981185
0.9620024
0.004908411
0.9938789
0.9915226
0.9688018
0.04270878
0.05741201
0.06054647
0.009517173
0.9780268
0.0285592
0.9890902
0.02862346
0.04419386
0.0005636396
0.9792389
0.9715528
0.01974758
0.9591458
0.007442818
0.9289407
0.006080516
0.05071758
0.9990509
0.9873263
0.0108762
0.01003874
0.9796666
0.9800002
0.9781772
0.06753382
0.02323996
0.9480621
0.9827686
0.9692613
0.993749
0.007464197
0.9873156
0.0006940215
0.9650129
0.06615953
0.00124389
0.9668853
0.9712629
0.02237312
0.989765
0.01470518
0.9287574
0.0379036
0.9917071
0.02626998
0.9854976
0.9651166
0.009677539
0.02123573
0.993781
0.9899023
0.001847865
0.01229229
0.01999162
0.9743174
0.01751132
0.9646856
0.01739674
0.9578646
0.9568787
0.0001718594
0.9895682
0.02823295
0.9580565
0.02045654
0.001556251
0.9666868
0.9513438
0.01603584
0.990666
0.9949269
0.02300882
0.01418883
0.01204266
0.001000866
0.01995417
0.0119743
0.0009498369
0.9915974
0.9853023
0.9368221
0.03308119
0.9749435
0.04248722
0.9973665
0.9948313
0.9848341
0.0003957423
0.9936707
0.02478529
0.9499189
0.9697462
0.9815155
0.01515419
0.9992649
0.9819501
0.001330724
0.0115339
0.004304751
0.01571552
0.008849022
0.04640619
0.9398084
0.9874347
0.9950311
0.9627534
0.9814904
0.9999267
0.9582007
0.9496592
0.01150756
0.9587901
0.03520295
0.9907454
0.02669956
0.9981123
0.00336186
0.00418298
0.01341473
0.03302308
0.953992
0.007206183
0.04221744
0.9921743
0.01894863
0.9631775
0.08251846
0.980724
0.04039322
0.9797755
0.9992411
0.997677
0.08546294
0.0137676
0.9935856
0.9736364
0.9859032
0.9974046
0.9832381
0.05150697
0.07828247
0.9966357
0.03348872
0.9739698
0.0006134482
0.03182158
0.05095833
0.06428814
0.005730327
0.05169983
0.9693406
0.04041499
0.9355439
0.9923777
0.04392991
0.9702701
0.9759352
0.9874361
0.03456266
0.001186535
0.02612667
0.9968223
0.960392
0.9827844
0.001111457
0.9527066
0.04485244
0.9709046
0.04321271
0.02481547
0.005765481
0.9984351
0.01936843
0.02069753
0.971186
0.9715059
0.9681058
0.04349012
0.06304803
0.03037743
0.008352337
0.9747761
0.04457599
0.009691109
0.9398733
0.01139463
0.9691491
0.01669831
0.9674887
0.9795554
0.9663101
0.05714641
0.03116193
0.02487315
0.9769371
0.9453151
0.04208181
0.03867209
0.01770752
0.9963221
0.01603845
0.9807366
0.9802913
0.9946101
0.01986761
0.04111475
0.047869
0.002170575
0.994278
0.01991593
0.03622263
0.9935946
0.02871996
0.02175019
0.9389043
0.9645104
0.9484519
0.9830465
0.04950738
0.9970126
0.01596265
0.02404783
0.9983368
0.9825854
0.9612825
0.9931412
0.04328059
0.9820796
0.974732
0.9990916
0.9622433
0.006403348
0.01748546
0.004594608
0.9815177
0.9944799
0.9962865
0.04733684
0.01817019
0.9410484
0.9858056
0.03087253
0.9415694
0.02337073
0.0227247
0.969532
0.992428
0.9296884
0.9781585
0.02708897
0.9878108
0.9993739
0.02566769
0.9705318
0.9872401
0.02440013
0.04156713
0.9502539
0.9747176
0.03800745
0.956736
0.04812729
0.0248202
0.04028895
0.942125
0.005699616
0.980998
0.02294564
0.03777809
0.0079687
0.9684065
0.5788408
0.9835712
0.4388771
0.5769294
0.9988098
0.9553651
0.9685057
0.6038974
0.02708628
0.5839738
0.6001024
0.6531028
0.9915902
0.3898518
0.9714779
0.9934459
0.639678
0.571058
0.6265619
0.0278915
0.4224742
0.0192755
0.9756317
0.9799406
0.9481207
0.6129519
0.9584488
0.006272679
0.9996699
0.61593
0.3768966
0.5640651
0.545875
0.9911125
0.5732482
0.6267908
0.9906773
0.5680735
0.5975615
0.4074625
0.337527
0.9744803
0.02434766
0.02001349
0.4173303
0.6096646
0.4393979
0.6222636
0.5823798
0.5904604
0.4325284
0.4190676
0.9503791
0.6401327
0.9951312
0.9729136
0.01900419
0.9884422
0.9730004
0.4019305
0.5578203
0.3644144
0.02143805
0.9447447
0.9685282
0.04303969
0.06223452
0.5909273
0.943755
0.9876319
0.004354809
0.02490702
0.002910233
0.01312297
0.9689075
0.04140508
0.3920644
0.5707687
0.6149982
0.4274536
0.3525934
0.6552649
0.03783783
0.9967549
0.03693328
0.6175138
0.02999223
0.9849111
0.3882561
0.0456757
0.5850301
0.6453425
0.01788282
0.03368506
0.5848212
0.6375835
0.3743875
0.3827769
0.3797447
0.575778
0.06877371
0.02850319
0.6193493
0.9869021
0.9797339
0.6100809
0.9970879
0.3383793
0.01282929
0.3812928
0.413718
0.9739377
0.006232978
0.9930144
0.5936185
0.9908946
0.5763187
0.01464726
0.9938893
0.01097086
0.5451221
0.02043908
0.4541354
0.605205
0.04105284
0.6215591
0.004804393
0.578669
0.3822648
0.9330373
0.006428382
0.4331046
0.5947734
0.935879
0.9549065
0.05736247
0.5667963
0.005461027
0.6108265
0.324176
0.482362
0.0477663
0.4107967
0.6474469
0.4304882
0.5190387
0.363104
0.4107416
0.006253021
0.02302418
0.5975707
0.9821199
0.0006327084
0.9909773
0.6391058
0.5549052
0.6144068
0.9989876
0.9546043
0.9983171
0.6103978
0.9876383
0.9928485
0.01181789
0.9769098
0.4178523
0.582868
0.5631303
0.006955431
0.9857731
0.05640775
0.03254637
0.002274872
0.3579191
0.4141469
0.9933982
0.9754483
0.3874412
0.3795301
0.6388716
0.6096111
0.4264749
0.9618876
0.9804763
0.01322288
0.5825068
0.3664928
0.9636816
0.9820517
0.0407069
0.01135274
0.59503
0.4571703
0.4116773
0.4351076
0.0439861
0.9823108
0.01062901
0.01188377
0.5703994
0.4004181
0.02557849
0.5910399
0.5835994
0.9501274
0.4288263
0.9570373
0.4290676
0.4228703
0.9741733
0.9813268
0.01620398
0.4559252
0.646046
0.4522251
0.4332543
0.4022283
0.01134113
0.9743999
0.6188152
0.602748
0.03029007
0.9849549
0.970162
0.03277075
0.5605977
0.02439666
0.4080708
0.9973427
0.004945773
0.4246381
0.9634499
0.4210196
0.6027435
0.4119154
0.0262935
0.5838982
0.4106684
0.9385305
0.5918304
0.9975301
0.4006094
0.9985178
0.01053294
0.003847652
0.9668851
0.442777
0.4144053
0.0003466355
0.3997082
0.3499447
0.3861556
0.9659503
0.6163322
0.3893696
0.005705215
0.01752687
0.6004573
0.04630294
0.9963489
0.9580089
0.3939132
0.03455712
0.4517795
0.3772661
0.9995037
0.06609152
0.5806559
0.9500751
0.02348531
0.4151641
0.9978551
0.437852
0.6392065
0.954092
0.001762678
0.6815967
0.03673781
0.01744909
0.3965518
0.6347999
0.03329216
0.06484302
0.9777112
0.9830677
0.4680184
0.3872041
0.002091488
0.586034
0.9714981
0.4481691
0.04013334
0.03202007
0.4562823
0.05450711
0.9731088
0.4281868
0.4402113
0.007726404
0.06342227
0.9896984
0.9937489
0.05824739
0.3994961
0.0254139
0.04830182
0.3916465
0.3839917
0.4386077
0.6273407
0.9837423
0.5042822
0.3946695
0.04998923
0.005071853
0.6315659
0.4200754
0.3606487
0.9149788
0.6237979
0.6037358
0.9635949
0.6084608
0.02284804
0.9929288
0.6187454
0.002083668
0.5794702
0.401675
0.3995919
0.4219961
0.6149281
0.9329757
0.3690123
0.6198343
0.3914358
0.9825674
0.02755909
0.6103413
0.02892514
0.008123274
0.02555111
0.9325973
0.007485385
0.0140437
0.9965127
0.01202955
0.03837416
0.02254076
0.06485251
0.986363
0.9792033
0.05499985
0.002046916
0.9922038
0.9400679
0.03660762
0.008928758
0.985088
0.995009
0.9609757
0.9363305
0.9332361
0.0334384
0.9836781
0.013809
0.983654
0.976343
0.0007360657
0.02833521
0.06894567
0.9892108
0.9761459
0.9830435
0.002871082
0.91295
0.06225778
0.01143463
0.03000969
0.007582456
0.9920132
0.02747751
0.008262311
0.02013681
0.0643349
0.9476352
0.9765218
0.9777115
0.973541
0.9718229
0.01011044
0.04874019
0.9957218
0.01389798
0.9887186
0.006990839
0.9747641
0.9657739
0.02814205
0.0700325
0.984453
0.01919032
0.9852437
0.987421
0.03894938
0.9831229
0.04827137
0.9913106
0.03077336
0.01077792
0.9913688
0.01103315
0.9639488
0.04235684
0.01654424
0.9716705
0.9687252
0.04173292
0.02705425
0.9919854
0.9606537
0.999659
0.9626062
0.008441725
0.9976457
0.04288462
0.003964309
0.9681868
0.0338842
0.004510378
0.95228
0.9837211
0.05994599
0.977912
0.9864833
0.9846441
0.9813859
0.03028182
0.05272739
0.9823895
