0.5467475
0.1902944
0.1899282
0.8421334
0.8311663
0.7601483
0.8363299
0.6123095
0.416711
0.6225047
0.8108373
0.3841863
0.9815137
0.9940222
0.01573506
0.05680684
0.7867082
0.9900466
0.6203781
0.1451395
0.5802196
0.2072025
0.0006928074
0.3953988
0.4465069
0.4235653
0.9943649
0.201703
0.6226805
0.7717217
0.2015459
0.1996588
0.6188074
0.03603796
0.01539435
0.2378363
0.9505055
0.03299127
0.411547
0.9705996
0.9866864
0.1867458
0.08128563
0.5623968
0.2273417
0.8068511
0.989141
0.7790761
0.2362998
0.5561643
0.9952489
0.002340444
0.8195903
0.5412362
0.4461496
0.4127071
0.5840646
0.0002835664
0.9854743
0.1654484
0.6436675
0.03847333
0.7904741
0.1831971
0.3666352
0.8147625
0.7927264
0.8324261
0.9451553
0.7964448
0.2196386
0.9989967
0.9899426
0.1765809
0.6164274
0.9876375
0.1673252
0.2280288
0.02911219
0.8007309
0.6113472
0.8118661
0.5947597
0.3733646
0.02852489
0.01902325
0.4107313
0.9511675
0.06204011
0.1994752
0.7841036
0.5518054
0.6230623
0.9768751
0.002229221
0.02685814
0.8227164
0.39324
0.1622239
0.9675111
0.3513157
0.2365944
0.2421468
0.1982908
0.05057262
0.5949474
0.4351552
0.6632892
0.4275565
0.7960244
0.01228606
0.5876724
0.7768018
0.8265128
0.1928673
0.5867333
0.6238995
0.2402528
0.006487141
0.0802787
0.05747197
0.03934342
0.4081912
0.3485106
0.4052615
0.2184852
0.02510101
0.1886915
0.9913738
0.9445107
0.8282843
0.9732123
0.4186069
0.2308286
0.3732184
0.4342628
0.9761626
0.8153198
0.2187959
0.811848
0.4422869
0.04117976
0.3589521
0.9775576
0.5626281
0.1957118
0.8007463
0.2387122
0.02610252
0.1723433
0.02810241
0.5978694
0.9580555
0.146991
0.1761348
0.7463856
0.003993244
0.7932701
0.6498774
0.3647937
0.2265656
0.6002741
0.6125253
0.7956302
0.8117758
0.1992277
0.2239519
0.6141903
0.625502
0.1444308
0.5915986
0.6227035
0.4198563
0.00543959
0.6120931
0.5805808
0.9642436
0.406634
0.04425105
0.5983925
0.9816851
0.3744376
0.9941684
0.01405297
0.9977686
0.2121531
0.000933991
0.02326676
0.2455399
0.9433994
0.601483
0.8226963
0.2259228
0.6075505
0.04458714
0.9912862
0.4374322
0.4346248
0.9917644
0.9981482
0.9471655
0.171657
0.02122485
0.5729849
0.1794659
0.7527102
0.7896152
0.4379439
0.7791326
0.1550936
0.3886846
0.7459742
0.5715212
0.007806734
0.6095768
0.5825156
0.3997912
0.3997764
0.0413778
0.4327242
0.9891136
0.5708266
0.3841121
0.5687114
0.8700872
0.3956978
0.6191448
0.3267303
0.414594
0.02844554
0.1862867
0.7566755
0.02199467
0.3760835
0.7803515
0.9714972
0.2131373
0.9256599
0.5402782
0.0009455831
0.2059044
0.7831858
0.002254116
0.04042723
0.5896867
0.6610817
0.7910242
0.8297553
0.2191786
0.412695
0.132441
0.009310619
0.9685538
0.02597057
0.3822564
0.4069163
0.984718
0.6052054
0.02187557
0.7645781
0.007351236
0.6665753
0.9688702
0.9839518
0.4492646
0.8072151
0.7802356
0.2276009
0.7490481
0.3619818
0.2160133
0.9508463
0.9766213
0.4431078
0.3926408
0.993652
0.7692165
0.02333573
0.3700838
0.6054772
0.6182013
0.005102063
0.7749714
0.7563383
0.03800686
0.9917267
0.02859662
0.3615512
0.04602609
0.6294836
0.3179963
0.7812533
0.8264288
0.03645043
0.7760378
0.3684008
0.2673304
0.9830285
0.2429391
0.02809803
0.9887163
0.01509075
0.6241496
0.9490348
0.1941332
0.471827
0.05591169
0.2349519
0.8255128
0.01348147
0.9924843
0.06366988
0.8174863
0.7670318
0.6200374
0.2101657
0.5440155
0.218357
0.9815238
0.995751
0.58627
0.9904742
0.788035
0.5948636
0.3874463
0.9659737
0.6456417
0.9513369
0.03160171
0.5701537
0.3928108
0.00735721
0.9795403
0.4250424
0.9918776
0.3656688
0.3869442
0.829366
0.02189907
0.7845092
0.6421022
0.4150137
0.04689984
0.976168
0.04352245
0.3612068
0.4385481
0.5660706
0.1881098
0.4349497
0.9689503
0.5888651
0.002254668
0.03063054
0.9996081
0.2266897
0.02703501
0.002283792
0.9868981
0.539359
0.5683993
0.948409
0.02474396
0.7684357
0.2322846
0.443616
0.9750908
0.2166939
0.9889143
0.7646267
0.3840334
0.4229115
0.7951761
0.5784815
0.9904704
0.8363502
0.005050934
0.9796301
0.8427526
0.2616545
0.1968488
0.632303
0.1813095
0.8025221
0.9818723
0.14366
0.3863463
0.8066502
0.6204842
0.9948529
0.4347234
0.02512439
0.007371022
0.3673714
0.7668164
0.8156374
0.03027604
0.7982937
0.03317476
0.4342705
0.5777774
0.9614918
0.6027574
0.9333721
0.7860707
0.4085951
0.1717434
0.39816
0.9952991
0.8122699
0.836433
0.3673089
0.9980104
0.6417539
0.1638125
0.5459356
0.6355504
0.4150263
0.9786518
0.03249152
0.636349
0.413133
0.9446233
0.2158529
0.003544859
0.577177
0.2100541
0.428218
0.959001
0.1450454
0.5739053
0.3944785
0.02084212
0.06963068
0.0180225
0.9924969
0.3906613
0.9959738
0.1759562
0.8288343
0.1767744
0.004518227
0.3442187
0.8030831
0.7720546
0.001950726
0.1733851
0.5723922
0.18108
0.9460872
0.7793451
0.3485017
0.5953726
0.1815252
0.1907506
0.465106
0.6318603
0.5819293
0.7832576
0.03449203
0.9789476
0.8159109
0.9996284
0.2171423
0.9946664
0.005299729
0.403222
0.8156623
0.8118664
0.1957799
0.0214223
0.5738432
0.7617184
0.4408981
0.5966363
0.5984786
0.9934665
0.5920296
0.8062317
0.1574436
0.06824622
0.5982886
0.03020119
0.7856927
0.9963045
0.791924
0.4108783
0.1687365
0.2317752
0.1666758
0.9810186
0.9910527
0.2309272
0.3885994
0.3428396
0.8046341
0.2064766
0.4452496
0.9702963
0.003625301
0.9588966
0.01557027
0.9551339
0.9895362
0.003312921
0.9718656
0.9870364
0.02660523
0.01382399
0.03138993
0.9993472
0.03319501
0.9735091
0.9833695
0.9540504
0.009538768
0.02136942
0.9848588
0.04704578
0.05438703
0.09366478
0.003078823
0.0008804108
0.9839705
0.9925307
0.04359421
0.03339038
0.9550539
0.9461441
0.02004136
0.9662964
0.9760545
0.9896848
0.9734288
0.962031
0.9986029
0.02127904
0.9929627
0.983923
0.03385298
0.01446745
0.9832833
0.02362743
0.04080314
0.008440219
0.005078033
0.9733957
0.9740914
0.9932568
0.9814337
0.05137396
0.03662989
0.03901802
0.01600965
0.955489
0.9769449
0.09208342
0.9654921
0.9738319
0.9948711
0.9766461
0.9845707
0.01893778
0.9655274
0.03788861
0.9511393
0.9965981
0.01494788
0.9375031
0.006557715
0.9744861
0.9457577
0.02561174
0.02735439
0.9915833
0.030042
0.9646435
0.02275777
0.09942506
0.01827287
0.9910245
0.05996082
0.920373
0.9561352
0.006925616
0.02492657
0.06754089
0.02073811
0.9657884
0.9711463
0.9553988
0.01731176
0.9572894
0.003975402
0.006536918
0.9764017
0.9932171
0.01954968
0.914274
0.01152872
0.9925096
0.008045406
0.9803252
0.9802282
0.01906432
0.01530839
0.9661697
0.01828805
0.03638491
0.9613385
0.01283019
0.9766791
0.9576774
0.9285119
0.02496204
0.0563008
0.03611001
0.0004762011
0.02941312
0.972743
0.03499603
0.006385746
0.9525199
0.02819074
0.06850902
0.9896928
0.001363122
0.01990752
0.001575641
0.04724371
0.02071219
0.02234242
0.9953595
0.005619266
0.9611027
0.04997667
0.0310911
0.9987792
0.9518621
0.9917161
0.9853472
0.9986793
0.02638928
0.004893786
0.008652167
0.9894726
0.01250854
0.004340233
0.9808834
0.03194446
0.03331935
0.9936114
0.9475594
0.02921423
0.963084
0.9792777
0.9514205
0.0214913
0.9834128
0.9743062
0.9541315
0.9805616
0.9487725
0.0123792
0.0258009
0.9726746
0.9535192
0.957921
0.01522403
0.002282339
0.9996577
0.04967075
0.9820341
0.002107692
0.983491
0.05136803
0.002346885
0.02161521
0.9897475
0.9930095
0.9500418
0.05281354
0.06286108
0.9996272
0.04160291
0.9701044
0.986802
0.02086027
0.9633596
0.9618755
0.01696039
0.001024323
0.04106635
0.9950368
0.9700095
0.03756988
0.963586
0.0975221
0.008540315
0.007617025
0.03272672
0.9794386
0.9729478
0.9763533
0.07290738
0.9878608
0.02870404
0.9512465
0.9853513
0.01678428
0.01892471
0.03718871
0.9729125
0.9828295
0.0004719858
0.03714715
0.008532464
0.9874129
0.03140999
0.0174637
0.002122329
0.9960134
0.01381765
0.9671075
0.9566534
0.005046542
0.9853183
0.9941465
0.001024495
0.006384941
0.02182726
0.9789028
0.00320647
0.979341
0.9685892
0.9496536
0.9768572
0.9650475
0.02763181
0.02599726
0.05249026
0.9627525
0.00978706
0.9949875
0.9905529
0.03603614
0.9778693
0.9529888
0.9815767
0.975477
0.03602786
0.03567755
0.9813221
0.04007466
0.05719147
0.9896031
0.9813024
0.01737896
0.9756757
0.9435608
0.9751125
0.03905556
0.05358529
0.02084051
0.9721569
0.9889705
0.01913626
0.01085547
0.9761713
0.9819588
0.02254539
0.9681651
0.9920661
0.03311528
0.006054484
0.02846938
0.04635269
0.02189221
0.03202842
0.02363184
0.9957507
0.02344086
0.9870843
0.03741001
0.9948342
0.005473431
0.03751368
0.9519719
0.9847419
0.9970402
0.9759403
0.9629036
0.05673127
0.9860446
0.02156156
0.002354025
0.01368121
0.05726144
0.02009515
0.9943323
0.9779896
0.007732938
0.9970497
0.9985996
0.981766
0.9614497
0.9637635
0.9819777
0.954991
0.01584885
0.9719458
0.05161233
0.9882828
0.02109475
0.01831009
0.00227248
0.9838323
0.9753563
0.02549564
0.02387183
0.05481269
0.9918123
0.9592906
0.9602608
0.982595
0.007739116
0.998247
0.01914863
0.9929779
0.01414051
0.9533733
0.9554449
0.01927941
0.001963944
0.02215979
0.9433772
0.9850159
0.03212669
0.9855074
0.9761221
0.9704607
0.02197381
0.03947746
0.945122
0.9926779
0.02525855
0.005690202
0.9962343
0.02386192
0.947826
0.005371835
0.9918058
0.9905771
0.006948949
0.01405785
0.006860695
0.02794656
0.9606155
0.04425828
0.972574
0.9475774
0.07467426
0.01889921
0.9968303
0.02927329
0.9890939
0.00871005
0.02174447
0.9721788
0.01597532
0.02241331
0.972776
0.002232573
0.9979128
0.9237854
0.9797317
0.02499076
0.9700201
0.9269389
0.9905879
0.03023587
0.9758471
0.9914171
0.9946301
0.05006
0.98864
0.9855846
0.013464
0.02367409
0.05315172
0.9984416
0.02245195
0.97565
0.9978925
0.06192453
0.01288742
0.9948342
0.0001282327
0.03940809
0.9804823
0.9958542
0.0120878
0.9896018
0.9885573
0.05358117
0.02541588
0.02551058
0.985198
0.004128737
0.02778718
0.9748925
0.9735369
0.0005665924
0.01846034
0.01183487
0.976235
0.02554271
0.9602268
0.02376045
0.9975198
0.04815224
0.02212757
0.9658117
0.9456353
0.0004810581
0.9972018
0.01944459
0.0008565681
0.9616731
0.02263022
0.008030911
0.9504295
0.9532653
0.9669409
0.02905244
0.007601126
0.9939936
0.01759497
0.9873254
0.9830893
0.003769849
0.04777977
0.01610384
0.9717427
0.04553698
0.04529155
0.05173903
0.03103229
0.003887319
0.9892183
0.02190999
0.9883189
0.9651542
0.9940792
0.9483512
0.9984235
0.9802604
0.96717
0.03860988
0.9937351
0.9766797
0.01441184
0.01166154
0.01678309
0.9832151
0.9948238
0.001339308
0.008082711
0.01868335
0.03547477
0.05388071
0.04442815
0.9838446
0.9638719
0.9564907
0.968293
0.983239
0.9557164
0.9879207
0.9696553
0.03983073
0.005058739
0.0294948
0.9741071
0.9808737
0.007851636
0.9896905
0.01334673
0.9744476
0.005437849
0.02355433
0.9777983
0.00857101
0.9930543
0.007938429
0.00908353
0.9864776
0.0460379
0.03544022
0.9932605
