0.5231171
0.9899013
0.1839709
0.6089137
0.2183124
0.1810694
0.4033925
0.2095137
0.5949343
0.1399431
0.4190249
0.003743607
0.4662675
0.4224271
0.8167817
0.7615437
0.02321272
0.2175889
0.1705103
0.3432898
0.02093064
0.3433988
0.9950818
0.8193346
0.5770483
0.2378377
0.9945152
0.7678155
0.5799819
0.3748535
0.4025447
0.01913664
0.9643378
0.8500486
0.6476873
0.0388549
0.5969015
0.4073253
0.3970122
0.1789289
0.4001142
0.5784054
0.6031753
0.6243154
0.5847629
0.2074668
0.7743493
0.03102633
0.6370365
0.6097184
0.003764779
0.4226746
0.9800148
0.1547687
0.9804287
0.9927231
0.003348552
0.200695
0.0002134518
0.6491392
0.8171748
0.3785456
0.4631798
0.4129575
0.4529584
0.7934443
0.9922687
0.5904544
0.8561888
0.6346666
0.3479821
0.8570081
0.1913972
0.7753981
0.3453622
0.003502747
0.2343861
0.9999276
0.7913861
0.9848289
0.9833384
0.634768
0.1525261
0.8007603
0.1936409
0.4474407
0.9967582
0.7792736
0.01188821
0.5930248
0.194786
0.004337193
0.1738683
0.03574013
0.5801789
0.3808573
0.1938068
0.2187173
0.01016066
0.005867548
0.4441879
0.0121167
0.1700753
0.0297844
0.8475612
0.2385036
0.9625663
0.4037126
0.02475249
0.9749814
0.9699524
0.9816655
0.4515987
0.9691194
0.9765071
0.8338999
0.4072357
0.01820806
0.1972941
0.1560989
0.9568888
0.02578378
0.5883153
0.6111309
0.5779841
0.6556871
0.4029715
0.1952184
0.9378382
0.1705588
0.4048827
0.02101371
0.2355467
0.9559846
0.3860525
0.6040576
0.8005353
0.003754164
0.7657754
0.840725
0.1328613
0.2269827
0.3688944
0.01288741
0.7978678
0.3310562
0.828123
0.4177002
0.9953636
0.9651044
0.02893589
0.3605393
0.4120355
0.5731108
0.4529863
0.8135738
0.4174876
0.02193201
0.03068838
0.01654027
0.9722732
0.2240405
0.8273565
0.5828106
0.8025755
0.1635913
0.004705222
0.9841436
0.5839397
0.9840958
0.7870011
0.5974615
0.8178047
0.9417762
0.7895466
0.5923641
0.7757585
0.6051696
0.4028608
0.9900995
0.9874836
0.9778697
0.007428707
0.4151863
0.7678072
0.6355036
0.9988571
0.7799815
0.04690501
0.9893103
0.9994173
0.01492995
0.5762862
0.02301446
0.2138324
0.02417646
0.7565316
0.04723157
0.02112242
0.9214385
0.5680536
0.991907
0.2330325
0.8113435
0.02824237
0.3710001
0.200934
0.1880973
0.6253997
0.4179289
0.05793158
0.2257518
0.4172216
0.5830665
0.6532276
0.04150478
0.591968
0.965825
0.02970164
0.5761835
0.9793297
0.02400984
0.9782486
0.9667454
0.04607884
0.5842124
0.8364218
0.6230453
0.0006564455
0.3772234
0.2135278
0.5946245
0.42958
0.4066909
0.8826082
0.6044239
0.9940974
0.7831642
0.3957695
0.2564224
0.5679047
0.7980782
0.7269442
0.8261426
0.2147128
0.2154276
0.6451161
0.1538557
0.6056182
0.7734072
0.4114901
0.1429806
0.1377272
0.3581909
0.3486407
0.003782491
0.1366913
0.01895657
0.9709445
0.999707
0.2043535
0.0201804
0.5480983
0.184273
0.7844664
0.2020025
0.2460797
0.06648223
0.9444743
0.01273393
0.05838581
0.7852703
0.09993231
0.01856079
0.91601
0.2359758
0.8400961
0.6169648
0.1791757
0.2272676
0.2093577
0.3958383
0.6108558
0.3803972
0.2354183
0.9950064
0.7763212
0.7796251
0.7789281
0.3922957
0.1984973
0.3994951
0.9738146
0.7903256
0.9138432
0.422407
0.7795025
0.7724168
0.8075981
0.1768056
0.3498076
0.5986227
0.1292695
0.7775719
0.1401662
0.01385447
0.9846684
0.6000806
0.4261282
0.2166602
0.9716902
0.8114366
0.3853112
0.9623848
0.9820325
0.1939858
0.002772619
0.1643091
0.3922177
0.1672311
0.3544966
0.2424677
0.8773534
0.7467843
0.413776
0.7837995
0.2017035
0.5956843
0.807136
0.05068795
0.6273025
0.8626119
0.935582
0.9958173
0.3710539
0.02800165
0.2150303
0.7656807
0.3946153
0.9204772
0.6129587
0.9731754
0.406824
0.01560299
0.7965352
0.01519532
0.9329438
0.6153645
0.6177128
0.4409601
0.1917944
0.5328442
0.01354316
0.8001284
0.1577804
0.4077983
0.9953493
0.5834832
0.7860024
0.8240402
0.4345849
0.9867952
0.3793142
0.01382386
0.3991366
0.9930752
0.4400574
0.2253041
0.01962252
0.4210843
0.9965322
0.0705441
0.2456712
0.006828065
0.987847
0.6052903
0.6307319
0.4233666
0.4200295
0.2126709
0.6281105
0.6183896
0.6106923
0.1847225
0.6022208
0.6067703
0.9558766
0.9484609
0.9649341
0.9812758
0.03202803
0.1671728
0.8291366
0.77265
0.5611104
0.4117445
0.9746371
0.4300533
0.2314481
0.9400286
0.5728948
0.2391265
0.8034782
0.5681031
0.8077705
0.9953696
0.6357888
0.01383942
0.7821885
0.1636907
0.8191354
0.1859596
0.1783906
0.4140156
0.3958268
0.9769047
0.8106558
0.4109568
0.04743524
0.6265216
0.5541464
0.573032
0.8321583
0.9646833
0.9858938
0.978159
0.01084575
0.5855872
0.8171583
0.009691977
0.9996471
0.2282878
0.6078488
0.994589
0.6239223
0.3788585
0.5496609
0.185335
0.004668313
0.1687532
0.7942818
0.7799054
0.3992282
0.9964667
0.1951681
0.4149929
0.7893459
0.569222
0.7988148
0.9659685
0.6384721
0.7743322
0.9402011
0.553104
0.6532697
0.02248932
0.64561
0.3855967
0.4207705
0.02883907
0.01098383
0.3769086
0.9730764
0.5385709
0.04979778
0.8540166
0.2370935
0.01499689
0.3827158
0.05656375
0.5867707
0.8198355
0.9735305
0.004492974
0.4014972
0.3859772
0.9973613
0.417397
0.4019642
0.975461
0.3647888
0.8067519
0.3473625
0.2011298
0.04538443
0.02615302
0.4121454
0.9798405
0.995198
0.9799696
0.982227
0.9902645
0.3870391
0.981135
0.5947338
0.6025031
0.9796854
0.2032186
0.8347216
0.372986
0.1559406
0.3355088
0.9712537
0.9811084
0.4220915
0.3668886
0.1805569
0.8024295
0.353018
0.9930507
0.4516424
0.1532815
0.2013407
0.8541499
0.8523426
0.6534203
0.7553446
0.4330785
0.783848
0.146829
0.2252046
0.1853804
0.8131702
0.9852611
0.03034442
0.1594921
0.4538947
0.823119
0.8421807
0.1578866
0.2173138
0.2269064
0.2191883
0.1685182
0.8451552
0.3958592
0.9965671
0.5722441
0.3852683
0.98795
0.9677964
0.4162072
0.8330073
0.04382126
0.61353
0.2239423
0.627016
0.01871796
0.1868879
0.7836886
0.2046174
0.966041
0.9479438
0.9953613
0.3744054
0.8293265
0.5831273
0.7800742
0.002307617
0.3635947
0.1630822
0.3803936
0.7604153
0.7940627
0.9703713
0.01216842
0.5804238
0.8694625
0.6415569
0.4198699
0.8185597
0.2159537
0.4412581
0.9866437
0.6399409
0.7567875
0.8053334
0.9965566
0.7788234
0.05860849
0.001872396
0.9832326
0.2003144
0.9802194
0.5964058
0.5447156
0.03375274
0.4491867
0.9842527
0.04156974
0.3319202
0.8071842
0.01363865
0.1770695
0.1978895
0.362178
0.6214825
0.8091142
0.8020138
0.01569092
0.9693348
0.8200247
0.4038492
0.3860029
0.03951088
0.01345058
0.2239482
0.5825803
0.4439842
0.01283449
0.9834539
0.4709995
0.01710027
0.0005558008
0.1842829
0.7932211
0.4006031
0.9929533
0.7861429
0.410802
0.5682255
0.04494407
0.2272987
0.9590177
0.9774569
0.9698223
0.009338004
0.8110837
0.9660398
0.5906786
0.008882171
0.4501225
0.9823651
0.7586185
0.3987901
0.02025761
0.005605325
0.1803197
0.4106945
0.971442
0.0004103176
0.6615325
0.03771564
0.2451598
0.8324005
0.8782483
0.9934884
0.8108633
0.5563204
0.6449053
0.0291851
0.9935799
0.6175227
0.2204629
0.2024967
0.981414
0.3778809
0.6426574
0.9224046
0.8128989
0.7220546
0.04272154
0.8238973
0.5982256
0.5949575
0.7932864
0.3650268
0.1848694
0.4003962
0.5910176
0.9890706
0.6086536
0.7352439
0.6010799
0.6077758
0.3954761
0.9812324
0.5786934
0.1919492
0.6538212
0.9747992
0.7875217
0.00865041
0.9730472
0.990148
0.9932736
0.02565959
0.6491121
0.5460167
0.6018658
0.5695934
0.1904293
0.9441256
0.9770916
0.009334917
0.413319
0.1954451
0.3771737
0.3839824
0.7375094
0.2232305
0.9731663
0.02843707
0.6169945
0.01547343
0.03688217
0.2372335
0.5916685
0.9919677
0.6226059
0.1815908
0.967432
0.06311338
0.5954007
0.8585803
0.6324859
0.5810734
0.9214929
0.1916734
0.7944712
0.221815
0.1941559
0.9911834
0.3795068
0.5704455
0.01166842
0.02282396
0.66476
0.7759165
0.968565
0.03787544
0.7555058
0.1966129
0.4139222
0.8190713
0.02936594
0.9594769
0.218119
0.5374943
0.8021825
0.7858814
0.3583847
0.3916278
0.590446
0.4458193
0.6304556
0.5606224
0.5639855
0.9635576
0.187011
0.8009523
0.9995303
0.01436571
0.9696596
0.8091917
0.6505196
0.9718012
0.8317958
0.1693061
0.9997865
0.4064968
0.1780955
0.4244537
0.2271128
0.9702256
0.1790213
0.04977687
0.852086
0.01069787
0.06610303
0.2028647
0.2018623
0.2046909
0.8374024
0.6238059
0.3707367
0.7938915
0.7620187
0.01943123
0.3992495
0.02293024
0.02963887
0.6585097
0.2054127
0.04116921
0.224508
0.002640562
0.2412992
0.002033573
0.827317
0.6086756
0.5225777
0.5671926
0.2366289
0.1679846
0.4076249
0.7954668
0.595987
0.9560455
0.5387337
0.9910537
0.2289158
0.9725529
0.02492857
0.01244988
0.188849
0.9499447
0.847899
0.6106819
0.009086889
0.6020953
0.05446245
0.9997521
0.1910847
0.6393957
0.02113571
0.5748366
0.9322269
0.04859016
0.4150487
0.1508886
0.7829695
0.01430562
0.9347944
0.8461099
0.4112779
0.8372859
0.4007745
0.8157811
0.02889091
0.5972947
0.7502606
0.04540351
0.232196
0.9963386
0.008635396
0.3970203
0.01582935
0.004916538
0.1976231
0.8032485
0.4072608
0.3740848
0.4225899
0.01578274
0.3902593
0.8033506
0.8098478
0.4100924
0.1875253
0.5597767
0.5764072
0.1935435
0.02571322
0.2189115
0.02916296
0.02379286
0.005529539
0.5999949
0.03168305
0.6503009
0.9846777
0.01807107
0.3783718
0.7448009
0.4089344
0.8136123
0.8421221
0.4244527
0.766923
0.0112447
0.2107912
0.5547343
0.9633982
0.9981634
0.5976824
0.01644642
0.0001020775
0.01394208
0.8057352
0.1789664
0.8159754
0.3496771
0.04180242
0.6201291
0.784324
0.2187825
0.5603397
0.462404
0.01924511
0.7759089
0.01987701
0.3983707
0.5741246
0.4155859
0.1946502
0.002411228
0.5823181
0.9856842
0.775871
0.9976591
0.1697454
0.4345822
0.05732332
0.9918526
0.004175723
0.6171159
0.2039095
0.2022427
0.5821332
0.4029635
0.9758
0.9774513
0.3705626
0.2023181
0.9898115
0.6139296
0.03001464
0.3983427
0.7757558
0.02358166
0.4301642
0.3673583
0.2386197
0.7209814
0.4425497
0.9652857
0.004040505
0.8034101
0.6104281
0.1740589
0.6203046
0.9842013
0.7615114
0.5717334
0.1841395
0.7748581
0.223446
0.9761399
0.2411122
0.4015593
0.4096919
0.8285868
0.8188903
0.05364136
0.7613937
0.8218264
0.4218425
0.9504549
0.00555516
0.9851935
0.5780749
0.3826729
0.0174258
0.4247695
0.4820492
0.7643015
0.6219211
0.2033302
0.01998188
0.9785369
0.5591171
0.01911438
0.02779612
0.1644479
0.9995415
0.5824759
0.4069131
0.02671416
0.9463704
0.2292717
0.7778684
0.6267726
0.5673735
0.9722371
0.1914794
0.631561
0.2036979
0.6158524
0.8099366
0.223063
0.3860956
0.2063236
0.3801003
0.7685483
0.9767668
0.6181956
0.8107022
0.02080124
0.1548365
0.02205447
0.6339456
0.9897355
0.04347153
0.8001534
0.03176932
0.03638096
0.04276728
0.01452135
0.3814737
