0.629123
0.04507507
0.4055831
0.9602003
0.4210632
0.3740894
0.9860011
0.3667164
0.8464171
0.6142017
0.5852146
0.008262369
0.9762296
0.9693543
0.2331486
0.373025
0.6250443
0.1943094
0.1778687
0.5806291
0.9980677
0.8223271
0.01624136
0.3592902
0.7792417
0.5586395
0.572001
0.0002308877
0.4050976
0.9650157
0.002237047
0.6051145
0.01851234
0.9586546
0.8140753
0.008623229
0.9869873
0.1954718
0.6255936
0.7979955
0.2389346
0.8306842
0.003869143
0.4243147
0.9636552
0.0003229819
0.5821152
0.1882382
0.1851821
0.4596636
0.8149614
0.3975093
0.6085159
0.9746894
0.9656018
0.7890142
0.9888216
0.9921689
0.479156
0.8359713
0.3473846
0.001300272
0.1711501
0.4304496
0.7632969
0.5763917
0.1599717
0.148905
0.6139073
0.5809536
0.927368
0.1750666
0.926564
0.4162187
0.0316184
0.3915356
0.9464496
0.5836111
0.02022866
0.8019609
0.1445971
0.9669445
0.9830527
0.0477766
0.06124572
0.007848772
0.005829803
0.6326417
0.1903036
0.9821307
0.9484534
0.2167346
0.7736963
0.9828657
0.4202785
0.2352891
0.6256431
0.3859136
0.6018115
0.2340374
0.0119984
0.8226478
0.1735714
0.0005480679
0.6554552
0.1952507
0.04305676
0.9958418
0.7461733
0.3814269
0.1866421
0.7804282
0.4063908
0.206908
0.6249403
0.991763
0.8585186
0.8091529
0.8118149
0.4663722
0.8223783
0.5865952
0.02788691
0.1725049
0.6546987
0.7988805
0.4088822
0.7667138
0.3582632
0.5907698
0.8065416
0.05045545
0.0298865
0.6183671
0.9934119
0.7539811
0.5708844
0.9698574
0.5635061
0.8230035
0.2112629
0.5829772
0.207268
0.7553548
0.04910789
0.7889814
0.1560052
0.4012168
0.01508229
0.5636705
0.4047794
0.9702147
0.1931991
0.2248519
0.7638723
0.3543626
0.6221484
0.5330443
0.7507824
0.02007795
0.4074002
0.409457
0.3878894
0.6048501
0.5900313
0.9811883
0.2387709
0.3949985
0.8337922
0.7845305
0.7747285
0.5842283
0.5942137
0.3836663
0.9829356
0.4008639
0.3713867
0.7661446
0.8122431
0.3766845
0.9926339
0.4097059
0.9992989
0.621803
0.9897236
0.9752541
0.550525
0.795577
0.6012351
0.3533585
0.3811623
0.97419
0.3743035
0.2075325
0.1621678
0.03703072
0.6393811
0.0167956
0.7742534
0.3684925
0.8360349
0.5801768
0.004468181
0.5907117
0.7945823
0.9878411
0.1990886
0.1603795
0.4085595
0.3687008
0.9675074
0.7589437
0.414689
0.002733423
0.02092004
0.3982736
0.3669621
0.2204107
0.9874369
0.5919177
0.7975421
0.9845244
0.0341886
0.6080729
0.2011889
0.9572596
0.593517
0.2422358
0.9853024
0.04325978
0.9473655
0.9826598
0.02799536
0.4223416
0.1719454
0.175997
0.595092
0.9881112
0.9984616
0.02245941
0.6050985
0.01630526
0.9280256
0.6229775
0.9995637
0.2279226
0.4127521
0.06073009
0.801872
0.2234429
0.2618558
0.365682
0.9925207
0.1679041
0.05309463
0.9913413
0.3877139
0.01495903
0.2174821
0.1905884
0.8064227
0.4164637
0.9857382
0.002149738
0.210071
0.5330751
0.986753
0.3890783
0.9717413
0.996168
0.9976307
0.6144133
0.3631215
0.02238414
0.9385742
0.9958436
0.3816974
0.2241466
0.6240624
0.7367381
0.1477949
0.795056
0.3657933
0.005850479
0.2197033
0.7967212
0.1766087
0.1962242
0.2149563
0.945182
0.3945863
0.3507289
0.2298411
0.5850021
0.8136075
0.02886743
0.833013
0.4007948
0.4222276
0.2237216
0.8054259
0.825091
0.6200382
0.0124017
0.7686582
0.4050376
0.6102311
0.183563
0.7629299
0.8314117
0.412795
0.8439709
0.6339388
0.247582
0.200811
0.5796196
0.3782121
0.4135144
0.0005842913
0.01413939
0.3712502
0.6358626
0.7999763
0.01405705
0.989936
0.5853883
0.2230127
0.2232399
0.03514233
0.6402496
0.9945582
0.01172823
0.02504097
0.7327826
0.2174529
0.4375583
0.3774504
0.9979465
0.1482069
0.5722136
0.01977031
0.1935182
0.221346
0.9777005
0.9402124
0.02406884
0.02617371
0.7865852
0.8085562
0.04259702
0.9696377
0.2591675
0.441415
0.4614182
0.3862407
0.5928835
0.4351407
0.1668361
0.01738378
0.2152783
0.01134703
0.006634397
0.0008782345
0.9756598
0.1870467
0.9852703
0.4352694
0.9980032
0.1907099
0.8041008
0.1730469
0.3724132
0.383872
0.05119415
0.05155187
0.1754683
0.3927564
0.0361138
0.5636006
0.6121936
0.5446024
0.6081459
0.2186135
0.4352473
0.996964
0.4480253
0.01174079
0.1853657
0.005125371
0.4046534
0.7786214
0.6123346
0.2120311
0.04464223
0.5577267
0.4290839
0.6489094
0.9896673
0.3956385
0.5847634
0.05799314
0.2407628
0.8281357
0.9727778
0.9624907
0.9873931
0.1805918
0.216591
0.3726797
0.9839228
0.001128556
0.8464454
0.4162558
0.2390653
0.5633046
0.2667623
0.1787418
0.4043131
0.04001883
0.1840168
0.5707692
0.5883096
0.5511994
0.6162125
0.1715761
0.3760535
0.2474611
0.2490197
0.9813275
0.9125729
0.6274329
0.7995543
0.2231492
1.081034e-05
0.8287491
0.3783663
0.005654706
0.002876403
0.3875729
0.7795745
0.9908702
0.4355593
0.77936
0.2201797
0.9786477
0.427437
0.5549777
0.611424
0.01976995
0.3813124
0.8116033
0.7428173
0.9992065
0.9953476
0.04758426
0.04012104
0.6156424
0.9799626
0.8312995
0.5827549
0.9601486
0.1966908
0.3954844
0.426119
0.9572198
0.4415616
0.01126427
0.9926202
0.4183606
0.3796928
0.9969961
0.375782
0.9842196
0.6033055
0.6247414
0.2242476
0.822701
0.9899565
0.0169854
0.2567464
0.5988738
0.05178341
0.260917
0.8177448
0.1973929
0.0289599
0.4378984
0.5961024
0.6109499
0.4124551
0.01922797
0.3857704
0.9360926
0.009944265
0.4093338
0.8200523
0.1832438
0.7775238
0.4158554
0.4468029
0.00819292
0.2389675
0.8027567
0.6069193
0.219616
0.2028861
0.2103964
0.4110316
0.5635807
0.003283411
0.4175614
0.01242963
0.03669714
0.02918945
0.9894254
0.9866911
0.3852962
0.9922573
0.8028421
0.3707344
0.00810068
0.5754815
0.7674263
0.6282002
0.3626989
0.007764857
0.792881
0.2098808
0.2045567
0.00216523
0.03192955
0.5821296
0.8080595
0.6195218
0.8054623
0.9865606
0.8218449
0.7990971
0.5264807
0.7864391
0.01207256
0.4128183
0.9873919
0.04786685
0.04047794
0.01269712
0.9705698
0.5676361
0.7944346
0.5670699
0.2372646
0.7967201
0.98447
0.7839056
0.8092372
0.03469869
0.9835874
0.7721602
0.9923664
0.2487715
0.2165312
0.2079856
0.3773436
0.3801102
0.8263589
0.8051937
0.9988031
0.01026731
0.9956175
0.1753566
0.5517964
0.8061746
0.3690389
0.6044399
0.01959229
0.04374224
0.8113612
0.4148089
0.9906765
0.02115724
0.01114682
0.1860204
0.199005
0.7816239
0.02493176
0.9654271
0.8144421
0.6032957
0.004328634
0.9884372
0.7719664
0.5419594
0.9890222
0.9734433
0.5876846
0.1577574
0.9587184
0.1961797
0.8578463
0.2018897
0.1940064
0.01106845
0.2310253
0.2414277
0.2223687
0.8677645
0.8293686
0.3788164
0.9607447
0.598804
0.9929522
0.1670935
0.8194125
0.04404876
0.9843022
0.1935862
0.3932106
0.05370241
0.7811674
0.97296
0.04167705
0.2098951
0.3769796
0.6224074
0.9977901
0.005318264
0.9834346
0.5978937
0.5837005
0.2047082
0.0538779
0.0102676
0.5989534
0.4034494
0.3720385
0.6182145
0.1681642
0.3486977
0.7230602
0.00885447
0.82028
0.609958
0.993914
0.803039
0.9623567
0.5888173
0.190133
0.05593737
0.8132881
0.4556857
0.5885681
0.9519148
0.9515573
0.3747109
0.9823509
0.4239556
0.3974643
0.3970485
0.001583161
0.01483374
0.6061201
0.01886505
0.02005323
0.8307871
0.7916644
0.7905743
0.9910386
0.7577698
0.3729319
0.9973505
0.06581386
0.5483734
0.9685542
0.632589
0.5991807
0.8281312
0.2017905
0.9929404
0.5794291
0.4010864
0.99941
0.3552164
0.004719717
0.7528837
0.02481506
0.5982492
0.5755702
0.8084372
0.2210772
0.6449146
0.5544046
0.200315
0.7718196
0.4446511
0.9676936
0.6329547
0.7810934
0.786987
0.9982734
0.827905
0.7929163
0.6262397
0.00719247
0.6397072
0.1969012
0.03357919
0.8236377
0.1849169
0.0235961
0.9826443
0.7855224
0.3468252
0.3611978
0.4396839
0.5814984
0.9795813
0.005536619
0.009647198
0.4340847
0.3594021
0.9649505
0.3348033
0.1759241
0.5433197
0.210383
0.02788749
0.2117022
0.1340666
0.5977996
0.8412704
0.9835748
0.2107751
0.03585854
0.9920688
0.03160381
0.6403937
0.2332638
0.7623425
0.6216062
0.4183932
0.006451236
0.5636122
0.7954612
0.03114725
0.6256865
0.9735593
0.1495509
0.01644331
0.1970731
0.5194453
0.9935376
0.04156218
0.8199456
0.8236516
0.3548873
0.2459991
0.8310911
0.01083557
0.5905828
0.6260971
0.4210718
0.5580634
0.3775801
0.9646693
0.003800576
0.002244702
0.9643655
0.1543728
0.9928858
0.440094
0.6021672
0.2027797
0.1771525
0.6560264
0.2219499
0.2024107
0.9906606
0.2167682
0.9626941
0.4157366
0.7662692
0.5513802
0.7975899
0.7881906
0.4218023
0.56561
0.6233942
0.8519835
0.8044063
0.6075099
0.3316178
0.1950508
0.9547117
0.8566594
0.797963
0.993899
0.9826655
0.5678352
0.03013484
0.9802018
0.4174402
0.05892797
0.01118475
0.02713262
0.1946671
0.9979728
0.7861714
0.6287703
0.223105
0.9783594
0.7917359
0.4222769
0.005617853
0.4549152
0.2183124
0.8007064
0.590009
0.04307514
0.0365355
0.4079896
0.2208429
0.217791
0.9626458
0.03698406
0.4061052
0.1407609
0.7648748
0.9567848
0.006375195
0.01413304
0.9508866
0.9765644
0.206647
0.5876216
0.03461937
0.9981152
0.7644479
0.7169657
0.6152272
0.1474158
0.786963
0.8034385
0.2244659
0.03205122
0.8121435
0.9589469
0.2173513
0.5974942
0.7697612
0.004690923
0.1488198
0.6104333
0.3576746
0.02294471
0.9774751
0.6181202
0.4054453
0.9933775
0.02053538
0.460932
0.3752847
0.639389
0.7928529
0.6350712
0.3789877
0.7646169
0.9225634
0.07398255
0.3744098
0.1263948
0.8161172
0.7778362
0.8449782
0.760576
0.01541111
0.5947348
0.8046725
0.7845475
0.002520409
0.97752
0.02721639
0.4021703
0.5976963
0.8032717
0.5694024
0.1955468
0.004878987
0.3805634
0.1757184
0.4050891
0.9875869
0.7809139
0.9943258
0.2432855
0.5404648
0.5997322
0.8581055
0.6056213
0.9764107
0.7771069
0.5960702
0.5658207
0.002332302
0.4278942
0.5747165
0.4038814
0.5534619
0.5967138
0.4066172
0.3706971
0.0200281
0.4416142
0.024704
0.6593701
0.6238107
0.9975233
0.4067382
0.5754438
0.979548
0.9704231
0.5940066
0.5836895
0.9402825
0.9688689
0.3925612
0.6008912
0.6193572
0.009356537
0.5991866
0.9902953
0.6229936
0.01439984
0.5932402
0.1061742
0.4365332
0.5622297
0.3788496
0.02672147
0.9292286
0.99436
0.3887449
0.03759659
0.9600476
0.9541444
0.04445068
0.3829867
0.5874458
0.3865337
0.99808
0.5407274
0.9836634
0.3457645
0.4240939
0.4262646
0.02596633
0.03749751
0.3534259
0.5935241
0.9873317
0.343753
0.4469878
0.9960816
0.461654
0.3373011
0.3227114
0.9330076
0.004739019
0.9580461
0.04391757
0.03493905
0.008434284
0.0287695
0.02570838
0.9711937
0.3934187
0.01113312
0.003059654
0.9869588
0.9804777
0.6326742
0.9355405
0.496063
0.6351551
0.0374488
0.002737543
0.4136409
0.9856155
0.04843545
0.0224706
0.380543
0.9897118
0.9520999
0.4115157
0.6123407
0.9947318
0.6087025
0.978541
0.05092113
0.6044663
0.01878295
