0.003539776
0.02979726
0.01796439
0.9905422
0.9688257
0.02734171
0.9815697
0.992515
0.03413402
0.9973566
0.04834316
0.9808131
0.9937691
0.01507841
0.9851227
0.9641963
0.9839542
0.9965929
0.02592056
0.9911602
0.9333252
0.01237988
0.009046505
0.01849275
0.9461437
0.04899804
0.01234883
0.005722317
0.9812492
0.01652044
0.9900776
0.9615692
0.9815196
0.9557798
0.9759949
0.9723276
0.9747793
0.03221544
0.05064105
0.9628098
0.01583354
0.04507378
0.05835632
0.9893373
5.999643e-05
0.05575091
0.9903696
0.9155624
0.01331376
0.02753133
0.004718961
0.03405116
0.006208371
0.002798144
0.00701829
0.9214375
0.9927566
0.02678343
0.008739251
0.9960477
0.05267745
0.9973654
0.9856743
0.9992878
0.9783482
0.02558449
0.05204032
0.01474548
0.9864192
0.03805665
0.07374706
0.9862543
0.001531881
0.07248085
0.02833429
0.987344
0.9961854
0.9948111
0.02593812
0.9872329
0.9752194
0.01403714
0.9846167
0.01419634
0.9862516
0.02019244
0.9997799
0.0145936
0.01131619
0.05224316
0.001803508
0.9808875
0.9459442
0.970395
0.9445832
0.01209054
0.9959318
0.9985192
0.0164732
0.9999554
0.02107422
0.04369756
0.03141867
0.9876713
0.02085074
0.04677073
0.01808859
0.03256313
0.01064889
0.9920794
0.9676207
0.9702788
0.9819151
0.0450226
0.9991763
0.9913312
0.9550145
0.9899111
0.04124595
0.9540794
0.003461225
0.9588785
0.9756062
0.0437055
0.9820601
0.01399392
0.9932316
0.04282259
0.01336381
0.007795142
0.01514435
0.9470141
0.0008890777
0.01986893
0.01393434
0.9990955
0.9472364
0.007265358
0.9809205
0.9335579
0.9756795
0.07075849
0.9320258
0.9766763
0.9960222
0.9685101
0.01786
0.02012072
0.9917791
0.06351518
0.02685782
0.9885755
0.9716717
0.01711774
0.9842676
0.03329119
0.9693338
0.03134945
0.02123166
0.9628907
0.9949628
0.002685263
0.9941015
0.9873581
0.007703203
0.02030439
0.9998141
0.9836536
0.9724022
0.005138983
0.9849824
0.9740024
0.9289508
0.02151248
0.9911122
0.0260813
0.991982
0.02326602
0.9787195
0.02343436
0.003390545
0.9876109
0.01802018
0.9952571
0.9946333
0.9864969
0.0440214
0.9888001
0.985123
0.9891225
0.01246713
0.9647292
0.04707951
0.03542886
0.0002922241
0.002851648
0.9929681
0.9744147
0.007577517
0.01192718
0.007463861
0.9766582
0.04335663
0.04290107
0.04738302
0.01007183
0.01172786
0.9768861
0.9926437
0.02170004
0.9691918
0.9708614
0.02197638
0.02707873
0.003378814
0.9954831
0.952757
0.9453408
0.02108321
0.9992712
0.9571923
0.01312853
0.008981401
0.9519836
0.9933633
0.0498314
0.000388669
0.9506397
0.003132721
0.06292932
0.03679272
0.969045
0.9957318
0.02091587
0.0003086055
0.02120902
0.9788174
0.02696087
0.04662421
0.01223906
0.0266192
0.01880232
0.01390376
0.01040874
0.001405063
0.9714661
0.9912799
0.9614191
0.008125854
0.04447584
0.9730378
0.001945735
3.102352e-06
0.008271182
0.02584836
0.01202242
0.9947399
0.9969335
0.9739005
0.01481121
0.9918121
0.9831581
0.9659026
0.9793641
0.06203776
0.002513085
0.9854907
0.02407371
0.06919963
0.9851093
0.9454516
0.05521868
0.9934055
0.01829698
0.02923579
0.9905034
0.01684524
0.9920495
0.01838033
0.01580402
0.02296693
0.02134066
0.9793332
0.9834883
0.9679228
0.9981197
0.9679201
0.06219851
0.9665849
0.03434753
0.9347012
0.9953596
0.9796492
0.03325345
0.01526693
0.9694337
0.04475015
0.9410691
0.9990962
0.006521804
0.9696793
0.9504196
0.03648569
0.01051936
0.9994111
0.9750879
0.9904206
0.02223434
0.006556132
0.03446719
0.01355056
0.9821361
0.01830265
0.9963891
0.9705472
0.9972286
0.01695283
0.007347688
0.006802681
0.9714867
0.0376304
0.9532347
0.9842379
0.03544416
0.009408589
0.03117066
0.0009774002
0.01150637
0.9914053
0.961217
0.9647104
0.002192434
0.9942673
0.9758055
0.999219
0.0538714
0.01150797
0.9917112
0.9952334
0.9909665
0.9636126
0.01606952
0.9771889
0.01548331
0.9626076
0.01008787
0.9927879
0.002570257
0.04353854
0.9656866
0.02658386
0.9517601
0.03809617
0.9397101
0.02904584
0.9913046
0.9819526
0.9834952
0.9798091
0.9908543
0.00453066
0.9803854
0.006889123
0.03007441
0.002067387
0.9755329
0.9390939
0.02657299
0.9890337
0.006426182
0.9605827
0.05267289
0.9486526
0.9673458
0.007119568
0.03206689
0.003940838
0.006696315
0.01203943
0.03296321
0.004709409
0.9957523
0.976895
0.02383888
0.01324022
0.04894017
0.9809288
0.002278252
0.9424863
0.985192
0.04085061
0.9807268
0.9689077
0.9783099
0.005255661
0.005712742
0.02422975
0.9657215
0.9877867
0.06464431
0.009872276
0.9981265
0.01632961
0.02331051
0.9682431
0.9774671
0.03319365
0.0003175927
0.9744767
0.02797498
0.06302516
0.01288106
0.038405
0.9790177
0.9723487
0.9899968
0.06093327
0.9800737
0.002750352
0.9563433
0.04032109
0.01833982
0.97196
0.9689803
0.9984806
0.01603963
0.9967154
0.04591625
0.05010195
0.9338634
0.9733565
0.9928424
0.9741317
0.9869551
0.05654746
0.9988191
0.9953754
0.9771231
0.02873945
0.9824212
0.9823961
0.04896248
0.004818117
0.9962788
0.01620469
0.04761647
0.9802325
0.9989731
0.978432
0.9903721
0.07990003
0.0415326
0.02821594
0.001048213
0.9868533
0.004670983
0.01827487
0.01866579
0.979838
0.02107796
0.00514024
0.03174243
0.9966492
0.9767695
0.02406819
0.9790453
0.9894195
0.9635675
0.07329846
0.9894289
0.003142406
0.9806695
0.9794157
0.007032403
0.934827
0.9920026
0.992784
0.970243
0.004194747
0.03676063
0.9923507
0.0102344
0.9957855
0.009222648
0.9942398
0.01846734
0.0136065
0.9808164
0.01402653
0.002604232
0.9414465
0.008028954
0.05791748
0.9461239
0.9545682
0.9755009
0.9901271
0.03091525
0.9376713
0.9957128
0.6157336
0.02209701
0.9973989
0.5504605
0.6400275
0.4253433
0.9950145
0.9692269
0.01454153
0.4093654
0.382195
0.4015491
0.05108738
0.4147818
0.3731631
0.9484503
0.4107892
0.04583958
0.01023065
0.3562924
0.04808919
0.4088068
0.9725323
0.002475058
0.4154494
0.626913
0.9792117
0.02362344
0.5390767
0.573291
0.9423061
0.4437579
0.6211676
0.3571038
0.4618408
0.9657141
0.9962942
0.05414224
0.005167125
0.9517032
0.5991642
0.409312
0.008090998
0.02176623
0.6334137
0.4220412
0.3861943
0.4121499
0.6292869
0.9826263
0.01448612
0.3703449
0.5861843
0.03209537
0.4029192
0.6524962
0.3955751
0.3557069
0.9682884
0.4502903
0.9797845
0.5865147
0.01215303
0.9927068
0.9815881
0.3839611
0.6127254
0.3805622
0.9900957
0.5750734
0.9995972
0.4048668
0.394303
0.9131772
0.006474826
0.9478043
0.6069865
0.9896017
0.5826166
0.5745208
0.4376026
0.9906452
0.3978539
0.9986902
0.9391801
0.6249245
0.9542452
0.6339313
0.03802539
0.03679713
0.003678527
0.6217854
0.6260657
0.1118118
0.9798134
0.6729088
0.4141896
0.5707758
0.6050743
0.6373047
0.01655575
0.4143438
0.6192689
0.9879972
0.009844619
0.5706457
0.01838791
0.9893661
0.01720162
0.3969898
0.3793377
0.9976885
0.623826
0.9957453
0.4035033
0.0141744
0.02392047
0.5736598
0.6272604
0.5977769
0.608018
0.6385626
0.5937138
0.4088302
0.9660224
0.9969325
0.5784121
0.5976214
0.03567846
0.0284269
0.621616
0.9809842
0.5973598
0.9949423
0.9940686
0.3723096
0.592301
0.6125641
0.373123
0.6050473
0.5934296
0.6191106
0.5667416
0.3427297
0.5395576
0.3461996
0.9972448
0.9914737
0.5961431
0.985915
0.9666047
0.9819045
0.0106405
0.9864021
0.9607441
0.9633606
0.6469082
0.9706215
0.4035659
0.9954687
0.02879279
0.4551829
0.009273212
0.3672223
0.9956815
0.6632437
0.01572715
0.9915263
0.03033025
0.01612722
0.4106278
0.02817899
0.4072208
0.6289567
0.6153706
0.9775792
0.02367513
0.977177
0.3707987
0.3648085
0.4016712
0.4033286
0.01713066
0.006904297
0.3873232
0.004219655
0.9799335
0.5114486
0.01976664
0.604436
0.9532739
0.9516186
0.4141753
0.03389258
0.6238667
0.5565881
0.006556029
0.02345643
0.9637108
0.5963872
0.3186419
0.9538039
0.3974967
0.0520029
0.4097374
0.6000023
0.95109
0.9899808
0.9847174
0.5880558
0.3998768
0.01182736
0.004364224
0.001842811
0.6285207
0.5873831
0.03907675
0.03849345
0.3974586
0.9604401
0.9817469
0.9800023
0.4679059
0.559629
0.6372732
0.008601401
0.3605988
0.6152471
0.02908976
0.03651835
0.9540786
0.996812
0.9429136
0.01184927
0.4607839
0.01748564
0.988615
0.9659691
0.02765863
0.5829853
0.3812688
0.4478447
0.009487578
0.6102853
0.4389024
0.6195218
0.970219
0.431156
0.329644
0.3655727
0.9873818
0.9461369
0.3589214
0.6207308
0.3849188
0.9917662
0.4119862
0.9800176
0.01908866
0.58652
0.6379618
0.3615662
0.4282987
0.005537053
0.6539947
0.004400827
0.07315573
0.4235938
0.3934156
0.5499467
0.01065977
0.001878255
0.01618757
0.5942003
0.4041982
0.5901838
0.9769814
0.02194949
0.979992
0.5994418
0.976627
0.5837667
0.0029881
0.03502106
0.9946029
0.5770163
0.9712471
0.003985745
0.9547786
0.4111414
0.05610223
0.05546982
0.3726334
0.9725417
0.6048883
0.9824369
0.3645953
0.9622475
0.6215584
0.3843599
0.01497689
0.4137536
0.5598264
0.03992553
0.4035122
0.3557002
0.3483332
0.9788316
0.02187737
0.3603461
0.06299193
0.9357055
0.01027257
0.5869786
0.380975
0.009973895
0.02084075
0.6016224
0.5832902
0.007791185
0.6480343
0.5748392
0.5491407
0.5796515
0.02684575
0.3998401
0.9833948
0.9645409
0.04965408
0.01412914
0.4151812
0.629658
0.5880901
0.9880928
0.973615
0.02392408
0.009305159
0.6216918
0.004723291
0.9620424
0.00925627
0.01433086
0.01228963
0.6029565
0.6057067
0.04154324
0.0467954
0.4177967
0.0008099885
0.05471681
0.4084684
0.3956217
0.5736839
0.4549851
0.02902485
0.3966953
0.3956248
0.3381079
0.4192301
0.4182283
0.915782
0.06304321
0.4147328
0.9661218
0.9444111
0.574046
0.9913878
0.9862908
0.4045133
0.9991681
0.6200017
0.972621
0.9648909
0.5972172
0.3577757
0.985699
0.6089247
0.01581713
0.05189766
0.362306
0.6471865
0.04536683
0.9903015
0.9833308
0.573693
0.03561077
0.4327848
0.967915
0.3650475
0.549168
0.5977177
0.4038939
0.9985325
0.9653273
0.6118128
0.972992
0.5564986
0.643124
0.02477366
0.435396
0.5881643
0.6189144
0.05051579
0.6077714
0.9624051
0.5831801
0.5824595
0.5735674
0.01465774
0.6179111
0.3942253
0.9529104
0.00345053
0.3767351
0.9573328
0.6811852
0.3957914
0.009527285
0.5634757
0.02162673
0.9821898
0.3813017
0.01304803
0.431026
0.6120428
0.9647927
0.9816991
0.4260159
0.01328564
0.03956612
0.4214708
0.3727494
0.415269
0.07487195
0.5887593
0.423246
0.5743854
0.4004904
0.4499521
0.9823139
0.4388541
0.9161433
0.6699257
0.0211694
0.9927896
0.5971673
0.6148234
0.5831807
0.5835287
0.01961303
0.005220649
0.9714873
0.02939481
0.00903952
0.03355633
0.9858973
0.9622235
0.3925351
0.01596465
0.9469085
0.03610111
0.003916876
0.3526019
0.01290026
0.9859534
0.6198928
0.01890568
0.9874152
0.3903776
0.3771787
0.4124871
0.6068178
0.9862518
0.024673
0.9963148
0.001965238
0.9891868
0.572818
0.05078858
0.9808963
0.4358591
0.9638292
0.4170514
0.05231261
0.9647379
0.03583385
0.9787747
0.3917747
0.4175008
0.9609097
0.03210703
0.01202979
0.9651533
0.05331788
0.5499187
0.3961822
0.5614663
0.4288872
0.3792391
0.9959567
