0.9888687
0.9642627
0.02719005
0.006157251
0.05621402
0.04073594
0.006707949
0.02603973
0.03145117
0.9793058
0.04219844
0.988942
0.9911849
0.9820035
0.05663388
0.9949747
0.01031158
0.02645544
0.01294103
0.001809466
0.004449288
0.990142
0.003851007
0.04697851
0.9942796
0.9730985
0.9733529
0.9860703
0.9892575
0.04334571
0.00949354
0.05266682
0.9769853
0.01010343
0.9563005
0.01911905
0.001884173
0.9938044
0.9778347
0.9484771
0.972641
0.05180096
0.9813078
0.005987401
0.9937935
0.00626841
0.04644181
0.9693383
0.9986913
0.006427707
0.005330392
0.9765077
0.008419739
0.01543601
0.004035032
0.0197622
0.007071882
0.003227251
0.0999964
0.9577051
0.9297533
0.9970898
0.06459918
0.9773916
0.9673133
0.9416067
0.007040605
0.03715562
0.01433258
0.01251884
0.9856234
0.02196888
0.01917669
0.00649407
0.05363778
0.04083685
0.9907688
0.01210443
0.01611227
0.008282
0.04219172
0.9835836
0.9879235
0.9990312
0.002112627
0.9778193
0.01849301
0.9741657
0.05010199
0.9911891
0.06633322
0.0124129
0.9772545
0.9976628
0.9557839
0.9911119
0.9793832
0.9469888
0.04421288
0.987976
0.9755817
0.01207018
0.9977579
0.9731788
0.9893648
0.04306811
0.02529212
0.9845854
0.001302331
0.02057337
0.9906759
0.9555656
0.009108097
0.9917455
0.9771001
0.9967273
0.045296
0.9363119
0.00446774
0.07676733
0.9557609
0.9607885
0.9658307
0.9620252
0.003432154
0.006126869
0.03794297
0.9675451
0.01803298
0.9957351
0.0005636708
0.0103335
0.007517295
0.988993
0.04490735
0.9973679
0.9860506
0.005655071
0.05022483
0.965198
0.9325327
0.03897907
0.0133125
0.05727106
0.007306645
0.9870651
0.04723446
0.9608492
0.05269294
0.006473986
0.9875575
0.9702445
0.9942305
0.9882776
0.06404708
0.02484862
0.9772532
0.01015136
0.9923982
0.01647243
0.01405127
0.9851783
0.9498929
0.9570109
0.06284483
0.01676861
0.01899606
0.9509587
0.007568368
0.001375799
0.003112566
0.9727012
0.006752172
0.001249696
0.9964834
0.963712
0.9699783
0.01684718
0.9676237
0.9256752
0.9675829
0.07757296
0.9824554
0.009624706
0.0203452
0.9700859
0.9789259
0.9988141
0.9931533
0.01428529
0.988446
0.00816468
0.009817548
0.9833521
0.01273972
0.9763651
0.9968946
0.01464985
0.03108464
0.02435895
0.9495637
0.986189
0.9817212
0.009176998
0.9692364
0.0182286
0.9991667
0.007187288
0.980861
0.9884981
0.008661344
0.9800158
0.9700403
0.02814187
0.9481781
0.9905678
0.9368323
0.03050514
0.9786542
0.9984608
0.007955073
0.9951775
0.01404155
0.0110934
0.02157025
0.9742489
0.9644732
0.01650245
0.9907173
0.01862961
0.03145333
0.970972
0.03825421
0.003555285
0.9534698
0.9631801
0.9860512
0.01575757
0.05280069
0.01375166
0.01568449
0.997828
0.9799515
0.9839478
0.02656287
0.002199193
0.9818532
0.009941467
0.01718174
0.9706212
0.9592559
0.9999034
0.0416557
0.9966189
0.03361229
0.02742907
0.9988168
0.974199
0.9947008
0.02911641
0.008832302
0.009505916
0.9933174
0.9895199
0.007462291
0.9924473
0.003981308
0.9725346
0.03223521
0.9840043
0.01709954
0.03643067
0.009412002
0.01900132
0.00915738
0.9792988
0.01681273
0.9609606
0.9502748
0.9339332
0.9825839
0.9592507
0.9923755
0.9988434
0.05981654
0.01267984
0.9699079
0.9509475
0.9726886
0.04890134
0.9700549
0.0178943
0.02670223
0.9973278
0.9824682
0.9643583
0.982319
0.0005703492
0.9602944
0.9567291
0.02599095
0.02128442
0.06230884
0.9807165
0.04047622
0.03557284
0.9834218
0.01786133
0.973179
0.003096418
0.9975538
0.9939462
0.01973247
0.966513
0.04861161
0.07084152
0.04953233
0.9817251
0.9841323
0.03593209
0.004605329
0.9850865
0.9792389
0.06811831
0.997738
0.04775587
0.005199272
0.9506727
0.9891035
0.9714641
0.9851517
0.5968799
0.9746038
0.3985503
0.6193212
0.584586
0.614488
0.9889912
0.3745731
0.9666479
0.5806888
0.9616508
0.9577849
0.3633768
0.5792402
0.03778556
0.01933501
0.02380658
0.3821131
0.01094573
0.5745553
0.9720173
0.01571822
0.02755952
0.9713968
0.3864131
0.9862656
0.5752504
0.05087894
0.3854835
0.01666708
0.9890463
0.5606263
0.5837111
0.9909557
0.9504829
0.6139212
0.4115111
0.5719021
0.9775643
7.02703e-05
0.6139224
0.9744997
0.9896194
0.3800356
0.3613455
0.4380967
0.03290765
0.03459643
0.982743
0.9688839
0.3457416
0.04319484
0.01859322
0.01692482
0.0892082
0.4523164
0.02723503
0.9692353
0.01949002
0.6588286
0.3599571
0.9962994
0.01371724
0.01321379
0.4137315
0.9810244
0.4108197
0.9860912
0.002444574
0.6190462
0.4125247
0.03276354
0.5344204
0.3585752
0.6139288
0.9686
0.9929812
0.6734964
0.3877169
0.4491419
0.591436
0.4206528
0.9800955
0.6085492
0.5743772
0.5820364
0.01537479
0.3887968
0.9781044
0.4099214
0.4005556
0.9923297
0.6150305
0.04103456
0.9756805
0.62149
0.3629651
0.6700885
0.5698852
0.6473439
0.3688011
0.4075828
0.4145866
0.01180189
0.656178
0.006555768
0.659019
0.6446426
0.9702585
0.5868377
0.003254571
0.03830531
0.9777536
0.3987689
0.5541732
0.5986856
0.9830816
0.9772221
0.6259623
0.9677554
0.9690848
0.3871219
0.9894277
0.9899686
0.5082043
0.5724316
0.999635
0.02207461
0.3979022
0.007220134
0.4079176
0.0343548
0.9833537
0.3775181
0.6102639
0.6477543
0.5525787
0.6561378
0.4030097
0.6011856
0.3799491
0.02375998
0.375533
0.9738206
0.3727054
0.04736087
0.9612041
0.5903795
0.583401
0.6318358
0.02478362
0.5797163
0.3881876
0.3652487
0.440113
0.3867431
0.5720913
0.3927058
0.9766449
0.4093286
0.3726051
0.02285353
0.3849427
0.5610249
0.6014039
0.9889452
0.5843685
0.9767904
0.6117678
0.9984725
0.01300652
0.3696387
0.969054
0.01769011
0.6168742
0.6631492
0.08371366
0.5565868
0.9587669
0.02311969
0.06183401
0.9487277
0.4365799
0.00287511
0.3880091
0.3953649
0.9878741
0.6262577
0.9454662
0.01691826
0.002014393
0.5474532
0.9901683
0.01034454
0.6059974
0.4053837
0.3900865
0.4102599
0.9555919
0.01328014
0.003675497
0.5639194
0.9437721
0.9880622
0.01709403
0.3679969
3.318821e-05
0.6509867
0.05014623
0.9730442
0.4094851
0.453125
0.03488184
0.08652582
0.3777662
0.3489642
0.4732374
0.3987736
0.5524035
0.04564061
0.5462616
0.3639864
0.5980768
0.6141937
0.0549481
0.9894361
0.007041121
0.432761
0.9853965
0.9740362
0.02896574
0.3800192
0.6022537
0.01217887
0.3917827
0.414836
0.9963847
0.3413002
0.9694547
0.004614006
0.9435111
0.593691
0.5939832
0.9668176
0.6264346
0.06756259
0.6121639
0.5859351
0.9693031
0.02786555
0.01745548
0.9718716
0.005473958
0.3524902
0.4146177
0.4423793
0.9893586
0.03491278
0.3724441
0.9962428
0.5926014
0.9746791
0.01168613
0.01322588
0.02556029
0.3751372
0.9846677
0.9636269
0.01000274
0.9541954
0.0219892
0.6136551
0.02260548
0.9816559
0.002913256
0.6022038
0.5657275
0.0121345
0.4252434
0.3512599
0.9945142
0.6233964
0.9730453
0.007959392
0.003933208
0.002706842
0.979162
0.398872
0.6175198
0.6205933
0.4075803
0.9709596
0.04165398
0.9545306
0.9514992
0.009844655
0.04182309
0.589674
0.02316291
0.3959196
0.628249
0.9338761
0.3770521
0.02981462
0.9370078
0.01635517
0.5673062
0.9885785
0.6242074
0.04282325
0.3925672
0.9903121
0.9509397
0.5743365
0.4179966
0.5224385
0.4487716
0.393279
0.01199104
0.9762257
0.9464578
0.9727587
0.5649174
0.9523989
0.02147329
0.005590622
0.03827016
0.5764242
0.3557973
0.006300979
0.5562148
0.4516373
0.9575003
0.648323
0.4011669
0.6014768
0.383667
0.06940443
0.4430679
0.01152665
0.9834029
0.9676499
0.006171886
0.01470223
0.9942357
0.03048623
0.02580713
0.01770261
0.9955174
0.9618267
0.99583
0.0377447
0.0176623
0.03977899
0.009524653
0.9530124
0.002367097
0.9983373
0.9911673
0.005983423
0.9903892
0.9476608
0.9896212
0.9996859
0.971828
0.006807129
0.04532339
0.9809693
0.9778292
0.003198356
0.9784622
0.976478
0.005931429
0.9921
0.9914851
0.0594083
0.009941764
0.9746611
0.03094793
0.01397849
0.9701879
0.971903
0.9655577
0.9980787
0.9893489
0.04252423
0.01406094
0.01032232
0.9886975
0.01845127
0.9964084
0.9748422
0.976368
0.007081432
0.005063026
0.9402273
0.03732694
0.9861481
0.9842884
0.005951043
0.04657082
0.03745213
0.04525216
0.9616708
0.0305865
0.9495866
0.006363729
0.9645796
0.01836277
0.02445324
0.01042964
0.05439666
0.01643233
0.96035
0.9919238
0.007071659
0.005569935
0.9489058
0.04072575
0.02189249
0.06329152
0.9944834
0.9896025
0.04203729
0.05023973
0.9834956
0.02813723
0.04555323
0.01588437
0.9869319
0.9824888
0.007511142
0.9557835
0.02078618
0.08043786
0.03341483
0.001980241
0.9441185
0.01572177
0.9686986
0.9708413
0.0515103
0.004118547
0.9656832
0.003597659
0.9716357
0.9927491
0.03492377
0.02948672
0.004374058
0.9837266
0.03116966
0.9827383
0.0253804
0.978928
0.02692658
0.9228298
0.9826277
0.9981342
0.9646469
0.9646489
0.9838048
0.9779149
0.9746631
0.9673529
0.9958189
0.01391219
0.01551056
0.008729381
0.01423349
0.02464666
0.9394861
0.04968422
0.0537273
0.02369581
0.967098
2.262351e-05
0.02983107
0.9920382
0.9907227
0.03590616
0.01917899
0.9623235
0.03335436
0.01950054
0.01117732
0.007901622
0.9954426
0.9939854
0.950836
0.0001392496
0.9921103
0.972407
0.9808875
0.9523562
0.9709643
0.01526193
0.9886467
0.007781114
0.01999032
0.01463535
0.9828126
0.9617388
0.9860453
0.9942044
0.01314849
0.02032901
0.956123
0.01012855
0.9539525
0.06004375
0.9690119
0.9841402
0.006351536
0.03424632
0.005529578
0.04693508
0.979865
0.9540857
0.9805374
0.0178024
0.01643325
0.9982837
0.939895
0.9520475
0.9947101
0.97078
0.02566794
0.9869008
0.9903398
0.9863369
0.04339006
0.02535901
0.9939906
0.9891297
0.9909799
0.005107244
0.9617929
0.9905988
0.9637828
0.9774248
0.9813026
0.9777719
0.04847108
0.0009322116
0.0678035
0.03170253
0.003256735
0.03956609
0.05066052
0.03544531
0.9726285
0.02093058
0.04195517
0.0003579302
0.9779773
0.01817806
0.9872434
0.9742948
0.9516051
0.03397844
0.002411774
0.9795068
0.01284173
0.9782107
0.9629802
0.9502362
0.0257847
0.9945735
0.9678972
0.0294784
0.9971546
0.006218545
0.007282075
0.9971337
0.02864359
0.01634366
0.03973775
0.9703741
0.9912515
0.9558188
0.9287632
3.133118e-05
0.01064832
0.9679278
0.04624151
0.9957301
0.01138547
0.9899331
0.03060099
0.02672787
0.9872186
0.0216848
0.9500533
0.9923818
0.9705547
0.0229782
0.9507943
0.02689259
0.9556531
0.9913626
0.9523764
0.9142133
0.002202163
0.9867969
0.008489391
0.9757457
0.9432341
0.03518363
0.002312924
0.9756954
0.9663493
0.01836484
0.9882736
0.0233834
0.01350092
0.9893143
0.05084067
0.9735008
0.009943817
0.9579459
0.980462
0.9890061
0.04319452
0.04935894
0.9903084
0.02335374
0.9620584
0.01807639
0.9627392
8.914841e-05
0.9456258
0.9856936
0.001837147
0.00817216
0.987093
0.9619483
0.01198721
0.0113124
0.002933204
0.9842288
0.01876502
0.9372558
0.9661388
0.01524212
0.9974249
0.01048337
0.9759391
0.01312478
0.01211011
0.0300602
0.9606413
0.01913561
0.0129773
0.9873042
0.02179983
0.0130814
0.9819428
0.04676262
0.007458781
0.03966162
0.976093
0.0265619
0.9515203
0.9875655
0.03829538
0.1008041
0.9978965
0.0002606546
