0.04700227
0.4226036
0.4014317
0.1957619
0.3949111
0.01329582
0.8281554
0.6450692
0.02820715
0.5739071
0.7899119
0.1792743
0.6114132
0.6061399
0.02914839
0.952256
0.2234903
0.9519626
0.774642
0.7678376
0.009980569
0.5486544
0.0350579
0.008467998
0.4069111
0.3908592
0.0099349
0.2395795
0.7658514
0.5938993
0.9641819
0.5938733
0.2327405
0.03482697
0.06938052
0.1910801
0.3742234
0.9735387
0.9880252
0.3921938
0.3643342
0.2243223
0.1728751
0.9721667
0.5784421
0.01093616
0.1975289
0.4125464
0.9903006
0.9963502
0.8109859
0.8037142
0.7755019
0.7287781
0.6206758
0.9770112
0.3546958
0.6097883
0.7751022
0.6096591
0.9982498
0.2047648
0.9894602
0.02640799
0.1455025
0.6290863
0.9593561
0.7913553
0.2426267
0.9839576
0.5680476
0.5531305
0.390625
0.1891776
0.3675763
0.853082
0.0153771
0.8139459
0.1545271
0.3890689
0.4582387
0.9745495
0.01290601
0.1811984
0.9876809
0.6637148
0.7997886
0.356259
0.4484068
0.2001906
0.575154
0.03578534
0.789462
0.01784305
0.8344252
0.4585808
0.9827511
0.9964551
0.002069466
0.7615906
0.475045
0.9705655
0.4491628
0.04223611
0.9973488
0.5504841
0.04652006
0.53376
0.9699567
0.9855846
0.06555889
0.9993338
0.9677306
0.9882355
0.9884222
0.04647355
0.4760466
0.9878695
0.976398
0.0169318
0.07753944
0.003302097
0.9946077
0.005120335
0.4592373
0.006634254
0.5574457
0.9857118
0.556278
0.4774184
0.01650533
0.5196841
0.02790297
0.01068371
0.4887527
0.4665643
0.5310166
0.02396486
0.01559361
0.4994384
0.5232304
0.04914971
0.9791998
0.02628819
0.9973366
0.02900395
0.4951494
0.9883158
0.4685658
0.01267354
0.01429877
0.4517959
0.9951502
0.02219076
0.9779411
0.009403792
0.009966463
0.9832102
0.9815564
0.04551818
0.9844283
0.08413309
0.9950964
0.05193036
0.02728025
0.9954081
0.5529619
0.9734897
0.01440855
0.479763
0.001459172
0.5064731
0.01032201
0.0166827
0.9751615
0.5340873
0.4782672
0.03754091
0.4872269
0.4531892
0.006731553
0.5294073
0.4739675
0.4356626
0.9424166
0.02739373
0.5134036
0.9899678
0.001749787
0.06858689
0.5330787
0.006034844
0.03427189
0.9839496
0.9986997
0.0268173
0.9471682
0.9978337
0.982451
0.01087154
0.4600675
0.5001492
0.9862363
0.9859197
0.5235922
0.0474191
0.5140539
0.4683266
0.9776045
0.0007514568
0.9806794
0.9878382
0.02684416
0.9857445
0.005284775
0.9555074
0.971032
0.04368399
0.9647221
0.5004034
0.473901
0.5290939
0.9585028
0.9765481
0.03003252
0.5099342
0.520009
0.06064911
0.4791421
0.03070156
0.01745559
0.02385018
0.9802711
0.01471531
0.5387913
0.9996853
0.9810906
0.9859903
0.5215593
0.4893956
0.5375829
0.5229149
0.4675129
0.5036092
0.9642019
0.9795524
0.04005882
0.04528334
0.9695353
0.496876
0.4232877
0.9726446
0.5103996
0.5363523
0.9811775
0.4800751
0.5392057
0.9962558
0.04164921
0.01311639
0.5372295
0.4917045
0.4886285
0.03163595
0.001624466
0.03936048
0.963843
0.4807475
0.4475524
0.9137518
0.5355717
0.5306533
0.9758125
0.01282071
0.5272774
0.476385
0.9609201
0.5167632
0.4620636
0.5108887
0.4960251
0.03927229
0.4780113
0.04862908
0.5140286
0.01237335
0.5152526
0.9968119
0.03180721
0.9433636
0.4510965
0.9699831
0.4598944
0.4829572
0.005968665
0.9932009
0.4810886
0.02360801
0.01939111
0.9827616
0.4905972
0.05732605
0.5310068
0.9994454
0.9751503
0.9502229
0.02905628
0.4821627
0.01502409
0.9845572
0.9717232
0.996994
0.9745374
0.01564359
0.5383751
0.9986542
0.01387461
0.0195271
0.9671712
0.04484793
0.9786169
0.5419088
0.996207
0.9750135
0.4365201
0.9995188
0.5463533
0.03475401
0.03611016
0.003894626
0.9818707
0.01258578
0.9409727
0.5407383
0.4916725
0.0314362
0.9774005
0.05446596
0.9595697
0.03902046
0.9970681
0.9979116
0.9833029
0.4539604
0.004764349
0.5065597
0.9825338
0.04651934
0.9947865
0.5101755
0.03304488
0.9759562
0.01010336
0.9796485
0.4935969
0.489489
0.9894718
0.01022374
0.4708428
0.9801306
0.002927527
0.9820435
0.9961466
0.4975772
0.982334
0.9967408
0.9384993
0.9980921
0.4988668
0.4884439
0.009451807
0.491687
0.9844372
0.4968835
0.02367106
0.9896281
0.07522134
0.5279764
0.002541295
0.4680884
0.02370724
0.9726166
0.9606518
0.05911828
0.4926489
0.9260284
0.02046551
0.4915552
0.9868817
0.02643402
0.4951619
0.02122633
0.9948504
0.4983964
0.5758523
0.0161805
0.9739566
0.05499035
0.9719216
0.9787081
0.9979872
0.9807717
0.01555868
0.9429591
0.9906715
0.9990865
0.01410172
0.490167
0.01606892
0.9690744
0.01249301
0.03309341
0.977857
0.01328123
0.4490067
0.9595178
0.00576368
0.5066204
0.005914893
0.5305438
0.01473516
0.01093205
0.525559
0.0455438
0.5428888
0.95878
0.02156178
0.999538
0.03189547
0.01087698
0.9961347
0.9602197
0.9572715
0.9639624
0.01126467
0.03702466
0.0261911
0.5122425
0.4618365
0.4887347
0.05616939
0.5359193
0.04185128
0.04235197
0.005685672
0.03321209
0.4759748
0.06213564
0.9968102
0.04897628
0.03535878
0.4889965
0.9939986
0.9515973
0.9734158
0.4497271
0.5167874
0.9803116
0.04098271
0.003609352
0.04633002
0.04363932
0.009946063
0.5107603
0.9511292
0.01063594
0.4816054
0.01666277
0.4757344
0.4592259
0.0261882
0.9760746
0.5141284
0.03214769
0.03290726
0.9617063
0.01740813
0.01857123
0.53748
0.9896903
0.02848901
0.5248452
0.9777189
0.01613313
0.9886474
0.9240768
0.4978167
0.5017744
0.9845353
0.528857
0.9351274
0.9919828
0.5068323
0.523536
0.4979688
0.0109445
0.02169935
0.9513132
0.4901439
0.9951778
0.009084394
0.5191039
0.5251276
0.9747364
0.5022976
0.9482029
0.9878385
0.5030621
0.491679
0.0006194611
0.04352427
0.008572656
0.04169088
0.0110835
0.03183606
0.9463305
0.5099351
0.5090153
0.9752408
0.9679634
0.4916002
0.9861002
0.492901
0.9822858
0.0167963
0.9982674
0.5564665
0.007433344
0.01065429
0.9955868
0.9760567
0.9958468
0.9744155
0.9388077
0.01987131
0.4779288
0.9730087
0.01208288
0.4883961
0.9892239
0.01642165
0.02471579
0.02353614
0.9503693
0.0383282
0.9639672
0.9960074
0.4995883
0.01244026
0.9935874
0.0120001
0.5273676
0.4976303
0.9200345
0.4990853
0.01625499
0.9534438
0.01126566
0.9856933
0.03109705
0.03047942
0.531676
0.981385
0.5175298
0.4889415
0.9336239
0.01676826
0.0145328
0.507631
0.008961308
0.9757569
0.02299755
0.03791575
0.491254
0.02350243
0.01649986
0.9465277
0.4541058
0.008089251
0.01976488
0.979079
0.008494553
0.4889739
0.4805634
0.03939687
0.5363865
0.4715126
0.544427
0.9854271
0.02743078
0.9516371
0.9989226
0.5169231
0.5091124
0.5513359
0.02230936
0.9782445
0.9710248
0.9970132
0.01122271
0.9517654
0.03176186
0.9746681
0.4757836
0.971904
0.9939413
0.9779014
0.008455418
0.0006228978
0.02815005
0.4610234
0.987103
0.9705254
0.9521508
0.4328681
0.5046769
0.9816868
0.9798452
0.9920674
0.4820947
0.04130627
0.04203641
0.01321625
0.05962602
0.9942878
0.02056341
0.9638674
0.5166051
0.9619755
0.0182251
0.9879387
0.9844071
0.0403541
0.5224752
0.4950863
0.5296954
0.4313987
0.4616187
0.9663288
0.9795437
0.9950429
0.4402073
0.4682581
0.9914348
0.9635557
0.01390454
0.9940084
0.01465057
0.9696028
0.9988943
0.9217244
0.004669534
0.5111062
0.4830084
0.007252258
0.9995719
0.5217237
0.994066
0.4893541
0.9328411
0.5208435
0.9722653
0.9773232
0.5540387
0.05956923
0.4636837
0.5192795
0.4740922
0.01924109
0.009067886
0.397805
0.04101637
0.03251128
0.4257767
0.5109579
0.4789006
0.4355978
0.5180285
0.4883408
0.9670795
0.502107
0.4556595
0.4783684
0.4555845
0.976556
0.006730925
0.9903008
0.991101
0.4897441
0.06641531
0.5593413
0.04664047
0.005162085
0.5299146
0.01451884
0.9931384
0.4623528
0.978491
0.9705928
0.004735206
0.002931895
0.9583084
0.4667198
0.4837303
0.4636791
0.5492486
0.4938416
0.5147273
0.9824728
0.9921958
0.01644273
0.5197326
0.998198
0.9608702
0.06123781
0.5274267
0.9976229
0.00435192
0.4918355
0.9456511
0.9987543
0.5753344
0.487215
0.543235
0.02004554
0.5034892
0.4873285
0.9727392
0.01805215
0.9646654
0.5266421
0.006233289
0.9757667
0.002020977
0.9950486
0.9680443
0.5228211
0.02834895
0.01120833
0.02084986
0.3941829
0.9629471
0.9955941
0.9996687
0.5263568
0.9292271
0.02109749
0.00243722
0.4519717
0.01932484
0.4796288
0.5010337
0.01707467
0.03615884
0.5416682
0.008626864
0.945683
0.9951027
0.9688726
0.5158993
0.01214441
0.0166757
0.002265487
0.9889656
0.9716553
0.4955605
0.9821045
0.004658688
0.5228679
0.01659001
0.9525497
0.02008667
0.490116
0.5235979
0.03300512
0.9225575
0.01161919
0.06571623
0.04442872
0.9596925
0.4411344
0.4883617
0.5072529
0.4675546
0.4417199
0.04838811
0.007992866
0.01005372
0.9808738
0.9645828
0.5319358
0.4385641
0.9705742
0.4630869
0.991547
0.01634253
0.9800194
0.5161904
0.4588635
0.508969
0.9818068
0.008043786
0.5223099
0.03312528
0.03338876
0.9852026
0.4556474
0.9868143
0.01708245
0.02739388
0.01440813
0.5050127
0.0037646
0.004948819
0.4828382
0.4832506
0.005291224
0.002410897
0.5188477
0.4941459
0.5106191
0.4715672
0.4956551
0.5057658
0.01516061
0.5118925
0.5076861
0.001356518
0.9815752
0.0006274056
0.4693428
0.9852236
0.9962938
0.06265898
0.008264059
0.03806915
0.9954923
0.9881784
0.5083223
0.9956937
0.551957
0.01503493
0.9734369
0.0009867046
0.9597616
0.9929014
0.4794422
0.5412142
0.9668241
0.05541313
0.001854368
0.4800697
0.04180853
0.0114616
0.02069799
0.0008069579
0.5061116
0.4797739
0.9916807
0.01978879
0.4335994
0.006913706
0.9409538
0.005034934
0.9858279
0.03223888
0.005966603
0.5095486
0.4824009
0.9797197
0.9686358
0.0173816
0.9560983
0.8982708
0.03004288
0.9817403
0.06286863
0.5162928
0.01643098
0.5086402
0.9810018
0.9785134
1.821624e-06
0.555591
0.9999865
0.5162856
0.03977458
0.4792425
0.5357158
0.001625382
0.02435037
0.5295909
0.9906224
0.9940491
0.5073234
0.004887607
0.4722216
0.5176436
0.4935179
0.03289984
0.5123006
0.5478251
0.001643207
0.507767
0.4967248
0.006696663
0.5208448
0.4853626
0.934021
0.526839
0.448669
0.4910226
0.02347981
0.973136
0.5481878
0.06059208
0.9971315
0.01495904
0.02313946
0.0106445
0.4685036
0.5107565
0.9662757
0.5301704
0.9772086
0.9896084
0.9579381
0.01733275
0.9728037
0.06558164
0.9681482
0.02274351
0.01457156
0.001233646
0.9747497
0.443814
0.07557493
0.5262992
0.4717452
0.9764402
0.547103
0.03290064
0.5238098
0.9255028
0.4939568
0.9706758
0.9718033
0.964601
0.9660717
0.9820652
0.04415711
0.9776986
0.01802156
0.9860731
0.4738486
0.5058086
0.9671435
0.007785849
0.4917002
0.9843095
0.9676742
0.01361937
0.5174909
0.9985113
0.5008584
0.03454332
0.9539974
0.5348148
0.9762763
0.01216078
0.9610144
0.9933688
0.006757271
0.9534343
0.02775095
0.974382
0.06823879
0.5377775
0.01939333
0.9755715
0.9943982
0.4740675
0.4886482
0.5417235
0.02630118
0.5258896
0.001217115
0.9970923
0.9495354
0.01518591
0.007936108
0.9695402
0.4567841
0.03833662
0.02486773
0.9619833
0.006050124
0.9969282
0.9952921
0.972245
