0.5756428
0.993957
0.5351542
0.01188603
0.9829839
0.9984999
0.4201804
0.9770016
0.01383899
0.04356517
0.558598
0.01335384
0.4157924
0.9857058
0.4317912
0.9838166
0.5985409
0.4234797
0.978104
0.966667
0.4358349
0.6179831
0.005257657
0.9806881
0.6232558
0.6148647
0.6061259
0.4028715
0.007580193
0.03527862
0.05401947
0.006983933
0.3830648
0.63366
0.9971735
0.9724345
0.984321
0.9889131
0.5575756
0.03801084
0.3546158
0.9820802
0.0425468
0.01886494
0.01676067
0.3624939
0.9805048
0.007333104
0.4213231
0.6294797
0.001353072
0.5686697
0.03517037
0.3721326
0.3890505
0.6333602
0.567911
0.03734942
0.025956
0.4023809
0.6279873
0.6047057
0.007623298
0.3779226
0.9910772
0.9607856
0.6418189
0.5886021
0.3987957
0.9798036
0.3849055
0.9828893
0.9680494
0.9779029
0.03302351
0.599877
0.3863265
0.3976041
0.01588473
0.450148
0.4352068
0.9855115
0.4091906
0.5394794
0.01668923
0.4059233
0.6045314
0.9910767
0.6261576
0.9886368
0.5662747
0.9713704
0.5846224
0.06620663
0.05370697
0.363151
0.0007979094
0.4266103
0.5740897
0.3589854
0.965652
0.01068123
0.987009
0.9616301
0.02030826
0.9705368
0.9843485
0.03939127
0.9927856
0.9945586
0.9451866
0.05111363
0.05021368
0.02426827
0.001296126
0.9649762
0.0594572
0.9540147
0.9927716
0.9872138
0.04908836
0.01331543
0.008166647
0.026463
0.9474932
0.978388
0.02714262
0.03903139
0.01422059
0.06362874
0.03281158
0.001936504
0.9744615
0.9726173
0.02321896
0.9885687
0.9732
0.9664437
0.9632809
0.9872183
0.02040151
0.01282165
0.01880388
0.9371618
0.9615172
0.991719
0.969216
0.01410901
0.01705321
0.03491517
0.9790076
0.9309202
0.002387192
0.9491553
0.02346197
0.02124801
0.9711583
0.003952991
0.01800902
0.9490988
0.9819719
0.001116969
0.9688589
0.02087135
0.9521952
0.9965638
0.9817888
0.9897292
0.02417563
0.02884119
0.9562387
0.02656231
0.9909068
0.0210668
0.9898374
0.9951296
0.9651779
0.9924177
0.9911664
0.9808284
0.007731364
0.9850759
0.9472057
0.9842924
0.004074218
0.0413541
0.01224435
0.9618977
0.9811353
0.958728
0.9842287
0.9711081
0.01233706
0.04061718
0.9749425
0.03054788
0.04914528
0.9480594
0.9698273
0.01889518
0.9904658
0.02800027
0.04207935
0.0009150084
0.03310533
0.01068758
0.02400043
0.9945923
0.04219229
0.005699221
0.9748683
0.9626291
0.04184907
0.9967108
0.002191307
0.0003333979
0.01071566
0.9947415
0.01835449
0.9945957
0.9706142
0.03715681
0.01024381
0.9446925
0.9964462
0.006889695
0.02195454
0.995643
0.9888612
0.9711345
0.01331298
0.9817323
0.004694712
0.04027932
0.02369849
0.997612
0.03506015
0.0210237
0.01312805
0.0138168
0.9496415
0.003594002
0.03674259
0.9475534
0.05037323
0.007373301
0.9905081
0.0470205
0.9941184
0.9744411
3.438028e-05
0.9975484
0.9874146
0.980929
0.959429
0.002044248
0.001863532
0.01789012
0.003898517
0.04486767
0.06515167
0.04193907
0.9765114
0.9851188
0.9635412
0.9680889
0.008370644
0.01211027
0.9996687
0.9378581
0.02158176
0.9884064
0.9433167
0.02254459
0.992556
0.03013908
0.01591478
0.9625765
0.9847588
0.002333065
0.04051211
0.9714869
0.001592602
0.04826302
0.04486418
0.03950344
0.9806594
0.9990399
0.995595
0.9752579
0.01636599
0.02996868
0.9956039
0.9876208
0.9966415
0.9238574
0.004225991
0.9774667
0.01965387
0.003352927
0.05433996
0.02312079
0.04103193
0.008899649
0.9978597
0.9999581
0.9844989
0.9815851
0.9808604
0.01883853
0.002727461
0.02104642
0.02042016
0.9916337
0.9957008
0.9688272
0.9799983
0.9876909
0.9959483
0.003438489
0.05850968
0.9549823
0.003366982
0.004026248
0.9881313
0.04935698
0.02856111
0.05297618
0.007036493
0.9266396
0.01672894
0.009930497
0.9726054
0.00128614
0.9816493
0.01584976
0.03880692
0.9755918
0.002738639
0.05364795
0.01102565
0.9767768
0.03314601
0.03131108
0.001440085
0.9806026
0.9865314
0.9734111
0.02849562
0.004326186
0.9624332
0.9924529
0.001489721
0.004463637
0.04635318
0.04196718
0.01993114
0.007792825
0.05779774
0.01558905
0.947265
0.0389392
0.03729205
0.9955718
0.998751
0.04754967
0.9954115
0.9946168
0.9738191
0.03870922
0.9811
0.9900538
0.9576145
0.002546881
0.03634155
0.9823028
0.01200203
0.9881478
0.01890776
0.0134367
0.9507115
0.9882177
0.03406021
0.0308184
0.9770827
0.9789464
0.934491
0.9937497
0.04665301
0.04793112
0.02245098
0.9719904
0.05299121
0.9797293
0.954354
0.08334432
0.9706361
0.03014601
0.03535623
0.9721432
0.03490518
0.0533326
0.9644948
0.9603352
0.9987874
0.9898709
0.04115704
0.9814771
0.9860716
0.01033459
0.06493019
0.9696067
0.9860866
0.9832676
0.9724056
0.9819937
0.9970763
0.03253902
0.009799089
0.9926923
0.9992539
0.9936606
0.959328
0.9817936
0.008703948
0.9710174
0.9760345
0.03720797
0.978869
0.04134068
0.9978907
0.005419326
0.9835484
0.9779174
0.03094356
0.9803669
0.03061647
0.02448671
0.9208966
0.006760986
0.3381819
0.387036
0.3937358
0.03564827
0.03125634
0.9923143
0.001382665
0.5902401
0.6077362
0.990589
0.9771389
0.623146
0.3843963
0.02734909
0.9923638
0.5689826
0.3906179
0.5744287
0.9846317
0.008070405
0.4235139
0.5748016
0.3978276
0.4119738
0.5424504
0.3582416
0.9545372
0.9383705
0.5801557
0.9859828
0.374851
0.9978132
0.5964086
0.9637396
0.9861752
0.6229951
0.4034303
0.4087957
0.3610208
0.6068415
0.5615262
0.4163094
0.4115067
0.002682822
0.02096969
0.9474442
0.4067446
0.9795317
0.5754244
0.03187925
0.5706114
0.3861432
0.9676406
0.9558129
0.01654466
0.4026421
0.4511503
0.5841738
0.6147556
0.05226928
0.6220535
0.9789754
0.5774529
0.9652764
0.9566551
0.6024601
0.9743753
0.9808877
0.9964743
0.5943285
0.9516695
0.5779001
0.4147477
0.01377047
0.638222
0.02120943
0.6049389
0.6196169
0.955322
0.3977693
0.9582884
0.4093878
0.626122
0.5784051
0.00102402
0.0706426
0.4153402
0.9839014
0.5998914
0.4353158
0.9817508
0.9374728
0.6095236
0.553614
0.02167605
0.6549099
0.9778768
0.4523478
0.9790796
0.4389177
0.6742653
0.0146953
0.01098582
0.3454693
0.6264479
0.001072447
0.9794317
0.3801145
0.5934325
0.03333114
0.4489515
0.5653255
0.61951
0.986412
0.4148469
0.3809976
0.9920024
0.9689998
0.4210244
0.6374137
0.9986107
0.9969161
0.03102991
0.5954068
0.9886635
0.5814216
0.4376286
0.6424562
0.3951241
0.03316201
0.04930586
0.3539164
0.6547169
0.3777215
0.998649
0.007852141
0.6286298
0.9894306
0.03366293
0.05339308
0.6193591
0.02449904
0.4302762
0.002773209
0.9939237
0.6468182
0.9931613
0.007488463
0.9512555
0.6086979
0.5650296
0.9913767
0.5401997
0.5624536
0.9781829
0.01358066
0.5965967
0.3562967
0.4215441
0.01654837
0.9642226
0.6368671
0.9941431
0.01043955
0.3878937
0.01608059
0.9716837
0.01773304
0.01266719
0.3830284
0.3682902
0.6063017
0.9857805
0.9587487
0.01997693
0.9902141
0.5583098
0.4368928
0.03252334
0.02355597
0.6171561
0.3581745
0.4174893
0.5840426
0.6295049
0.009291804
0.6071577
0.996016
0.6131207
0.9964999
0.9956199
0.3525362
0.05359851
0.01271147
0.9490335
0.3695509
0.5130169
0.03099302
0.6197166
0.9745237
0.6124205
0.4078249
0.003242369
0.0110393
0.4481814
0.02130861
0.5949244
0.9849441
0.3488993
0.9534989
0.009617249
0.9955163
0.417595
0.5546859
0.4205785
0.5523474
0.0001120656
0.9593742
0.9455466
0.5606966
0.6068882
0.008132917
0.02743225
0.6087239
0.9761683
0.9347208
0.9487327
0.0312412
0.01000068
0.9938363
0.4257401
0.9699453
0.02732977
0.005049869
0.01840322
0.376243
0.01058419
0.972644
0.4254664
0.5767971
0.6035209
0.01108122
0.6398626
0.3821616
0.9482181
0.9865168
0.9888016
0.002198652
0.07640933
0.3640294
0.5916591
0.3745067
0.6148999
0.5868926
0.05230483
0.6600235
0.01875695
0.6426905
0.3934417
0.01988859
0.3831119
0.6394458
0.6061502
0.5900428
0.977976
0.3949795
0.01456982
0.5743362
0.5599307
0.9452256
0.9638643
0.9908443
0.5844054
0.3464039
0.5820467
0.3707673
0.357838
0.9660135
0.5844282
0.6081218
0.5733922
0.4462838
0.02512942
0.6206225
0.9856326
0.9910046
0.02048566
0.3897293
0.3836609
0.4067976
0.9684362
0.419253
0.01378312
0.02212741
0.4478493
0.3762276
0.05377612
0.5685691
0.01134023
0.003289959
0.9846016
0.004685229
0.009983168
0.01891271
0.04816115
0.02039272
0.9618616
0.9790143
0.9913573
0.04843293
0.05176214
0.01825687
0.395613
0.4169485
0.592269
0.02944906
0.6154898
0.992187
0.4095858
0.4132726
0.9675187
0.6224228
0.01225501
0.9500112
0.0466956
0.9908598
0.3949656
0.373098
0.9882969
0.5979319
0.9994497
0.4201465
0.4596884
0.6104132
0.9484688
0.5737736
0.9673343
0.3431307
0.5665031
0.4365568
0.6616272
0.9934805
0.005322049
0.9650199
0.9538944
0.9606781
0.6488751
0.3894357
0.4111659
0.009278139
0.6364424
0.3540047
0.6317487
0.4188369
0.4436064
0.009781145
0.003008721
0.9955371
0.0179442
0.614172
0.006138752
0.0249916
0.05488918
0.4040431
0.9969087
0.02345517
0.4240736
0.5487976
0.9859099
0.3764635
0.9731156
0.03269941
0.3809069
0.431688
0.5725241
0.9695668
0.01255755
0.9730813
0.6387256
0.02173655
0.0265389
0.003869121
0.4315913
0.379553
0.5871927
0.6093836
0.9810956
0.9746902
0.3764887
0.01057267
0.6283553
0.9915055
0.9883581
0.3717343
0.9919528
0.9872128
0.4423402
0.000510241
0.05998102
0.4745928
0.35188
0.3898043
0.9744316
0.009550957
0.6086522
0.9907077
0.4114903
0.9713064
0.005078818
0.01472605
0.01705662
0.9826039
0.982877
0.009181138
0.384205
0.02323295
0.01937033
0.4176353
0.9693967
0.02608257
0.4152363
0.03314775
0.9576582
0.5655095
0.03245502
0.3814764
0.998226
0.462031
0.5265494
0.04645085
0.4236159
0.6094986
0.04116052
0.06101075
0.02038516
0.6149
0.01076646
0.9186402
0.6619278
0.9952899
0.5444704
0.01351024
0.3744554
0.0117827
0.9987425
0.050164
0.01053844
0.9860439
0.9774247
0.3980086
0.3951451
0.3968312
0.03823005
0.9893546
0.01962582
0.04968855
0.6492491
0.5868641
0.03590073
0.622363
0.4193062
0.4411632
0.6047835
0.4219249
0.02392649
0.6400534
0.9595048
0.4333891
0.9997099
0.3808617
0.4137431
0.03523343
0.3725217
0.4419991
0.6121636
0.4278614
0.004490338
0.9508547
0.6448549
0.9940769
0.3882441
0.6100911
0.4289002
0.3881338
0.0169841
0.5818287
0.4103356
0.01921426
0.9691284
0.9771125
0.3861031
0.004733965
0.02323901
0.9807973
0.4006484
0.02879482
0.4021659
0.4019802
0.989238
0.5948484
0.6306778
0.9905455
0.9680318
0.5956963
0.4141096
0.0124066
0.6367202
0.625215
0.3834538
0.5678103
0.001553964
0.9894639
0.3635069
0.5909277
0.5962743
0.04826382
0.95706
0.4134568
0.005314329
0.5198068
0.6150038
0.3921392
0.9960809
0.3705925
0.5610332
0.4201628
0.428377
0.006007702
0.5753798
0.002534131
0.5591846
0.01047467
0.4166796
0.9932734
0.448274
0.9679837
0.01294525
0.9642537
0.006486373
0.01454513
0.9918851
0.6419307
0.9642167
0.5919602
0.4456885
0.5976216
0.9318002
0.03013736
0.5747285
0.01525891
0.4242655
0.6499491
0.9320438
0.575263
0.6189667
0.6083784
0.4511871
0.01400689
0.9831402
0.9685534
