0.9782151
0.05421085
0.9937471
0.9634952
0.9957095
0.03639377
0.934692
0.9740799
0.03319501
0.0556042
0.02516647
0.03121793
0.04392474
0.9902193
0.01952106
0.9930756
0.02508685
0.04179192
0.006394321
0.9948489
0.9671856
0.99612
0.01947906
0.03941555
0.987135
0.02960207
0.02644674
0.9945657
0.04291204
0.9974107
0.0178019
0.01231598
0.01672844
0.0421882
0.04888341
0.9813715
0.04176077
0.9649046
0.04627593
0.01779529
0.9998926
0.01326124
0.9481583
0.05064541
0.975062
0.9499606
0.9576486
0.004341569
0.9802653
0.9523148
0.9987458
0.9923227
0.0008179488
0.02300599
0.02348949
0.9550587
0.02003472
0.04468116
0.01196969
0.00681971
0.03714776
0.02885735
0.9854771
0.9737439
0.9618605
0.9492876
0.9603586
0.9676368
0.06849885
0.9534362
0.9797987
0.9835421
0.9781947
0.01749541
0.9891746
0.9659594
0.9809212
0.02832267
0.956443
0.9800192
0.01394126
0.02466152
0.9623669
0.9582962
0.01057423
0.0249127
0.993193
0.9684547
0.9528973
0.004007584
0.928926
0.9962437
0.00182677
0.01010694
0.9870448
0.002865785
0.01242397
0.0092661
0.004214273
0.9641894
0.6408474
0.4308775
0.04030666
0.9841645
0.9804207
0.9831519
0.03254024
0.6248
0.4133937
0.9741427
0.5721482
0.04714471
0.01004205
0.969646
0.9361096
0.5864102
0.5906663
0.6342168
0.5701771
0.9752592
0.5887597
0.4158847
0.9856976
0.006269496
0.01956769
0.41104
0.4223027
0.4383571
0.03533343
0.5964695
0.001379496
0.01299163
0.3937062
0.02448574
0.3733624
0.01847231
0.5998121
0.5784301
0.3888137
0.08253665
0.6605508
0.9662383
0.4200142
0.9771809
0.9464519
0.398673
0.3841742
0.5736599
0.5904786
0.3571304
0.98318
0.03399168
0.9844649
0.3889927
0.5750405
0.9702529
0.6368983
0.9650793
0.0462368
0.582918
0.3913713
0.5611403
0.339628
0.4252545
0.3980391
0.03390491
0.4193643
0.9803872
0.4071695
0.000298488
0.6196651
0.9888503
0.4388044
0.4140912
0.561603
0.5932689
0.01728576
0.03794979
0.6025227
0.3838689
0.0437758
0.432027
0.589468
0.5786376
0.06301982
0.9981479
0.574861
0.5569129
0.002573316
0.550755
0.9656685
0.9717325
0.9285939
0.006859972
0.6068018
0.9670057
0.9979974
0.3912042
0.06050064
0.9770321
0.03684384
0.01369365
0.03166266
0.007929968
0.6353369
0.00162217
0.9550064
0.9934034
0.01808997
0.341359
0.6368939
0.3885553
0.5833463
0.02717179
0.9981953
0.6155442
0.9820394
0.992786
0.9935635
0.0338906
0.009851656
0.4325376
0.01123168
0.995863
0.404208
0.01752667
0.9473924
0.6055363
0.0197104
0.5867101
0.6194576
0.645804
0.562233
0.002651789
0.9904045
0.3906061
0.5405421
0.07237262
0.9788895
0.02153802
0.3784462
0.9890588
0.3714927
0.0006697192
0.9332317
0.0385777
0.3537661
0.9995561
0.6038664
0.629802
0.9576274
0.008350683
0.6263991
0.971724
0.4206503
0.9986194
0.9979428
0.9917648
0.3772158
0.0226216
0.0003161504
0.369014
0.3855891
0.5845011
0.3270421
0.9927968
0.5845552
0.4025543
0.3790231
0.6047046
0.02029206
0.001900161
0.03284905
0.9876995
0.4006688
0.6193048
0.05538193
0.6040091
0.996823
0.9901358
0.4053614
0.02794825
0.9686815
0.01724919
0.9917938
0.3886102
0.5967051
0.02104066
0.9908341
0.9392907
0.4647938
0.9804618
0.04245018
0.5868863
0.377355
0.628621
0.358
0.01688781
0.009149165
0.6105692
0.9846228
0.4456783
0.6327494
0.4178718
0.9536565
0.01405048
0.3375776
0.999285
0.3762238
0.02302493
0.9839754
0.9792522
0.9923997
0.6355724
0.9653685
0.9910505
0.006852063
0.02621522
0.588126
0.3856948
0.4002825
0.3704267
0.4003676
0.543244
0.01720715
0.419198
0.6068566
0.04820363
0.02391056
0.01867727
0.6073313
0.9750631
0.3625797
0.5922524
0.6165495
0.9851933
0.3810256
0.4281797
0.9553027
0.00228627
0.01921867
0.3835922
0.6183636
0.5555868
0.003436543
0.4037328
0.9864392
0.9019516
0.0006534054
0.6197225
0.9923999
0.9855183
0.02154152
0.9413542
0.620339
0.3995378
0.004833647
0.9239053
0.3957352
0.9753309
0.9644376
0.3777549
0.02553227
0.5793025
0.6227562
0.9724273
0.6070765
0.9377152
0.6452682
0.5891518
0.3484518
0.3579269
0.003922858
0.5845004
0.4623176
0.02087123
0.4824475
0.5745329
0.9801182
0.3736939
0.4240246
0.9520994
0.3781669
0.586288
0.9913553
0.002009339
0.6152907
0.04114268
0.5561158
0.6351359
0.3960968
0.546231
0.6124381
0.637142
0.00629514
0.415838
0.9809649
0.9987865
0.004737289
0.3690941
0.008720706
0.01659501
0.420935
0.4297745
0.5908754
0.0330724
0.63616
0.3441791
0.4039022
0.02549356
0.3805425
0.9897661
0.5750731
0.9544589
0.9804512
0.01626912
0.564804
0.9995447
0.004342324
0.4302933
0.4273234
0.5963892
0.9975435
0.3591345
0.3558872
0.02509394
0.03907819
0.3974198
0.645471
0.00558781
0.372323
0.9546625
0.01126976
0.01749052
0.4074586
0.5837365
0.6260516
0.9306247
0.5883668
0.9882674
0.9964117
0.01010078
0.01886278
0.9877719
0.9852849
0.9366225
0.03537523
0.02991826
0.02756454
0.02893775
0.01958119
0.976337
0.04266736
0.9796105
0.02774358
0.9815686
0.9810022
0.989024
0.01281552
0.9825837
0.9930414
0.972257
0.9330266
0.976275
0.9976966
0.01336177
0.9853889
0.03474554
0.9619816
0.03378179
0.01870485
0.9943084
0.01783739
0.02346882
0.03288919
0.9949768
0.0252569
0.01340582
0.03342598
0.05182843
0.06425293
0.9810565
0.9870696
0.01980467
0.006324734
0.9490708
0.01265214
0.9668456
0.9618364
0.9947879
0.999969
0.9846082
0.982684
0.03483894
0.9729082
0.997696
0.01867511
0.9831701
0.9650631
0.9931624
0.9863362
0.9954398
0.9974252
0.9785183
0.00308943
0.9619395
0.008066929
0.02120883
0.9610762
0.9708676
0.009261557
0.9691647
0.9988365
0.9797054
0.02479637
0.997167
0.0111334
0.9880602
0.9578784
0.9641887
0.9931178
0.9989205
0.9938607
0.9922018
0.9491217
0.02980945
0.02893417
0.01860685
0.06074364
0.9763222
0.03231264
0.02782515
0.9427805
0.9848525
0.009055115
0.03806424
0.02606829
0.0239676
0.9946687
0.02791398
0.9259539
0.9645699
0.973447
0.02106828
0.9824631
0.9659892
0.00873867
0.05515617
0.9436493
0.94846
0.02459553
0.9430405
0.08072794
0.01132267
0.9903934
0.9620771
0.9970987
0.03545695
0.03541293
0.9907966
0.0388325
0.02795618
0.9490757
0.01200129
0.9308934
0.9725462
0.9992514
0.00606381
0.9782268
0.02183087
0.01810126
0.9862174
0.9942143
0.0535349
0.01255109
0.04728516
0.02139561
0.0291465
0.01661157
0.9529761
0.9911845
0.01826235
0.008411007
0.007949251
0.01313869
0.03819537
0.9998489
0.003163697
0.9850851
0.05761192
0.02647125
0.9903975
0.9490864
0.03016585
0.0110427
0.009630831
0.9621487
0.00798424
0.9822983
0.9602458
0.04402815
0.02245315
0.9960509
0.9661185
0.02026887
0.009596859
0.03628353
0.003014472
0.975573
0.02556733
0.9739727
0.001827748
0.9249716
0.01101683
0.9787139
0.09024654
0.9674142
0.0244769
0.9849529
0.9811539
0.0001488163
0.02547599
0.9947206
0.03281766
0.9629098
0.9619579
0.01298962
0.006939331
0.01272509
1.434156e-05
0.02562347
0.9678557
0.962163
0.9818652
0.9964009
0.05834463
0.9740909
0.9888618
0.9919417
0.9923097
0.009338815
0.0129868
0.9628551
0.0388585
0.9509108
0.9530535
0.0532375
0.996586
0.9991154
0.01836175
0.990537
0.9956886
0.9736478
0.9928614
0.0467082
0.004384491
0.0656839
0.04273862
0.9745831
0.00592976
0.01665806
0.9204975
0.9902482
0.004456527
0.9916689
0.001183969
0.009173155
0.9750575
0.01993383
0.00511467
0.03868697
0.01750746
0.9860929
0.9967333
0.03331252
0.02228484
0.02648318
0.9922178
0.9898029
0.9766499
0.03907701
0.9603433
0.027862
0.01849802
0.9754398
0.9524853
0.04954144
0.02812198
0.9901594
0.01009215
0.02171872
0.9821614
0.9748819
0.9807261
0.9652791
0.9932848
0.0772307
0.9916668
0.02490032
0.9995512
0.989232
0.9970284
0.008188375
0.007676742
0.01784011
0.9824708
0.9887264
0.9876758
0.995315
0.005018004
0.01304583
0.02056379
0.03214621
0.006258076
0.02725318
0.02326267
0.0293577
0.009629733
0.03066092
0.02905607
0.9414618
0.9970284
0.01966469
0.9546613
0.04273793
0.05104028
0.9966956
0.9705427
0.02426739
0.9514214
0.005343715
0.9205713
0.9790101
0.03755697
0.007787406
0.9679313
0.988502
0.9704517
0.9932102
0.991742
0.0252861
0.9810446
0.9520567
0.9809446
0.07516885
0.9946816
0.980717
0.984449
0.967003
0.9836508
0.009408865
0.0005744934
0.9606863
0.9830357
0.9752499
0.9892756
0.00212277
0.01269299
0.9760563
0.9774015
0.9818573
0.9936182
0.03469175
0.01620621
0.9636917
0.01827178
0.0002804064
0.9656026
0.04387979
0.05713929
0.9866491
0.03217289
0.02526666
0.02393857
0.02027485
0.02125955
0.01446505
0.01436694
0.94216
0.9008407
0.01081597
0.993498
0.9269785
0.9465376
0.01962562
0.0377207
0.05807712
0.03875972
0.9524155
0.03004154
0.942423
0.01958326
0.05039751
0.03414871
0.03366712
0.01983653
0.964928
0.9838967
0.05795091
0.00552766
0.04713144
0.9651676
0.01093771
0.9872286
0.06434535
0.02787169
0.9926933
0.9846582
0.968152
0.9883387
0.9507788
0.02272025
0.00836854
0.9792863
0.9873798
0.9921886
0.03483189
0.978913
0.07149702
0.9934673
0.945506
0.9944615
0.9623276
0.9775442
0.9805081
0.9907618
0.9937882
0.9739195
0.9948696
0.006259404
0.986337
0.9662099
0.04566363
0.01238256
0.9923065
0.9650486
0.01722506
0.9914777
0.9821736
0.9862492
0.9926783
0.0181998
0.0309887
0.02094107
0.01253837
0.0504761
0.9997345
0.979543
0.05310659
0.003711131
0.03017018
0.9822349
0.02211794
0.03818083
0.9325815
0.009733017
0.9630895
0.02054622
0.05683606
0.0002477978
0.9890404
0.02590034
0.01189122
0.9853247
0.002443616
0.0007557868
0.9880272
0.003415883
0.04953942
0.0133086
0.02170043
0.07470468
0.9856782
0.9942442
0.9746337
0.03667215
0.00242181
0.001858442
0.9900935
0.01955099
0.02143315
0.019114
0.9836255
0.9975998
0.9735446
0.02627946
0.987139
0.9596346
0.02656485
0.05108467
0.9640078
0.04360032
0.03020408
0.980657
0.9724456
0.02126491
0.02717072
0.01190889
0.9418268
0.01955471
0.03692454
0.9864206
0.9836092
0.9791032
0.9866398
0.04893847
0.9818404
0.004379106
0.007472056
0.9644439
0.003850355
0.9951217
0.007702427
0.9943004
0.9650893
0.9655024
0.9782677
0.9931119
0.9860992
0.0008600481
0.950794
0.0002870981
0.9889264
0.01691083
0.04150164
0.9334471
0.005568326
0.003393588
0.9848454
0.003514279
0.05056092
0.03196795
0.02827667
0.01737239
0.01374582
0.0186644
0.9802203
0.05919824
0.9685903
0.02210956
0.9737902
0.0131638
0.03979196
0.9892539
0.04403585
0.9732502
0.9942832
0.0205226
0.9886524
0.01398626
0.03310492
0.06805763
0.9374956
0.01261742
0.9945183
0.01641316
0.942199
0.9926638
0.9691512
0.9773738
0.9757821
0.04588433
0.9854278
0.9853556
0.9641583
0.01107769
0.04478069
0.9944122
0.02643131
0.05820433
0.01605865
0.9801498
0.03825994
0.08290693
0.0301881
0.00264989
0.03312409
0.9780758
0.9499927
0.01750502
0.9824006
0.003977882
0.9904327
0.9837157
0.995505
0.96276
0.01339923
0.9771732
0.9922165
0.0277126
0.9952904
0.03500095
0.02860765
0.05943124
0.004357332
0.9801276
0.9974679
0.004967184
0.00821732
0.9291328
