0.9547662
0.9803192
0.004188499
0.03432786
0.9426348
0.9966343
0.08057332
0.02033547
0.9963459
0.001960245
0.03435416
0.9929455
0.9593664
0.02082253
0.9852935
0.0741286
0.03259934
0.01974196
0.001227844
0.9638812
0.9765367
0.9861951
0.9905541
0.966474
0.9803237
0.9596461
0.03204883
0.01942535
0.01065043
0.03231643
0.03566682
0.01708288
0.02603685
0.02079682
0.006738979
0.03945408
0.9802592
0.003396438
0.9992536
0.006392752
0.04423846
0.04696391
0.9837816
0.0147519
0.9919288
0.9959142
0.02325329
0.9820113
0.01348247
0.9839955
0.9887281
0.9830657
0.9246161
0.977478
0.9558383
0.03446387
0.02798109
0.9933227
0.006571596
0.9749553
0.0157869
0.006635363
0.9837131
0.9972732
0.03094244
0.9944367
0.02566447
0.009869113
0.01210328
0.01141302
0.01926749
0.9594086
0.9381329
0.01773567
0.02471403
0.9972505
0.9639229
0.04300429
0.9979679
0.993147
0.003511458
0.9818316
0.9734481
0.9896715
0.9944581
0.01220035
0.03486457
0.00742039
0.04007238
0.00882194
0.9940694
0.984274
0.944214
0.02921703
0.9764783
0.0001882786
0.9737579
0.9757657
0.001693947
0.9950153
0.9817131
0.04768229
0.01115259
0.0376128
0.0311761
0.01624926
0.9983298
0.03680331
0.9946647
0.9682011
0.009104723
0.961472
0.009197445
3.979229e-05
0.01778708
0.9871658
0.999826
0.9869701
0.05587343
0.01406692
0.9941275
0.9733402
0.04056737
0.9814981
0.02145382
0.03239808
0.9760094
0.973366
0.03472673
0.01091324
0.9752225
0.02564562
0.03485196
0.01859962
0.964248
0.9600287
0.9619341
0.9965356
0.9612644
0.01908799
0.9873096
0.004991229
0.9859964
0.02138254
0.04427387
0.992579
0.004678294
0.02427565
0.002376935
0.03781134
0.9785882
0.01314168
0.9883292
0.02618567
0.9929511
0.01967814
0.0007948534
0.07521129
0.02883258
0.9907451
0.9888276
0.01777454
0.9914641
0.0722642
0.9766643
0.9951979
0.0424379
0.00658954
0.9624251
0.9953377
0.9953458
0.9133865
0.02259101
0.9985043
0.9902778
0.03321548
0.007346139
0.9777132
0.01673569
0.9965417
0.001031884
0.9841214
0.05485692
0.9550788
0.9924172
0.01049578
0.02223563
0.9647798
0.009813866
0.9580284
0.9994998
0.9366956
0.0282085
0.957706
0.0006558519
0.968635
0.9211481
0.9871941
0.005143993
0.943502
0.9835687
0.9986431
0.9753469
0.01606815
0.02396144
0.02040491
0.9772365
0.04216607
0.01388728
0.9812133
0.024696
0.01211684
0.01940415
0.04477319
0.9622173
0.04077916
0.01472321
0.9933255
0.9852123
0.9674839
0.006066382
0.9836465
0.9976594
0.9763415
0.9701352
0.9947681
0.991977
0.9430338
0.01924525
0.9879608
0.9804995
0.9977291
0.01480708
0.02185397
0.01693151
0.02450085
0.02251376
0.001500211
0.9972517
0.9940997
0.9784098
0.003343435
0.9828608
0.9889636
0.01263606
0.9770454
0.9883837
0.9817234
0.03580083
0.0009253561
0.002226791
0.04804131
0.01525941
0.00832495
0.02366034
0.9949659
0.9660422
0.9968867
0.005743225
0.9903813
0.02663339
0.9940447
0.9642244
0.9828837
0.987995
0.9108889
0.9925334
0.09318241
0.03361259
0.06773319
0.9928942
0.04537908
0.03400675
0.9882068
0.02572674
0.9864828
0.9657867
0.0424483
0.9987584
0.03461076
0.9588344
0.007011514
0.02208488
0.9786883
0.06130618
0.01092234
0.0753578
0.9498271
0.02599426
0.9788362
0.9660334
0.03687595
0.9201625
0.9687763
0.02083841
0.9637523
0.03087189
0.02816815
0.953039
0.9877445
0.02785044
0.03013399
0.9808195
0.9533203
0.0174457
0.9900518
0.9916515
0.9950973
0.01692324
0.006752192
0.01232252
0.9783538
0.01202239
0.9882971
0.9876277
0.9486009
0.00115142
0.9475618
0.01980185
0.9613194
0.006820888
0.9987844
0.003433458
0.01378271
0.0391825
0.9912895
0.02911589
0.9662
0.01105141
0.02507861
0.9672234
0.9875568
0.05756878
0.9942596
0.9765989
0.9887754
0.01509147
0.02026765
0.9855867
0.9799197
0.02979226
0.9744773
0.05851046
0.9718842
0.01740297
0.9468468
0.9793814
0.9956569
0.07454146
0.02166984
0.9828368
0.006669081
0.0285366
0.970454
0.02619838
0.04539897
0.9713267
4.6497e-05
0.03229808
0.03109611
0.01921206
0.02605235
0.9983846
0.01624645
0.0004842651
0.9362757
0.00672092
0.01449161
0.02755173
0.04703208
0.9755724
0.006094944
0.9830729
0.9897632
0.9948686
0.004183352
0.04708237
0.9068707
0.001677326
0.01311039
0.01387354
0.02255621
0.9372542
0.9800141
0.9499117
0.04814472
0.02533794
0.02739727
0.01469864
0.05234674
0.002162892
0.02259371
0.9787662
0.01810048
0.9270045
0.9934984
0.988218
0.006794673
0.02874242
0.9944901
0.04938743
0.007984115
0.0005849408
0.02265803
0.01931311
0.02979487
0.985683
0.001744879
0.03169256
0.9927583
0.003472875
0.9718073
0.9909032
0.008044451
0.9617879
0.9673613
0.989085
0.9649563
0.0353006
1.165621e-05
0.02649079
0.02863697
0.005725556
0.9837461
0.9510071
0.9782722
0.968141
0.9882116
0.9787175
0.01757614
0.01394823
0.9972996
0.9710095
0.0372518
0.9972653
0.04766754
0.01084927
0.001202966
0.9689796
0.01971664
0.03362773
0.09633086
0.01485099
0.9284623
0.9616811
0.9775939
0.978814
0.02917666
0.01183374
0.00618489
0.9582905
0.9444052
0.03518878
0.9968933
0.9577077
0.01051944
0.9716344
0.9746661
0.9632759
0.9745433
0.02171495
0.02999422
0.02814168
0.0337547
0.02490553
0.9899678
0.9717022
0.0117657
0.005871058
0.06590132
0.9723361
0.9789846
0.9801752
0.9741468
0.02137468
0.8852647
0.986794
0.01368065
0.0187394
0.9553163
0.9840468
0.01283898
0.9479863
0.01361743
0.9894924
0.9589753
0.9692683
0.9798877
0.01969561
0.945403
0.9954805
0.9800008
0.07466946
0.9818804
0.9775923
0.02247804
0.002331124
0.9900137
0.02816693
0.9719801
0.9664761
0.02495721
0.9627325
0.9521531
0.9866479
0.02264066
0.9839107
0.9940763
0.004094619
0.02027755
0.03443802
0.04339538
0.9975396
0.008999135
0.02766016
0.9778263
0.0202026
0.04729998
0.03408698
0.01634492
0.01577234
0.01837987
0.9988263
0.0157244
0.9854147
0.01140779
0.02227742
0.98651
0.04576546
0.9570866
0.9679665
0.03189177
0.9938386
0.02176258
0.01844344
0.9401543
0.9812084
0.04988556
0.01394656
0.01927283
0.9934713
0.01215717
0.9952343
0.9283469
0.9959971
0.9904206
0.9786372
0.9879285
0.008054516
0.008823145
0.9952045
0.9955047
0.03330184
0.9958547
0.9605195
0.9858141
0.9957671
0.9964567
0.9860555
0.0287684
0.9945017
0.9805355
0.9805538
0.9875936
0.9938872
0.01946691
0.001594489
0.9921875
0.02009565
0.01328373
0.01855146
0.02245596
0.04601562
0.04495875
0.9450318
0.01742012
0.0476858
0.02998791
0.0554066
0.01877211
0.02366314
0.9890617
0.001431701
0.9960575
0.003617725
0.9998275
0.997668
0.04371295
0.02680012
0.9741195
0.9996806
0.03450901
0.004498136
0.9975803
0.9925483
0.009374467
0.9807763
0.956325
0.989736
0.9992147
0.9883632
0.08260521
0.9770107
0.01027948
0.9904288
0.01064183
0.006642039
0.993334
0.99268
0.9957576
0.02722783
0.9791218
0.9841429
0.04143858
0.004641696
0.02480272
0.03752609
0.01516376
0.9701205
0.007888204
0.9809064
0.01233135
0.9802407
0.9411191
0.02404977
0.9963434
0.9923855
0.009351332
0.9706588
0.01504683
0.9996616
0.9398772
0.07763315
0.04006179
0.02725916
0.9615705
0.960568
0.9844172
0.9863682
0.002863138
0.0394667
0.01207346
0.001280139
0.0077297
0.001865225
0.020112
0.9755173
0.9718036
0.03287466
0.9462412
0.02694279
0.9812055
0.9513351
0.04288478
0.9962186
0.9611365
0.04052664
0.02712006
0.9501746
0.9683467
0.01172387
0.05713584
0.03334158
0.002412284
0.9794886
0.9986994
0.007301966
0.9949606
0.01987522
0.9704453
0.9949915
0.9845233
0.001254959
0.9907525
0.003902425
0.05726751
0.9830217
0.04579608
0.01742005
0.9919929
0.9809098
0.001684
0.01762072
0.03034839
0.9462523
0.9588158
0.9659036
0.9946885
0.009944225
0.006002521
0.01229478
0.9820723
0.9985466
0.0322634
0.01322169
0.9489019
0.9937959
0.9570351
0.01658097
0.9643987
0.9565737
0.998638
0.9826073
0.02665329
0.01316942
0.04171717
0.9918623
0.003390737
0.9993219
0.9665667
0.9635159
0.03780491
0.9764629
0.98732
0.9839136
0.02446022
0.01880895
0.0165084
0.9803911
0.02315374
0.9777345
0.0007965718
0.9321747
0.9877108
0.03089951
0.9977154
0.001810426
0.9409436
0.9723013
0.9887466
0.9381416
0.9795214
0.9674408
0.9837721
0.9617777
0.01251919
0.04798174
0.9767301
0.9873078
0.02174649
0.969146
0.9739641
0.04324005
0.9926715
0.00125925
0.02409434
0.9846987
0.9546451
0.0389553
0.9919464
0.06173032
0.0003169736
0.9711527
0.0227326
0.9736655
0.02571382
0.9805936
0.9536726
0.9483099
0.01026706
0.9848886
0.03001635
0.01018989
0.004716327
0.998891
0.04061695
0.9769183
0.05780355
0.04720642
0.9624085
0.002892771
0.08623527
0.9523245
0.04762771
0.04037496
0.003871285
0.00151656
0.9846796
0.9936616
0.007731697
0.02993502
0.9868059
0.9840564
0.9985695
0.01063286
0.01125323
0.9495342
0.9365081
0.01799326
0.01383711
0.0242006
0.98576
0.0214789
0.05960234
0.05611772
0.985319
0.02291438
0.9629304
0.9868571
0.003330119
0.01143044
0.01057961
0.990971
0.04344282
0.01986193
0.04854829
0.9497677
0.9886354
0.9623816
0.03121894
0.02014959
0.03608268
0.02047889
0.02312151
0.02672058
0.07078391
0.01851282
0.04633544
0.02910165
0.9721897
0.9950519
0.05814918
0.005880329
0.01241371
0.9989793
0.01730763
0.0004102553
0.01581146
0.01480942
0.9779109
0.02479546
0.9999998
0.9955275
0.01194331
0.9568749
0.001163628
0.9992573
0.9921562
0.0404965
0.9573487
0.9916804
0.9765564
0.06444
0.03640191
0.995305
0.06132738
0.02253637
0.9619437
0.02743237
0.001550308
0.03044372
0.01313929
0.9837108
0.9746506
0.9869945
0.05965184
0.931536
0.002284593
0.9875054
0.9660213
0.9836589
0.9608228
0.9065744
0.9459988
0.01389819
0.9733797
0.0538498
0.9999027
0.9837928
0.9543705
0.9785176
0.07011759
0.9971926
0.9811217
0.9929359
0.9970655
0.01819289
0.02384943
0.0035767
0.9768613
0.9855997
0.01130809
0.008304506
0.01792709
0.0008292712
0.9515738
0.02878396
0.9951823
0.9878361
0.9955061
0.98912
0.03399435
0.9721258
0.9915786
0.9671572
0.9709955
0.9430787
0.992444
0.9697292
0.0136875
0.4994323
0.005778391
0.443346
0.9875476
0.95944
0.4910099
0.4936733
0.01333956
0.5404077
0.005304226
0.02630625
0.4938246
0.9717198
0.008768665
0.9948717
0.9859331
0.01519031
0.4855867
0.01358419
0.9725158
0.9926292
0.01553368
0.4727046
0.9629152
0.9726821
0.0291894
0.951146
0.9917354
0.4783448
0.008077635
0.9958914
0.02341118
0.5152155
0.9913133
0.9396026
0.06728875
0.4535027
0.001434121
0.966881
0.002217171
0.9856565
0.0184592
0.9573154
0.4539295
0.5315236
0.9828509
0.9831837
0.9230591
0.007225094
0.9841029
0.4979285
0.01555607
0.948212
0.5168469
0.5125774
0.07405733
0.001144625
0.5101035
0.9657434
0.003327427
0.0255576
0.007216731
0.4692733
0.4780473
0.4686005
0.4308057
0.01490898
0.01202957
0.4813299
0.01946531
0.9733361
0.5180791
0.493011
0.9507626
0.5094033
0.9898706
0.02547488
0.489253
0.4704636
0.5122288
0.001002338
0.000961202
0.00155276
0.5178098
0.5011503
0.4959782
0.4319823
0.03545312
0.9963494
0.944014
0.9852677
0.007620328
0.4825107
0.04703229
0.9882172
0.4745096
0.9998049
0.9649239
0.05268885
0.01486566
