0.5629017
0.07533049
0.3717056
0.3609069
0.3910007
0.01336596
0.01187586
0.607398
0.03420607
0.04364588
0.6341195
0.3941697
0.409115
0.5922389
0.9265444
0.6753718
0.4490135
0.564225
0.372182
0.04733496
0.01640744
0.6190232
0.9803369
0.4340205
0.5929125
0.3957787
0.4066432
0.5879511
0.5887962
0.599734
0.5868666
0.02394784
0.4031311
0.4019354
0.03383249
0.417576
0.9941115
0.02065799
0.4160387
0.03521798
0.009480721
0.05260828
0.3520143
0.976585
0.5778648
0.6146384
0.9776183
0.9069131
0.4323232
0.6524368
0.9551887
0.9611272
0.01790019
0.04575654
0.5962872
0.6157817
0.3386286
0.0691575
0.980011
0.5790944
0.5999371
0.3894365
0.9381858
0.5785338
0.6252336
0.4288767
0.3743762
0.009678721
0.3790299
0.04686849
0.5833343
0.6160567
0.4300246
0.007883844
0.9948852
0.6123983
0.409316
0.009180517
0.01562771
0.9777584
0.6746231
0.9998418
0.9924862
0.9914553
0.04831464
0.5685719
0.02874724
0.393518
0.4012002
0.4205162
0.9975327
0.5701419
0.9809725
0.5763611
0.9863863
0.9970579
0.6253741
0.01160612
0.5939581
0.9737253
0.5924266
0.06704145
0.4014347
0.5832637
0.01796916
0.9879319
0.9915706
0.9935844
0.01825532
0.009220151
0.5787925
0.4303531
0.003348047
0.01402575
0.3971636
0.9805191
0.9582285
0.3665271
0.01088826
0.3987751
0.3398123
0.9799488
0.5965344
0.6254747
0.003708958
0.02162617
0.04583238
0.9746394
0.4272284
0.5754486
0.01733977
0.988543
0.9661014
0.9860772
0.6138004
0.6306811
0.971591
0.02073878
0.0428372
0.96976
0.5909802
0.0306709
0.005414496
0.4093585
0.03085437
0.6084876
0.3240541
0.01086973
0.5486256
0.6447045
0.0261335
0.9815965
0.9491315
0.4472299
0.004161601
0.01355664
0.3283742
0.6092036
0.9561255
0.009041432
0.9791083
0.4092034
0.04138112
0.3662066
0.6348413
0.3437881
0.02010438
0.01544933
0.5580569
0.008080102
0.5244436
0.01909424
0.578027
0.9703174
0.005216544
0.06222328
0.4032826
0.3730641
0.3680382
0.5931884
0.6299399
0.9759408
0.3812681
0.6145767
0.5649063
0.3839317
0.9443218
0.3541669
0.6156524
0.6088934
0.4529013
0.3946939
0.5608426
0.5536103
0.9787556
0.6007367
0.3645425
0.03283957
0.9723998
0.5846401
0.9843156
0.05188506
0.5844203
0.4184833
0.9763308
0.6234895
0.3478133
0.3903505
0.4095018
0.006171424
0.0282888
0.04741014
0.3916819
0.3844441
0.4159808
0.653167
0.9594366
0.985482
0.002330747
0.5681717
0.01301907
0.3955487
0.3868209
0.9905888
0.3209386
0.6022309
0.3329877
0.6000462
0.9675476
0.05314486
0.03005567
0.9944992
0.9625046
0.0110194
0.601668
0.005653235
0.9635797
0.4010764
0.9911887
0.5921577
0.5915649
0.4022461
0.4182872
0.9398149
0.9801125
0.9519456
0.9895859
0.4133223
0.581278
0.4065944
0.6429511
0.5795953
0.5750421
0.002209857
0.01206686
0.9975653
0.5986969
0.9310039
0.6188795
0.9926523
0.9519823
0.5345129
0.4159577
0.4172675
0.9946453
0.5928439
0.3827941
0.04206485
0.6058407
0.9759839
0.007841118
0.3574657
0.07194812
0.999344
0.6408453
0.5857196
0.9718981
0.02061897
0.9910919
0.9454104
0.4005892
0.9763823
0.01046709
0.05807207
0.06299792
0.9338601
0.02281074
0.9480591
0.6349389
0.3736781
0.3805299
0.02052305
0.4026497
0.9777722
0.9845348
0.9992807
0.9584876
0.3579361
0.9901467
0.00970849
0.5903479
0.01004288
0.9850576
0.002979978
0.4488775
0.03402988
0.04304668
0.3821356
0.6190815
0.6062475
0.02784689
0.6025967
0.5677668
0.9924338
0.3785547
0.574064
0.5547306
0.046413
0.008598326
0.9575244
0.982209
0.9855271
0.9599788
0.9689918
0.6458052
0.3815738
0.987509
0.550366
0.6100097
0.3730895
0.5795107
0.9578927
0.07283703
0.0001215429
0.5960143
0.01218498
0.6192219
0.4185856
0.575662
0.9994079
0.6434723
0.4144537
0.006432164
0.01099327
0.3724706
0.6026319
0.9999354
0.6300729
0.008873007
0.9999949
0.4262902
0.997774
0.009691284
0.9866554
0.3680305
0.5628872
0.5311325
0.6593707
0.3532424
0.9941759
0.5609033
0.6108344
0.3617741
0.6218493
0.9897638
0.9790049
0.007029516
0.9451519
0.9851399
0.5659629
0.3840999
0.004758601
0.0107276
0.3571777
0.5945042
0.9896459
0.4271431
0.3980649
0.9828316
0.5756089
0.025623
0.4201944
0.04397725
0.9518273
0.9946188
0.3703077
0.4283584
0.968276
0.3477341
0.9453788
0.02193364
0.005392404
0.5699401
0.3691122
0.4412604
0.007597357
0.5547328
0.39353
0.9636766
0.336252
0.002020309
0.4126169
0.3673155
0.9356498
0.9773677
0.5769752
0.6052031
0.4280892
0.05712112
0.954425
0.1033679
0.4082705
0.3814795
0.9664101
0.01482451
0.3708371
0.02275979
0.4091252
0.9700427
0.0413064
0.9625318
0.5897573
0.9892793
0.609394
0.01948564
0.9931663
0.4158368
0.5828308
0.9872418
0.02544099
0.5902047
0.6071235
0.5599167
0.3662022
0.6306584
0.9664947
0.9293548
0.3984019
0.03064883
0.5763568
0.3782268
0.05624741
0.543796
0.9983464
0.4308531
0.001963339
0.0223356
0.999129
0.05118124
0.4012361
0.3912291
0.9750618
0.6179065
0.00751094
0.02304458
0.3957074
0.04074286
0.4403506
0.617395
0.00248963
0.4061329
0.58631
0.03765982
0.3510212
0.9398616
0.08069969
0.02342672
0.4258552
0.3976358
0.02179037
0.383308
0.6111566
0.9495373
0.02287477
0.02204569
0.9757713
0.009789707
0.5980611
0.4140242
0.4013965
0.9744759
0.568157
0.0516034
0.4055062
0.9686392
0.9744975
0.9894281
0.354552
0.4104766
0.9944045
0.009030501
0.6151891
0.9984749
0.9574196
0.007801579
0.590414
0.3982682
0.03398547
0.95305
0.9857111
0.01745051
0.02901739
0.0006862096
0.01210838
0.01815966
0.03888511
0.006830767
0.01042678
0.04118382
0.02345035
0.03925392
0.007144689
0.004134821
0.02111072
0.00692468
0.007374497
0.08761246
0.04392779
0.04765832
0.01959237
0.0001103705
0.06299667
0.01248959
0.0008986344
0.02330168
0.008632173
0.006649091
0.005193015
0.03275407
0.03576752
0.02899152
0.02927402
0.009789465
0.03909032
0.008152561
0.05409824
0.02179033
0.01906116
0.06870644
0.04698278
0.006892352
0.007287983
0.04373504
0.04182435
0.05605686
0.0284411
0.002700426
0.01918815
0.004855811
0.04526595
0.006531853
0.03056159
0.007610753
0.01809952
0.02121031
0.01862361
0.0003455145
0.007488946
0.008310727
0.004626554
0.06857511
0.006089715
0.03158009
0.03230977
0.02802725
0.002228164
0.01135697
0.05362034
0.008301932
0.01382014
0.06483532
0.006613961
0.007054296
0.04333536
0.03294634
0.01258651
0.02165779
0.02248474
0.05242463
0.01673162
0.01294706
0.02437045
0.02775272
0.04378021
0.007601602
0.04105026
0.01834157
0.01179025
0.008630678
0.03807207
0.01005468
0.02973729
0.002394625
0.004907586
0.06654025
0.004420575
0.006605305
0.0006557655
0.04740386
0.0533212
0.02277554
0.03733202
0.02759668
0.001409567
0.02575551
0.01069361
0.02161144
0.03204831
0.04545826
0.03273566
0.02520776
0.007358558
0.01354433
0.03649415
0.006733356
0.01283952
0.01097814
0.03710099
0.03392698
0.02870928
0.07814351
0.04879829
0.01427072
0.001529229
0.01098149
0.04880145
0.05088685
0.002192528
0.01523981
0.04338006
0.03190817
0.005686327
0.0599597
0.01672221
0.006785467
0.01419789
0.008935308
0.0189593
0.03736458
0.02697237
0.02388346
9.47809e-05
0.01594487
0.01277193
0.01826185
0.03755661
0.03664204
0.06813188
0.02686484
0.04490853
0.001518112
0.00397599
0.005030378
0.01640899
0.003628254
0.04428677
0.009207904
0.003899312
0.01990806
0.05571774
0.006107312
0.02775725
0.01861821
0.009535626
0.004463284
0.03163098
0.02409147
0.001067431
0.01473258
0.001727365
0.03649864
0.01464444
0.04318164
0.003464942
0.02335095
0.02606429
0.05442639
0.01936884
0.0175762
0.06041134
0.006010797
0.01112729
0.02459656
0.03330378
0.03807432
0.00666896
0.02076738
0.02283227
0.04721087
0.01073892
0.0730481
0.06458604
0.02011112
0.03796257
0.01952937
0.04874937
0.01353929
0.006205223
0.006347479
0.002046821
0.03567217
0.00819943
0.04610462
0.007453945
0.06466119
0.05551
0.004924219
0.005503034
0.02078883
0.01924535
0.03142983
0.009294354
0.05817829
0.003887031
0.03276513
0.002570159
0.01232138
0.004577118
0.02020389
0.05620697
0.009457692
0.002572534
0.02123841
0.01125913
0.01176307
0.0140428
0.006244375
0.01366756
0.04678386
0.03274571
0.01368613
0.004122742
0.001829957
0.006616181
0.006853214
0.02178525
0.01539084
0.008574592
0.06342764
0.01679102
0.06207757
0.02130574
0.0186051
0.01114475
0.006221708
0.006949222
0.008449572
0.03737165
0.009698909
0.01015407
0.06334717
0.0122049
0.02779517
0.02444537
0.01941349
0.002407698
0.001233797
0.01189375
0.009426907
0.02977488
0.03230484
0.03489531
0.0377341
0.006210111
0.006272572
0.005589085
0.00890079
0.004646505
0.05467688
0.01655065
0.001335591
0.0348944
0.02433121
0.0123994
0.03424605
0.04166169
0.04055506
0.006602146
0.0142432
0.04539743
0.02837238
0.03957541
0.02440004
0.03750345
0.02820188
0.0196992
0.07017229
0.009437575
0.02384185
0.033177
0.01659251
0.06481191
0.008064059
0.01208543
0.01761309
0.02273748
0.02337439
0.01356336
0.01178478
0.01438788
0.03651429
0.007835646
0.0009190017
0.01885189
0.00281311
0.0005292146
0.04410238
0.0267463
0.06811807
0.003300899
0.006014213
0.01241347
0.01153142
0.0005302633
0.02631713
0.01360717
0.01100299
0.02568352
0.02233254
0.009711059
0.009811143
0.02706704
0.008758329
0.01116914
0.04969893
0.01283825
0.01876447
0.05305602
0.01591471
0.02213728
0.02873529
0.01296251
0.01932034
0.02466991
0.007850706
0.0126388
0.0005000706
0.002079037
0.01521235
0.01682971
0.02501493
0.03240493
0.007865412
0.004263971
0.007122078
0.01033983
0.01093832
0.00116307
0.02639001
0.01930343
0.02153299
0.007066211
0.01471119
0.06765902
0.0002641152
0.007541458
0.07525302
0.01031252
0.003024085
0.05452042
0.02438863
0.06703166
0.006891038
0.02618668
0.01845314
0.0555092
0.01563192
0.01038535
0.033539
0.0364856
0.03511511
0.06209258
0.007859129
0.05067201
0.06523952
0.02844861
0.05227588
0.05327413
0.02868216
0.01803095
0.02500382
0.03132362
0.0296099
0.06031046
0.03608867
0.01161129
0.00309627
0.02101121
0.002817679
0.03780023
0.03470909
0.01565883
0.01384223
0.002356444
0.02729526
0.01451747
0.01398732
0.02342729
0.002882984
0.007253079
0.004106619
0.02929577
0.04938258
0.02886664
0.0195111
0.05379136
0.0148265
0.02998484
0.0005265989
0.04469415
0.003360167
0.0009304395
0.03117624
6.62755e-05
0.02580518
0.03620836
0.0110918
0.01684327
0.004615585
0.02687934
0.003851731
0.0002094579
0.009353843
0.005879229
0.04165387
0.009931367
0.001233587
0.03215552
0.04763888
0.0431256
0.02250784
0.02591363
0.03174165
0.00324812
0.03736363
0.003537322
0.0472695
0.006756504
0.06323685
0.01119804
0.01522938
0.02360497
0.02707104
0.07633246
0.02649463
0.01193289
0.0327811
0.0008392941
0.02376763
0.009022375
0.01005411
0.01432901
0.02865606
0.04071839
0.01108378
0.04232079
0.02677887
0.007849069
0.03142261
0.06130736
0.02357796
0.0473639
0.002543482
0.01221586
0.01318893
0.009888168
0.02311325
0.0512292
0.02744702
0.02814462
0.01179945
0.02977514
0.01934561
0.06753565
0.01421901
0.0107851
0.008402521
0.03829148
0.03426521
0.06262978
0.01248707
0.07116695
0.0343535
0.01214321
0.01243556
0.002863401
0.04739299
0.009776014
0.01981573
0.06313988
0.01979421
0.022211
0.008020467
0.0339113
0.08521321
0.04415793
0.03018019
0.02435487
0.06094787
0.0155563
