0.04476978
0.01282085
0.01766999
0.04167443
0.001905667
0.04300757
0.0202515
0.0008359599
0.005774869
0.02056841
0.03667451
0.004210163
0.05057035
0.00833204
0.0333647
0.0266591
0.01165526
0.05460258
0.03576458
0.01795698
0.01242555
0.03281559
0.03190724
0.00682233
0.02577444
0.008709877
0.01547245
0.007435964
0.001699594
0.02418112
0.008567892
0.01367554
0.03606852
0.003299486
0.0293367
0.02976615
0.002374715
0.05771604
0.01564738
0.02825209
0.010377
0.04227366
0.03788967
0.04682393
0.008140484
0.04391703
0.02382366
0.04167096
0.00203586
0.01602755
0.02276983
0.003376874
0.01387271
0.003994703
0.02303586
0.02883285
0.04338069
0.00749876
0.01804113
0.006214583
0.02792827
0.06213192
0.01592433
0.001106355
0.0127166
0.01797407
0.02801349
0.02629216
0.002447045
0.01921161
0.01632935
0.01976022
0.01498731
0.0008971718
0.0010258
0.02616009
0.01527579
9.535989e-05
0.007868943
0.003673998
0.0435221
0.02119275
0.03368662
0.0001578543
0.015452
0.02568116
0.01332485
0.004208984
0.04345305
0.004030062
0.0185546
0.03171555
0.007448299
0.02664511
0.01925657
0.04963532
0.03895807
0.01373279
0.03588673
0.04278405
0.02691398
0.003901363
0.01772335
0.0132547
0.03674247
0.001342512
0.01002155
0.03312894
0.005045616
0.01543109
0.03430614
0.02521272
0.0579259
0.04408521
0.008591856
0.05652673
0.01304727
0.006320331
0.0261697
0.03076216
0.006181378
0.04213416
0.02844278
0.05096524
0.0339081
0.005811914
0.00128269
0.0427143
0.009341769
0.01442011
0.004180586
0.02252878
0.005911098
0.01446481
0.05540195
0.02581683
0.004964195
0.01927956
0.02934031
0.02156419
0.03717389
0.02978531
0.02175669
0.02823828
0.007829072
0.03788032
0.01529342
0.01440348
0.05489165
0.00949131
0.03207127
0.06229684
0.01869538
0.05262979
0.03952934
0.003918771
0.06444049
0.00553192
0.01513209
0.04893054
0.0216315
0.001411734
0.003648911
0.0290205
0.01269856
0.03774836
0.01283063
0.008759017
0.03021543
0.03340698
0.008297612
0.006961733
0.01385982
0.03672123
0.01139474
0.01700213
0.004649632
0.04741307
0.006742004
0.01519235
0.01139391
0.01389668
0.00920687
0.02700033
0.02818668
0.05559642
0.02617131
0.02858669
0.02710745
0.002326182
0.006623794
0.01953263
0.06367689
0.00891259
0.01322907
0.000583658
0.03622673
0.02081336
0.04245037
0.08214193
0.04521147
0.01762811
0.003323101
0.03934122
0.05254547
0.02139628
0.0132364
0.008827814
0.01067677
0.001228969
0.04073016
0.02354057
0.005850182
0.05027768
0.02402514
0.02336362
0.02544826
0.03177279
0.02880794
0.01917672
0.00624478
0.04326439
0.02335786
0.04202003
0.04498433
0.03250479
0.03857986
0.01298577
0.0196568
0.004920739
0.04111478
0.01593949
0.03149169
0.01673217
0.01377221
0.01879879
0.0327899
0.03662477
0.04951819
0.008046986
0.01648709
0.03494199
0.006178263
0.01766577
0.01853847
0.02172791
0.02149755
0.001119231
0.0627354
0.01323715
0.05388005
0.01579469
0.007279494
0.009937256
0.01658118
0.01941488
0.01026884
0.02302746
0.006288151
0.02973776
0.03424906
0.01602335
0.012281
0.01053037
0.03644769
0.01331955
0.01900722
0.03342803
0.03884735
0.01218211
0.01015461
0.04139189
0.009520682
0.01749457
0.005429508
0.006830367
0.01989205
0.01106786
0.01494552
0.0189371
0.01579042
0.02510651
0.006587663
0.04390086
0.07398567
0.02117639
0.03010013
0.001233481
0.02441093
0.037836
0.06733761
0.03579387
0.007564507
0.05020055
0.03524948
0.04735649
0.007978242
0.0127396
0.007969845
0.01262491
0.01798186
0.01681212
0.04054667
0.0537134
0.01410663
0.05644459
0.01391135
0.001640255
0.06520295
0.007580993
0.03260296
0.02844598
0.03401693
0.01882177
0.05020688
0.01285006
0.08335797
0.01972796
0.04009985
0.005481728
0.01181636
0.008644578
0.002114369
0.02991837
0.01333221
0.03092434
0.009080127
0.02940488
0.02296008
0.0110113
0.04791123
0.04383762
0.003118934
0.02652148
0.05551742
0.003036846
0.01142627
0.0212509
0.02043289
0.0570638
0.02561517
0.01963471
0.002468053
0.02668342
0.03049315
0.04205191
0.02038915
0.01407295
0.01627118
0.01178057
0.008545751
0.01539249
0.001985842
0.03669228
0.04681654
0.01467872
0.05723883
0.04502185
0.04875524
0.001361012
0.006461911
0.02450619
0.01566597
0.03389088
0.04464358
0.027186
0.03309808
0.02270149
0.02581963
0.002785705
0.02414499
0.01292066
0.02629146
0.01245732
0.04136457
0.05419835
0.02882821
0.01690652
0.006821377
0.03438431
0.06930344
0.05074572
0.004117025
0.01289517
0.01703471
0.05902792
0.04671476
0.02750338
0.06429114
0.03589988
0.01693794
0.01541215
0.04436249
0.02624501
0.01971787
0.01320239
0.01633042
0.01340416
0.02928093
0.02008171
0.04556183
0.006023573
0.03775087
0.02641321
0.01646358
0.007942987
0.03772092
0.02110213
0.05006232
0.02318291
0.0256871
0.006753414
0.03458287
0.0182704
0.007539013
0.03323399
0.03110861
0.01779026
0.01341884
0.03769483
0.05843527
0.02445838
0.00829596
0.06727638
0.03047601
0.02793515
0.02078257
0.007417472
0.007344255
0.03353746
0.006642774
0.02442588
0.005067291
0.03153784
0.01168377
0.02347334
0.006040415
0.06760065
0.1030815
0.01251381
0.004330637
0.01311127
0.003632006
0.005575955
0.007913472
0.007869431
0.000840489
0.02407035
0.03152964
0.0302267
0.002465429
0.01586584
0.03629602
0.03401308
0.01892824
0.009471964
0.01654028
0.008767299
0.01585775
0.0195105
0.01976138
0.04304832
0.01719383
0.06363797
0.001999768
0.008086349
0.02345144
0.06977483
0.005926493
0.01064747
0.04680815
0.009005651
0.05241415
0.03840143
0.0127337
0.03472371
0.0001800202
0.03702695
0.0126193
0.03391513
0.03900856
0.04047014
0.004358793
0.05958478
0.002356068
0.0293431
0.01257301
0.06178919
0.002207573
0.02104762
0.02352035
0.01532287
0.01904594
0.01751726
0.01470082
0.04208138
0.01165353
0.07541151
0.007439292
0.03834571
0.08479001
0.9916427
0.05547287
0.9443352
0.9486345
0.9920576
0.0190245
0.00691846
0.002934935
0.9847059
0.002334389
0.5170959
0.9902009
0.9250275
0.9960537
0.9746866
0.0326084
0.4971343
0.4206349
0.9973642
0.9246243
0.4999775
0.03618698
0.4623503
0.04249143
0.9875654
0.9717992
0.0332605
0.48386
0.9816352
0.9869963
0.9338893
0.444622
0.9919577
0.01544007
0.5296562
0.5059948
0.9554489
0.0103203
0.03408594
0.4972122
0.4517878
0.5310049
0.0400029
0.01576318
0.0531636
0.4977855
0.9671083
0.00856844
0.0588909
0.03220996
0.02301411
0.971903
0.9678884
0.937975
0.5274439
0.02437336
0.03526667
0.9874981
0.01402767
0.9696257
0.9812627
0.04884223
0.00600035
0.0243459
0.9872581
0.992031
0.5099081
0.9695926
0.977382
0.003887693
0.01157382
0.9790527
0.03336565
0.432071
0.5043997
0.5354225
0.5357163
0.9743775
0.9686571
0.5121281
0.03325827
0.5368791
0.01737194
0.9982316
0.5320204
0.4756834
0.0007875079
0.9834726
0.9678633
0.01477024
0.05153155
0.5356107
0.00842536
0.9804943
0.9646836
0.4618107
0.9902023
0.03312399
0.5225962
0.4981414
0.5220541
0.5651169
0.03291955
0.4941569
0.000719953
0.9733262
0.4598613
0.9715011
0.9587336
0.04359373
0.9872174
0.9406844
0.01258325
0.02558958
0.5190762
0.01210372
0.02178434
0.9650412
0.9706791
0.4596727
0.02096956
0.552204
0.9433177
0.4651579
0.03122557
0.5203397
0.04740949
0.5152338
0.5016904
0.02964612
0.5607474
0.4983296
0.5382298
0.9964668
0.9892965
0.98781
0.9894024
0.9720425
0.006205201
0.5423639
0.9621701
0.975154
0.03608419
0.02659468
0.00620221
0.5183422
0.9839461
0.01632492
0.004933831
0.02679199
0.9920223
0.4866907
0.5431034
0.01714354
0.4926861
0.02568246
0.9874565
0.04953783
0.5092042
0.505757
0.5364776
0.5228392
0.988487
0.5014578
0.004500259
0.01280913
0.009151064
0.9914478
0.02838144
0.463389
0.5023152
0.02945926
0.9751412
0.02301225
0.4997128
0.4749627
0.004516565
0.9939031
0.9944222
0.4957441
0.02916205
0.002066759
0.5103809
0.5104526
0.9973607
0.4777348
0.5858297
0.0148134
0.01170226
0.5040917
0.06102716
0.03264242
0.02956662
0.9951902
0.5240375
0.008237043
0.4826214
0.9001556
0.01158361
0.0158528
0.9841553
0.4972983
0.08887202
0.9499253
0.9742265
0.9313845
0.5356009
0.5070267
0.03367044
0.02944485
0.006498929
0.0113742
0.9844081
0.02531057
0.5273494
0.4835596
0.9763996
0.02619572
0.4825782
0.9898891
0.5360818
0.9979502
0.02895049
0.03793064
0.4764887
0.008360846
0.008223011
0.05082812
0.001127322
0.05511482
0.4574709
0.9626316
0.9978869
0.000273543
0.009885439
0.5355244
0.001260505
0.03894695
0.0125767
0.4627455
0.02954577
0.9865625
0.9934998
0.5087022
0.02282281
0.5362399
0.5290335
0.5457471
0.4924503
0.004220781
0.0225697
0.5104164
0.0004181036
0.4290915
0.9956736
0.9590741
0.4820954
0.037764
0.02070962
0.9714599
0.4588071
0.01135008
0.9672758
0.02593423
0.04483209
0.5438636
0.5199223
0.01557393
0.4464231
0.008555162
0.9834873
0.03562706
0.04859092
0.006345143
0.9896451
0.4879472
0.5093138
0.9963501
0.02735368
0.9858829
0.9847757
0.03684665
0.07251293
0.9198932
0.4901606
0.50499
0.02487891
0.9625571
0.04014112
0.4836684
0.03493029
0.949889
0.4795033
0.9895727
0.4511988
0.5077116
0.5159726
0.9822411
0.9861506
0.5202238
0.5022712
0.03979193
0.01711974
0.960194
0.04000168
0.9834433
0.006635689
0.0360498
0.9705354
0.9870184
0.5154172
0.4660952
0.9744641
0.4467361
0.9515109
0.9657673
0.9815592
0.5172466
0.5113053
0.0006836965
0.5333138
0.9875433
0.5417788
0.0175776
0.01735561
0.9705589
0.9875431
0.5071236
0.4373542
0.02339964
0.4788737
0.5222184
0.932717
0.4621069
0.9648425
0.0155785
0.008334096
0.5245661
0.9710718
0.9680247
0.03357263
0.5283194
0.5131445
0.005611396
0.4831867
0.0104796
0.000360194
0.009740684
0.5215339
0.04594065
0.9988181
0.5319122
0.9633461
0.02576975
0.4868269
0.9841346
0.04117466
0.9529523
0.5189305
0.05549726
0.02331354
0.9552497
0.9978778
0.4806659
0.004892138
0.5193942
0.9795008
0.9840814
0.4180221
0.007749014
0.9790677
0.02954615
0.0428097
0.5482391
0.5358702
0.9947675
0.4777419
0.9316181
0.5274976
0.04599122
0.9782681
0.9288496
0.9792199
0.9929818
0.514714
0.9938965
0.9171121
0.4841771
0.5136623
0.4827724
0.9938022
0.9822187
0.4715995
0.4886972
0.4609112
0.02314587
0.9959078
0.4837762
0.9790613
0.9462534
0.4725136
0.5225873
0.01584589
0.02065559
0.5489894
0.9661718
0.4999533
0.4698323
0.5089427
0.4613226
0.005454575
0.5484052
0.9621305
0.462873
0.9796511
0.02696213
0.9558306
0.98481
0.02582065
0.9955458
0.4807947
0.9898898
0.9933249
0.9924501
0.04800376
0.45485
0.9953259
0.00556352
0.9483086
0.023981
0.4543042
0.01063777
0.5010498
0.03500898
0.9453796
0.9922797
0.4889668
0.958476
0.9863983
0.9852352
0.4876057
0.4640129
0.4765767
0.9950555
0.5000222
0.01367332
0.9988776
0.4885504
0.9687904
0.9996399
0.03256075
0.988446
0.9501145
0.4703159
0.5299583
0.003489557
0.5534017
0.5531673
0.5022825
0.491996
0.05405049
0.4728294
0.5083289
0.01189606
0.03684976
0.5188272
0.01927666
0.9588564
0.961618
0.008917833
0.4582939
0.9899334
0.03175732
0.03556052
0.9611889
0.06286548
0.9735508
0.01697617
0.4849953
0.9826034
0.5124367
0.959427
0.007327726
0.9458382
0.9732525
0.9879837
0.9900351
0.4740954
0.4944705
0.07218513
0.9847374
0.04064717
0.4630583
0.9555618
0.4695101
0.9690863
0.9960424
0.9980731
0.01006055
