0.004392677
0.004500944
0.03927984
0.03150735
0.03740066
0.003362273
0.01269444
0.03326944
0.01736114
0.02217861
0.05250689
0.03323951
0.005632136
0.03782125
0.00539604
0.005898834
0.0002832631
0.02916705
0.01930164
0.04541537
0.04499141
0.05834388
0.00347053
0.004490378
0.05843639
0.002204328
0.01821359
0.004145795
0.03117921
0.00919988
0.020463
0.01508297
0.02409622
0.00547374
0.01675113
0.003066286
0.01750792
0.008152308
0.01646578
0.02295944
0.03152554
0.002268952
0.009375456
0.02583073
0.03687024
0.04659454
0.005914016
0.01241693
0.01566948
0.02045893
0.002490875
0.0309643
0.04970621
0.0001423429
0.04360574
0.06269918
0.03092126
0.02617967
0.0399238
0.01884024
0.03978651
0.04325059
0.02130041
0.01488722
0.0371591
0.05614428
0.03220931
0.02672971
0.02686892
0.001213078
0.02388589
0.007204981
0.003480906
0.02163327
0.06379571
0.03175577
0.02097411
0.07918613
0.02946799
0.05829492
0.009499972
0.05947674
0.01318768
0.05908994
0.01384152
0.01481825
0.04177822
0.007449455
0.0335951
0.003658567
0.004826704
0.01389776
0.07140121
0.03068249
0.03515477
0.05307262
0.0138355
0.06722813
0.01460672
0.01879484
0.004993909
0.02830266
0.009681667
0.0499137
0.000756537
0.01153879
0.03062094
0.04481115
0.03118427
0.05259068
0.002794426
0.001138074
0.04323257
0.03584731
0.002876459
0.004624335
0.01721112
0.03110322
0.02425337
0.02104733
0.06978927
0.02882385
0.0007681057
0.01028401
0.005240737
0.04342771
0.03777508
0.00215895
0.0275091
0.006440509
0.03256971
0.05412766
0.02796843
0.0197982
0.004053213
0.009589716
0.02180612
0.01320518
0.001062959
0.03742494
0.01645525
0.01996187
0.05953714
0.02268433
0.04538668
0.04797803
0.01593925
0.02265732
0.03250515
0.04341732
0.02040143
0.0008237428
0.002694853
0.03965779
0.02834399
0.005494244
0.008566531
0.01192926
0.007114133
0.04032617
0.01525424
0.08544617
0.03373054
0.0009693954
0.03842695
0.01545011
0.03484146
0.003627208
0.01134332
0.009001367
0.001798314
0.02529929
0.01894003
0.02221432
0.007481341
0.01125179
0.06880447
0.04920501
0.01963673
0.002812125
0.009437777
0.05024428
0.001262081
0.009555746
0.02327112
0.005343051
0.01815558
0.01570401
0.03049597
0.004915213
0.02499087
0.0170956
0.05024884
0.01470184
0.01454856
0.07115735
0.01124399
0.007001761
0.004629625
0.006872957
0.005568235
0.01063704
0.02891115
0.003710743
0.02903253
0.03496712
0.005241801
0.01846009
0.02363735
0.02675584
0.06142806
0.003617857
0.003777626
0.0151531
0.005484409
0.003742051
0.00758769
0.01002045
0.04070235
0.03135268
0.009082811
0.07267336
0.01348949
0.01370443
0.001436528
0.009649222
0.01762789
0.06862592
0.04919478
0.01874948
0.02564807
0.002843021
0.004522605
0.03001816
0.009739609
0.01316753
0.02476074
0.06097508
0.003436029
0.02068619
0.001939691
0.02297217
0.02001115
0.02503751
0.00496583
0.0253156
0.03732274
0.04778928
0.001303231
0.01920143
0.03716557
0.0351632
0.01757467
0.005337245
0.01435254
0.001979052
0.03146067
0.00170083
0.04125547
0.01503714
0.0694303
0.003779868
0.02792228
0.02394296
0.04453354
0.030949
0.02738626
0.02332258
0.01700095
0.0295707
0.02392519
0.04712574
0.01250719
0.02166861
0.00586946
0.007755504
0.02428579
0.009355822
0.03584868
0.02672006
0.02113339
0.008151843
0.01055632
0.05902645
0.02587616
0.03818784
0.003033059
0.04414658
0.07567076
0.01150547
0.02445451
0.0114213
0.007571458
0.03318338
0.08356627
0.04192648
0.002908889
0.05449694
0.008341922
0.03474785
0.005964487
0.0102163
0.009227832
0.01916394
0.02149731
0.01584292
0.02523654
0.02169954
0.04255045
0.009962473
0.04188493
0.03080026
0.001507903
0.008476552
0.04387265
0.01228005
0.03762881
0.004464245
0.05237683
0.03871038
0.01750977
0.005374593
0.002251381
0.007136057
0.0284675
0.01113972
0.001335597
0.04180438
0.01624849
0.045405
0.02935221
0.04373092
0.009721587
0.007566725
0.03027541
0.02308974
0.03604917
0.03433155
0.05947627
0.01713224
0.002087686
0.04579378
0.02045362
0.03755752
0.01553237
0.007960795
0.01305582
0.03612854
0.001875653
0.0004303673
0.0007351688
0.05056419
0.003622821
0.05985127
0.0133569
0.02513567
0.03949401
0.02019231
0.08136591
0.01755282
0.02063308
0.03326129
0.01653859
0.0119067
0.00152966
0.01479212
0.03788487
0.0004231512
0.009867012
0.02588184
0.02850704
0.01078982
0.01517887
0.03640418
0.03575751
0.007430475
0.02729739
0.01627005
0.003487664
0.02966345
0.06310295
0.01500549
0.08222643
0.02187498
0.01272046
0.01580235
0.05581612
0.05165216
0.02709642
0.02665384
0.0204182
0.08377496
0.01527242
0.01934013
0.02982545
0.05486266
0.01135442
0.05129469
0.01003564
0.01069044
0.1173546
0.05126035
0.0417663
0.001040514
0.00428832
0.03558452
0.05301319
0.008217712
0.04761211
0.01552644
0.0270511
0.008597623
0.0521497
0.01187011
0.05877758
0.03127662
0.03694424
0.06973367
0.01037859
0.005674577
0.01859026
0.02771358
0.03484768
0.01397198
0.02533262
0.03115801
0.01794719
0.01480176
0.01220043
0.03815072
0.05477393
0.003455603
0.0443138
0.01908874
0.08480367
0.01201135
0.03260487
0.0492974
0.01708013
0.003712167
0.01984209
0.01596543
0.01856592
0.02355129
0.009476137
0.05435245
0.00479595
0.0538545
0.03223895
0.02170191
0.02756555
0.03580822
0.03764742
0.02561929
0.06334998
0.001482319
0.0102977
0.0003978136
0.00139398
0.01403374
0.007934902
0.004137186
0.06296778
0.008041756
0.04462984
0.07235831
0.06254908
0.004106091
0.03885499
0.04705674
0.01242026
0.02670365
0.03756941
0.01252599
0.04620399
0.07518829
0.01495871
0.02656059
0.007008926
0.003922985
0.02366259
0.03121843
0.01532036
0.07304581
0.0330199
0.03976292
0.03102006
0.02294526
0.06413076
0.01342872
0.02794092
0.006939191
0.05089863
0.02750082
0.03468812
0.0274735
0.028129
0.04394244
0.04471261
0.01658824
0.5608319
0.01817492
0.5731247
0.01609916
0.428579
0.5713715
0.9579756
0.6183665
0.002339712
0.002699928
0.3549422
0.4180313
0.432272
0.6016471
0.00710991
0.5983158
0.01896132
0.008484024
0.5537686
0.9623569
0.4236808
0.9790368
0.9879177
0.5935298
0.6182803
0.9872174
0.0344501
0.4144408
0.5614724
0.5845473
0.3574392
0.6497925
0.5727943
0.3788679
0.9806613
0.6306925
0.6067956
0.03636078
0.5914599
0.9631918
0.062937
0.9797846
0.008040603
0.9902958
0.005275388
0.02118161
0.03746389
0.4171794
0.3844732
0.9778154
0.000624094
0.0290796
0.5726557
0.03260963
0.5578096
0.4033304
0.9923814
0.03321146
0.9989337
0.9998581
0.9892358
0.969315
0.5843393
0.003568892
0.4360349
0.36145
0.3740002
0.03913507
0.04249747
0.02873919
0.9658956
0.9898728
0.9903117
0.409548
0.5409757
0.60605
0.007993408
0.3820447
0.5286851
0.05597539
0.5753389
0.4021759
0.3905135
0.008448335
0.00159164
0.0156389
0.02983001
0.02371821
0.9696205
0.6107526
0.4294229
0.9700132
0.4389336
0.3923006
0.3997581
0.3591238
0.973422
0.5802495
0.04444555
0.5918976
0.9911164
0.9934664
0.6088104
0.9927156
0.9921502
0.006519429
0.5616395
0.5933369
0.9996745
0.0302278
0.6081391
0.4214191
0.6079481
0.03136084
0.03895536
0.4120151
0.9741791
0.05258721
0.3787908
0.9826803
0.5963684
0.368762
0.5988554
0.02954527
0.964411
0.9707576
0.9755767
0.02804213
0.01600301
0.3644019
0.4172033
0.0131464
0.01434593
0.635508
0.03677147
0.3943454
0.3634495
0.644309
0.5425017
0.9913988
0.01137873
0.02166833
0.5968973
0.06476756
0.573981
0.01608024
0.6026376
0.3998826
0.6104135
0.5730024
0.416021
0.6362879
0.0227591
0.5682707
0.3456579
0.9593418
0.9338551
0.3418318
0.005119611
0.3764442
0.0004467235
0.9551439
0.9932429
0.02562647
0.05076275
0.5845574
0.05109372
0.3967476
0.428177
0.5740679
0.9782723
0.3860056
0.4051406
0.9852604
0.415284
0.5978796
0.5905716
0.9662223
0.5441555
0.6012023
0.541762
0.9983329
0.3565399
0.5863574
0.35186
0.9972621
0.4420133
0.9755839
0.9719799
0.4399564
0.01922189
0.9857779
0.9644911
0.6289294
0.5735707
0.6528594
0.008156633
0.9962428
0.4133289
0.4211162
0.4224841
0.9847087
0.5957135
0.4463702
0.9831389
0.01466462
0.461746
0.3803472
0.9898766
0.3436518
0.4373563
0.9912896
0.9759282
0.98411
0.4361602
0.5856213
0.9686894
0.3239711
0.04915988
0.9627198
0.9805207
0.6071716
0.01977866
0.0009496777
0.3965965
0.9847176
0.6008978
0.01822417
0.974932
0.01510185
0.385284
0.9913397
0.06266565
0.005930022
0.03743499
0.6474089
0.9987585
0.9796662
0.4278815
0.6184708
0.5789858
0.9554353
0.9214944
0.397212
0.9694774
0.5245786
0.4505383
0.3924551
0.9899852
0.3833276
0.3804116
0.9392378
0.6537315
0.9996411
0.02758402
0.395014
0.9903223
0.9818397
0.009479723
0.5891416
0.6144132
0.04185385
0.5780717
0.4204615
0.667346
0.05922264
0.6166416
0.02766226
0.3762507
0.6080151
0.02184179
0.404248
0.5660238
0.3881517
0.03601603
0.01376657
0.3938803
0.02773207
0.9841733
0.9508195
0.5957333
0.386054
0.4060825
0.04478627
0.03338541
0.01747985
0.9958573
0.6042267
0.9804516
0.9449588
0.6052507
0.9998924
0.4149727
0.9827788
0.9732426
0.01656329
0.3873742
0.9688624
0.5738809
0.594139
0.01577482
0.6232575
0.6111717
0.5507216
0.414433
0.5719124
0.3597985
0.008117096
0.9895093
0.9963813
0.6402584
0.9974566
0.9302511
0.610781
0.006156623
0.9750936
0.6226267
0.02540446
0.6330808
0.3971604
0.9836832
0.9826825
0.5838339
0.5971199
0.9692435
0.3934033
0.6181869
0.9988634
0.4099903
0.5874519
0.9435903
0.0003292869
0.6482736
0.3819931
0.5778921
0.6179463
0.9923444
0.009377486
0.03166954
0.3809964
0.6183437
0.01626249
0.3817363
0.4034883
0.9769019
0.02117894
0.02300816
0.5698911
0.008252606
0.3928564
0.6397511
0.002662939
0.94409
0.04352198
0.006669973
0.02849133
0.9904429
0.6216488
0.4107488
0.04840861
0.4484236
0.6552038
0.4016829
0.6273386
0.5509938
0.3571276
0.6336956
0.3658261
0.001766897
0.4036076
0.5503552
0.9812453
0.03301029
0.5969012
0.9610494
0.9787455
0.008138888
0.9405296
0.4066121
0.3255062
0.4174243
0.9985357
0.3845329
0.6169132
0.4235082
0.05787788
0.4148567
0.04289702
0.3954208
0.4076184
0.6381108
0.0479891
0.6769768
0.05950459
0.6073898
0.3964984
0.60146
0.5780301
0.6018859
0.02542126
0.9874005
0.009256422
0.4504534
0.4230945
0.01964159
0.3807478
0.9602709
0.4434031
0.9480484
0.3534794
0.959469
0.3641058
0.9744588
0.3956893
0.03219835
0.001740963
0.396298
0.6261705
0.41144
0.9718506
0.5560142
0.952709
0.01737818
0.6070084
0.4159055
0.3947722
0.002349732
0.3449247
0.007429684
0.04414119
0.9909016
0.6115612
0.9901614
0.01445425
0.005101752
0.01945802
0.9553331
0.9921205
0.9970384
0.6001453
0.02394137
0.9754515
0.9968389
0.3923053
0.9949273
0.5758465
0.3721417
0.9895532
0.9941568
0.02772192
0.02430241
0.0008098329
0.9953681
0.593414
0.9824612
0.4443451
0.5736574
0.9732398
0.0001241538
0.02841995
0.02234093
0.6038573
0.9930943
0.01307862
0.3356281
0.4830279
0.5685109
0.6487522
0.005872039
0.590516
0.01850863
0.06816493
0.3667339
0.02009183
0.3600309
0.3464677
0.3905387
0.5846017
0.3873663
0.9778057
0.9738951
0.03129726
0.002362272
0.3724826
0.9677483
0.9621663
0.5253853
0.9895504
0.3781299
0.5582628
0.5832078
0.5628143
0.3392328
0.3944225
0.5959326
0.04008848
0.4024213
0.9642657
0.9903424
0.9369297
