0.03395337
0.07268761
0.05546866
0.02726501
0.01360039
0.02734508
0.03047646
0.0147004
0.001321309
0.04056359
0.04883624
0.01323071
0.00911452
0.01590346
0.02507005
0.04113545
0.06084302
0.06861121
0.004908439
0.03481304
0.04059945
0.01520607
0.03831497
0.009873626
0.07289541
0.02158981
0.06165954
0.0292181
0.05229683
0.03437185
0.02976186
0.03469417
0.01440036
0.04116156
0.004652639
0.002492704
0.03543819
0.04222819
0.001385945
0.008869676
0.002535355
0.009055254
0.04538628
0.03768756
0.03166385
0.05669986
0.02128171
0.03193272
0.01057881
0.006871606
0.008358707
0.01625917
0.001369318
0.01139309
0.0072051
0.01841774
0.038568
0.08411495
0.02654259
0.01019287
0.03153521
0.001284679
0.01943414
0.01994477
0.02180267
0.03649161
0.01755779
0.02723018
0.01966814
0.02218243
0.01283441
0.04293632
0.02100957
0.035222
0.02392179
0.01760383
0.008355035
0.06776875
0.0305922
0.02460826
0.04151392
0.03488605
0.05810969
0.006855855
0.04715575
0.001263167
0.01827915
0.01836591
0.01110839
0.01021495
0.04528902
0.04212763
0.07007461
0.04607733
0.006501245
0.01760484
0.02854271
0.01851619
0.002903138
0.04540186
0.02380076
0.006004384
0.02094075
0.02669477
0.07877243
0.04126878
0.03715849
0.0185057
0.03388297
0.001713678
0.01561661
0.01381103
0.0378977
0.01812874
0.008401874
0.009788545
0.03001417
0.02642963
0.05881507
0.01570281
0.0009913386
0.02677749
0.04806678
0.004761787
0.04655276
0.0001227065
0.02230244
0.001971593
0.001997335
0.01654831
0.007106934
0.05681651
0.04410915
0.07119927
0.0004261135
0.02502844
0.02500168
0.04151375
0.002051544
0.06035141
0.02348855
0.01934944
0.02884903
0.03644258
0.01459085
0.01085114
0.02284708
0.01302404
0.07195283
0.0479682
0.002571785
0.03722946
0.0492741
0.003537612
0.03186275
0.02891003
0.03481526
0.0275765
0.04337275
0.02087117
0.006315548
0.02274892
0.0306401
0.01259133
0.03245051
0.05540074
0.005254482
0.0006463377
0.02929439
0.04540985
0.01750795
0.006673333
0.03223296
0.03702398
0.02089299
0.004548783
0.0271572
0.006186282
0.03069118
0.03573076
0.01814987
0.051243
0.01956272
0.02858714
0.01319854
0.02610792
0.03315014
0.005612952
0.001475828
0.006237781
0.002703303
0.0111314
0.02189127
0.003566957
0.0230745
0.02746911
0.02533141
0.01234426
0.02359178
0.0269361
0.02856586
0.05441342
0.0337402
0.01085053
0.02305115
0.03006866
0.009579
0.0174052
0.007106468
0.02086358
0.01702228
0.03449962
0.02142121
0.0406069
0.008990548
0.06029263
0.008041595
0.01348206
0.0149054
0.02834604
0.01851111
0.05339106
0.02653921
0.01434442
0.02026458
0.02033257
0.003311199
0.01776922
0.05026084
0.01758282
0.004179757
0.0001758713
0.03574227
0.0121352
0.01362501
0.03192739
0.005718442
0.05286034
0.01136139
0.01911327
0.07836819
0.05908072
0.02434874
0.02215968
0.04018298
0.05580575
0.01840909
0.05879741
0.007151907
0.01469254
0.006905076
0.02742032
0.04621578
0.05105071
0.03605362
0.01935839
0.01007532
0.0181705
0.01819699
0.02658966
0.03804863
0.008255474
0.07595812
0.01206526
0.0443773
0.04529392
0.01110012
0.04000473
0.08715213
0.03123417
0.01304299
0.01397158
0.03296693
0.00537616
0.01526858
0.05991798
0.03881862
0.006983785
0.02621939
0.01584395
0.009574956
0.006693571
0.004107274
0.02838996
0.03918955
0.02699234
0.06185009
0.05448607
0.005567977
0.03428095
0.001692183
0.006326187
0.04591493
0.02218925
0.0199636
0.03759544
0.0322195
0.05537264
0.03757107
0.007978339
0.03991339
0.04394623
0.01034607
0.01301382
0.003481828
3.901379e-05
0.0514009
1.990505e-05
0.01081884
0.01520607
0.02227965
0.01403484
0.01265404
0.02630003
0.02800589
0.02262693
0.06561608
0.0186869
0.04417255
0.04328211
0.004429968
0.04383712
0.02344601
0.01959689
0.01652635
0.03335948
0.009566002
0.0121742
0.01889322
0.0337092
0.02592828
0.001436686
0.02265116
0.006108837
0.01663524
0.01293135
0.003068539
0.01091621
0.04604293
0.000307813
0.02433277
0.05170714
0.005482183
0.007330404
0.02921506
0.001536782
0.02050273
0.01329695
0.000398854
0.03027425
0.00984182
0.02731347
0.01104348
0.001077773
0.03729829
0.02654396
0.01414366
0.02273954
0.02971083
0.007615189
0.002391794
0.0281153
0.03046334
0.003675733
0.01703336
0.03233039
0.03029749
0.04984913
0.04435026
0.03116825
0.02055839
0.005231003
0.03579876
0.003747553
0.02198668
0.002798828
0.02200628
0.007523784
0.01339613
0.0325197
0.03628689
0.00323148
0.03795425
0.02886217
0.01729846
0.01957117
0.0276074
0.02137422
0.04158969
0.02323248
0.0165393
0.01644796
0.0292521
0.0367711
0.01000522
0.02040156
0.01660018
0.02234221
0.04806355
0.02699678
0.02534154
0.003342517
0.009556617
0.03545581
0.006731638
0.0246078
0.003269692
0.03370083
0.003612505
0.019407
0.01871547
0.008251242
0.01343419
0.006855078
0.02536181
0.01505689
0.006713682
0.03002555
0.01139315
0.02414378
0.03291635
5.353679e-05
0.02748643
0.02106274
0.005485631
0.001423267
0.02002428
0.0158378
0.004426182
0.00198826
0.01076584
0.01270989
0.0421127
0.0155971
0.04218609
0.04264309
0.01397695
0.01486209
0.006782034
0.0103654
0.04573675
0.01166037
0.02321335
0.01629735
0.08295051
0.04098407
0.04508984
0.008011176
0.0105433
0.02169587
0.03353931
0.01277035
0.05085743
0.00712941
0.001127108
0.02047242
0.07222775
0.007894496
0.04816457
0.01825471
0.03113666
0.01655214
0.0132723
0.005337494
0.0008879411
0.03140666
0.006546025
0.03899587
0.001457825
0.02529535
0.0379268
0.01491744
0.01520748
0.01117798
0.02580891
0.01342302
0.06971239
0.02338092
0.06344203
0.04829235
0.06478762
0.01765823
0.0316909
0.02597998
0.02432615
0.02446876
0.03579341
0.01631031
0.006542616
0.02801654
0.003701709
0.005290788
0.02695802
0.0176698
0.02120243
0.005941273
0.02953556
0.002728273
0.00989291
0.002296645
0.058038
0.004811147
0.03563841
0.004286026
0.01507071
0.04090013
0.01237661
0.02354895
0.03392361
0.01988129
0.007903343
0.03741655
0.0002372585
0.01469901
0.004308308
0.03231272
0.02120214
0.01827674
0.03690505
0.01277646
0.02290672
0.04141246
0.005955214
0.01189586
0.009602201
0.01368836
0.005581552
0.03655779
0.03153705
0.02914745
0.004623746
0.01767372
0.03610367
0.06764074
0.01002447
0.001159411
0.08046472
0.09975103
0.04570303
0.006099745
0.004737984
0.0382208
0.001968513
0.04904761
0.01145614
0.008679765
0.01099863
0.000590264
0.02359382
0.01060051
0.001766723
0.01602931
0.03281925
0.02429614
0.01293492
0.006778639
0.03138837
0.008097766
0.03044939
0.0116796
0.01129799
0.008417377
0.03304033
0.04232777
0.03424224
0.05209887
0.007019996
0.01073414
0.03359476
0.04402895
0.04478366
0.01384177
0.001574516
0.004954185
0.01664948
0.04797715
0.03440523
0.02776682
0.009250436
0.006028866
0.01472397
0.01116381
0.07162264
0.07070701
0.004841095
0.02729478
0.04278269
0.01230546
0.02509336
0.009608182
0.03458526
0.02130886
0.01265684
0.0208054
0.05825351
0.01592288
0.02871205
0.04602576
0.02060078
0.04928123
0.0205952
0.00176227
0.01032501
0.00277582
0.04529266
0.04087494
0.008123088
0.05233805
0.01432516
0.05179628
0.00550092
0.004857099
0.007738728
0.01535645
0.03776621
0.029971
0.006806031
0.01833195
0.04127226
0.03213996
0.02203945
0.02593949
0.0397384
0.06280931
0.03614208
0.01983881
0.06248925
0.03068838
0.02398826
0.001718055
0.02751514
0.01969768
0.04444117
0.02227127
0.04494441
0.009394024
0.04584853
0.05098804
0.006596848
0.01222974
0.0621559
0.002387344
0.05834079
0.00102543
0.01768794
0.02083497
0.03879401
0.03531283
0.02518465
0.01552444
0.001301371
0.01881714
0.001180911
0.02148592
0.03116239
0.003669357
0.04787315
0.04185946
0.01481084
0.04123118
0.0328903
0.02897684
0.01164238
0.01258194
0.02106404
0.02659267
0.02830997
0.04662444
0.0008712831
0.03515653
0.01841901
0.0008459629
0.006938864
0.006589977
0.0437511
0.004898095
0.02473612
0.007720652
0.01866834
0.02135072
0.01574813
0.01065168
0.0234418
0.02882344
0.01296659
0.02077166
0.008947745
0.03182642
0.02006494
0.02856012
0.006489494
0.005413395
0.01432588
0.0328966
0.004010478
0.009995951
0.008935369
0.0660081
0.02682771
0.001993937
0.03861442
0.007339477
0.006651842
0.03602886
0.05694701
0.06385146
0.001536557
0.04022038
0.01350423
0.06809293
0.01405352
0.03052142
0.0780163
0.0343824
0.01679618
0.0283693
0.03897208
0.03903067
0.02429071
0.07013421
0.003060736
0.03602028
0.0177517
0.04542171
0.001150242
0.01275859
0.02976968
0.00680405
0.006506456
0.01769357
0.08268066
0.01216139
0.02576732
0.02812373
0.02075298
0.03251434
0.003568568
0.02852444
0.002535219
0.03578635
0.06097716
0.01476504
0.03797433
0.02165491
0.05742604
0.03985275
0.01379607
0.01688711
0.02917561
0.00516463
0.01542553
0.002825583
0.009181454
0.002872931
0.03728612
0.0007193017
0.01508774
0.06703526
0.01127449
0.07659522
0.06289663
0.01283689
0.0531939
0.002897584
0.01727636
0.04975394
0.03234579
0.04902026
0.02685156
0.008898825
0.06436405
0.01386495
0.03267078
0.01040542
0.04493729
0.05543134
0.008050977
0.0361238
0.003805149
0.04135258
0.06198136
0.0420181
0.02086965
0.01764728
0.01642363
0.03784121
0.03399044
0.01804537
0.01763552
0.03010044
0.003378863
0.0001936795
0.07726921
0.001707068
0.02604877
0.01060287
0.006893578
0.01783196
0.01277887
0.04512797
0.002875139
0.01997037
0.03217472
0.03233721
0.07105658
0.002181947
0.01909381
0.02236278
0.06547901
0.01904033
0.04854278
0.02858731
0.05752808
0.005759493
0.004082058
0.01959102
0.003458104
0.05711859
0.000334838
0.03150445
0.01120668
0.02595984
0.008440994
0.06488591
0.00814697
0.02161641
0.03595697
0.04757892
0.001231579
0.004384672
0.004116797
0.0262783
0.001186886
0.01149453
0.04719601
0.03270296
0.03113466
0.01148033
0.05105615
0.00215215
0.02630493
0.0005376837
0.005626475
0.02936605
0.01534322
0.08338299
0.01609699
0.02226283
0.03092618
0.01691028
0.01171357
0.02821245
0.01952985
0.02630568
0.01022861
0.03823356
0.003938175
0.02126435
0.03940907
0.02839204
0.01188906
0.05013439
0.03197028
0.003709594
0.04075927
0.03151018
0.02547056
0.008786745
0.02773073
0.05837027
0.04772392
0.03706386
0.00222519
0.02225093
0.005685612
0.04944045
0.01196797
0.01814172
0.0570887
0.03075902
0.003096458
0.005342763
0.01563151
0.01863482
0.06414346
0.005472497
0.004539248
0.02365209
0.02294148
0.03283814
0.02554688
0.002287944
0.04903711
0.03866569
0.0264527
0.02706888
0.008916738
0.006976284
0.007226327
0.01393082
0.6313767
0.01628771
0.4049191
0.4088336
0.5705028
0.4251884
0.01360172
0.03586451
0.4283477
0.01124539
0.6180181
0.3815782
0.9654546
0.9909748
0.5989932
0.02240219
0.01765486
0.015009
0.3775327
0.004071388
0.4218588
0.03458921
0.6579174
0.9739548
0.378335
0.03087055
0.6124607
0.4118918
0.9686225
0.01537632
0.008985564
0.379873
0.5930443
0.9955186
0.02945846
0.9444753
0.9802552
0.425212
0.9852341
0.963812
0.001183066
0.02141164
0.0003756618
0.9712651
0.9612517
0.3556596
0.5992188
0.4027245
0.9484768
0.04422164
0.6046112
0.6301559
0.3691209
0.3950094
0.9800827
0.3811409
0.4166195
0.946208
0.5988298
0.6092058
0.9697343
0.03013203
0.6084798
0.9952716
0.6502857
0.6538769
0.07136488
0.4425991
0.4075914
0.6231947
0.9983897
0.9882986
0.3829509
0.0004814145
0.616356
0.6324889
0.9790382
0.004995065
0.4106967
0.4169658
0.03906771
0.9731473
0.5969683
0.07108246
0.6081951
0.6255765
0.009463641
0.996145
0.5942637
0.3762699
0.9301146
0.9692291
0.4719941
0.4984436
0.6234348
0.5609326
0.01921946
0.9465911
0.5871495
0.96571
