0.5231169
0.02596654
0.04009409
0.4716115
0.9791812
0.0109935
0.5471619
0.9768887
0.5355398
0.5361939
0.9859012
0.4446653
0.4143263
0.02162597
0.4846653
0.9885301
0.5115471
0.02191523
0.0005541872
0.4917349
0.4637165
0.5002081
0.9915049
0.9715051
0.9643062
0.0296247
0.9842099
0.4526135
0.9944743
0.5085974
0.9730185
0.4962449
0.4740081
0.9671207
0.05601457
0.04030214
0.008115626
0.9288334
0.01241369
0.4995792
0.01611412
0.04033768
0.0138207
0.4772848
0.5094662
0.4783816
0.4531314
0.4871789
0.960487
0.5162721
0.5050711
0.9891813
0.9769052
0.4889088
0.9667901
0.4741748
0.03062577
0.4955949
0.9781215
0.02733113
0.5078172
0.4583632
0.5722991
0.4969071
0.01899593
0.01456939
0.07588937
0.5123446
0.01758172
0.5793861
0.01943021
0.985313
0.5062724
0.5306469
0.4965401
0.5132369
0.9856895
0.9642646
0.98795
0.4410826
0.5532855
0.4709465
0.998211
0.02172925
0.008116701
0.9707629
0.01997261
0.03966773
0.9518208
0.9607913
0.4849598
0.9871663
0.9981031
0.001302638
0.04786414
0.04220426
0.02543454
0.5073711
0.008258339
0.02263206
0.02502016
0.01131487
0.01305809
0.05017606
0.9661404
0.5341839
0.06755625
0.9708979
0.01385017
0.9612079
0.4455153
0.0306541
0.5119547
0.008970054
0.9956094
0.5272287
0.5096015
0.9662906
0.9405232
0.03926827
0.04634879
0.004440277
0.9741267
0.04849412
0.5631522
0.0152434
0.9859482
0.5467129
0.4919404
0.02346063
0.4744587
0.02555578
0.5098089
0.9538227
0.9473377
0.03917273
0.9670501
0.0009263301
0.4743518
0.007867107
0.02182104
0.5175833
0.4816572
0.516708
0.9928963
0.4882079
0.5114306
0.946838
0.4741012
3.142853e-05
0.5001373
0.5025977
0.9992952
0.007361546
0.9750893
0.02988285
0.02480811
0.542264
0.9911637
0.4820267
0.9708297
0.5237402
0.0263469
0.04027132
0.9904176
0.9588609
0.05200502
0.03632391
0.9877693
0.03182476
0.005931355
0.517137
0.973419
0.5037031
0.4569182
0.02202284
0.9973442
0.9973603
0.5048923
0.5282892
0.5285273
0.9994976
0.9586101
0.983344
0.9777515
0.9905033
0.01290907
0.958792
0.5597474
0.0426062
0.01153585
0.4986411
0.9910351
0.4740298
0.9536065
0.4934617
0.9745735
0.9965942
0.4889707
0.02941694
0.5267981
0.9878348
0.938145
0.01139779
0.499863
0.9709039
0.03735293
0.9688548
0.03180231
0.5156574
0.5395917
0.01499217
0.9894883
0.999032
0.9967616
0.02561969
0.0092736
0.5148155
0.983207
0.9969386
0.003135532
0.01411136
0.04330284
0.5079661
0.04615136
0.0411138
0.5052793
0.4969489
0.01087891
0.002008267
0.05155564
0.4858688
0.03493058
0.9724049
0.966563
0.950561
0.9776845
0.007718248
0.4845059
0.0638941
0.0448472
0.5252389
0.4934143
0.0381603
0.5101856
0.4784639
0.9666998
0.999142
0.02421049
0.4820368
0.03067526
0.008308455
0.9707411
0.02090526
0.03741296
0.01533516
0.9974599
0.9786206
0.9788605
0.9605446
0.5030565
0.9451664
0.9836441
0.9973167
0.4682237
0.01370552
0.9967154
0.4997612
0.01988713
0.9931168
0.4235306
0.0330495
0.5212336
0.4844413
0.04321281
0.4795257
0.9997227
0.928461
0.001105345
0.5015643
0.4766516
0.9509913
0.4901128
0.06015378
0.02456908
0.9787364
0.9906453
0.05043931
0.03900012
0.5129327
0.9624541
0.9406536
0.9610367
0.5062803
0.9443333
0.9927545
0.9400728
0.004910792
0.02162535
0.0331216
0.9716782
0.5439413
0.9569104
0.03678501
0.9992514
0.9774309
0.5104852
0.008874366
0.01924503
0.9910434
0.001807734
0.006726896
0.002869745
0.9939346
0.9977953
0.9922696
0.0354942
0.9878174
0.4389738
0.9847409
0.006364145
0.03794138
0.9907616
0.5142018
0.993081
0.5446687
0.4844658
0.5272879
0.9910963
0.4854403
0.9726719
0.008258365
0.9896667
0.4931389
0.9680276
0.9567595
0.004747905
0.9831942
0.5522541
0.9922111
0.04823212
0.008031645
0.9929667
0.4785818
0.04882706
0.0003449231
0.9923853
0.03256169
0.001294637
0.4885728
0.4844666
0.03865806
0.03038825
0.996476
0.9821913
0.03714554
0.02727746
0.9968674
0.4839871
0.04798835
0.9923332
0.08668974
0.9801414
0.9865577
0.007709565
0.04463671
0.00920117
0.02391902
0.4393511
0.02906394
0.9842745
0.9627149
0.9838656
0.9965005
0.9971597
0.9810736
0.04583028
0.5157349
0.9921604
0.02996008
0.973191
0.04854734
0.9549503
0.9546888
0.4810259
0.4861868
0.9722936
0.5561465
0.02210975
0.4893238
0.5362944
0.4652904
0.5112857
0.4874752
0.01643737
0.4625346
0.9483949
0.9626518
0.4765736
0.5006325
0.9958856
0.06061872
0.03027483
0.02270476
0.9891223
0.02412332
0.001813171
0.01679642
0.5015431
0.5638271
0.03308995
0.9835399
0.9938724
0.003511072
0.5472284
0.002820109
0.4762365
0.4987842
0.9742613
0.5156878
0.4518137
0.9925031
0.9930276
0.5202955
0.9491578
0.5327499
0.4943985
0.9242648
0.02963237
0.03405591
0.9722905
0.03299381
0.01127041
0.009057116
0.963489
0.5061697
0.9570574
0.5270682
0.5101612
0.9905712
0.4692165
0.5035297
0.5003316
0.5004205
0.4770098
0.4760833
0.9635471
0.5378988
0.989802
0.9803516
0.5212693
0.5282194
0.5001368
0.01724114
0.9550473
0.9786611
0.02611317
0.9956561
0.5779381
0.4671162
0.5115775
0.01119035
0.9841347
0.9901622
0.5164767
0.4838975
0.4697399
0.9888912
0.0119269
0.006566639
0.5078921
0.006531101
0.9847319
0.9888473
0.941598
0.0284015
0.9948043
0.998221
0.5298849
0.006731101
0.01984844
0.9980846
0.005479037
0.007622661
0.9751355
0.008011581
0.4801848
0.5524021
0.9866932
0.02701432
0.0191767
0.01120957
0.001586502
0.5635691
0.528714
0.45625
2.225071e-05
0.9986338
0.4285478
0.4467816
0.3380247
0.3518601
0.1765831
0.8354034
0.3793325
0.06327529
0.1884557
0.61416
0.2292005
0.9659635
0.008149849
0.9767861
0.9673637
0.01457987
0.4381744
0.8579567
0.213563
0.9473897
0.820057
0.386807
0.02695668
0.3616624
0.5019668
0.3868317
0.04395999
0.02474878
0.9968726
0.392342
0.7981138
0.4761887
0.9607373
0.6055731
0.01198869
0.8149343
0.7976431
0.1631248
0.2142457
0.4163351
0.4377954
0.975037
0.7918252
0.5935156
0.7870323
0.637378
0.1348466
0.2466563
0.2155443
0.0267686
0.1994959
0.9717847
0.3762875
0.7786304
0.9963821
0.6393988
0.8619086
0.9491563
0.9920611
0.5913263
0.1662692
0.7753555
0.04953981
0.005165907
0.8163199
0.386888
0.9460135
0.9587042
0.01971555
0.6108574
0.583015
0.1951544
0.06369099
0.4010222
0.03717504
0.4412072
0.9924173
0.01752161
0.2193369
0.6165757
0.9940232
0.8087529
0.1866011
0.7899843
0.00712489
0.4182274
0.006664399
0.003707899
0.7992992
0.1720726
0.6417177
0.5966259
0.8214591
0.01366507
0.04194564
0.7728231
0.219642
0.5796663
0.6182448
0.6281186
0.7814511
0.5780099
0.9800925
0.2455168
0.0192088
0.3886546
0.01963513
0.4325412
0.9878745
0.4194644
0.9731824
0.8114011
0.8158527
0.9904155
0.2310608
0.1844553
0.9687093
0.8396539
0.7711336
0.02271313
0.7722859
0.02287938
0.02478797
0.5724134
0.623373
0.594579
0.4178314
0.7981799
0.9672186
0.6429914
0.7356704
0.794595
0.7655781
0.9878881
0.7538032
0.3899101
0.4376803
0.02626726
0.9705027
0.3425142
0.966241
0.1738189
0.2003004
0.00839671
0.01527703
0.7798807
0.2137438
0.2434143
0.8340513
0.3843383
0.2046978
0.7910992
0.1702801
0.005147616
0.5899023
0.8146452
0.4048979
0.2182372
0.9910885
0.6411805
0.1726463
0.4125876
0.2094189
0.5501948
0.01022336
0.4266599
0.9880807
0.2269461
0.7983296
0.6037224
0.4322494
0.2451603
0.5511232
0.3391192
0.3829088
0.191339
0.8332196
0.1841365
0.6495485
0.9803071
0.3931285
0.5728936
0.3832127
0.7553395
0.2111738
0.5913271
0.8219729
0.9653973
0.9808471
0.6954537
0.8496305
0.4005253
0.9554615
0.5754853
0.1960088
0.6150351
0.8652136
0.6048257
0.05476189
0.1851138
0.8038435
0.1772055
0.7799692
0.5860086
0.2256438
0.2220881
0.8057651
0.004061824
0.1896058
0.4138632
0.7635
0.3465402
0.9672757
0.978331
0.02515968
0.9409547
0.4046056
0.5857667
0.9858359
0.9772111
0.04143134
0.9638573
0.5890705
0.5853147
0.8827945
0.166634
0.3725368
0.008173903
0.9489989
0.5827019
0.03377366
0.5966419
0.3795008
0.3431716
0.4102245
0.3460303
0.4084121
0.4290208
0.7842213
0.7791279
0.008836284
0.971499
0.6168702
0.9919059
0.5247001
0.9971862
0.4362176
0.4350864
0.01256755
0.2410742
0.3474855
0.3733136
0.545548
0.1763437
0.4107096
0.9306801
0.1930522
0.4114402
0.2352653
0.04531679
0.02452418
0.992383
0.6329176
0.01245566
0.0007098992
0.04775713
0.5801975
0.3934916
0.1591107
0.9750577
0.2005055
0.7710931
0.9776259
0.02116652
0.9809497
0.3825474
0.04408463
0.4522543
0.2187228
0.01165057
0.009491038
0.6015026
0.953939
0.03710083
0.9741104
0.7526608
0.01951068
0.841212
0.9931102
0.792863
0.04203432
0.5782022
0.008350202
0.1415892
0.4199515
0.9902184
0.9759903
0.6047808
0.5871984
0.7140515
0.9679465
0.02078814
0.03894734
0.005514619
0.04082822
0.1796145
0.9901082
0.6703214
0.02432044
0.5994415
0.9943572
0.7853561
0.6414718
0.01638123
0.9911654
0.9724711
0.9613542
0.2136118
0.1661115
0.6008832
0.2031277
0.1516889
0.1766278
0.5829403
0.6049805
0.1590053
0.9738939
0.9693106
0.3921679
0.5554439
0.6075783
0.8122907
0.050836
0.2186727
0.8157895
0.9941772
0.4006404
0.7829831
0.3983841
0.6424202
0.7884514
0.8147849
0.0368418
0.9645636
0.5467964
0.02902061
0.0712839
0.3930441
0.8108428
0.9969098
0.1856354
0.9748847
0.03381085
0.7649382
0.3810622
0.05961635
0.427534
0.1933327
0.02004856
0.7535707
0.0004851559
0.7887425
0.4004198
0.8195023
0.3924184
0.001683677
0.237707
0.5758882
0.802058
0.7923131
0.2181613
0.1902118
0.2279712
0.1883773
0.01053319
0.8011468
0.3831495
0.456595
0.8370904
0.2285901
0.9618993
0.004299136
0.9632151
0.6645401
0.7730241
0.6043524
0.929306
0.7975859
0.01723437
0.9992673
0.6141035
0.7180552
0.4138258
0.8214214
0.5654774
0.4270904
0.1697874
0.1866472
0.9822635
0.2475641
0.01128659
0.4074852
0.9684568
0.6026275
0.2444984
0.4134697
0.5763442
0.4291119
0.6466334
0.9910702
0.3455103
0.5587906
0.5902061
0.014586
0.4178531
0.3652419
0.4098686
0.6010832
0.5683795
0.5601179
0.5445364
0.6002996
0.2176743
0.4119582
0.8095311
0.9890332
0.9865279
0.1792731
0.611612
0.1757086
0.579524
0.9860689
0.8603848
0.8195366
0.02195999
0.9413621
0.428913
0.005227142
0.01293125
0.3666098
0.4116357
0.9713908
0.5918395
0.9976193
0.8040913
0.030218
0.9854752
0.4395693
0.02677842
0.19217
0.8099843
0.5699137
0.05745417
0.006555914
0.4244274
0.5868585
0.7553291
0.02670761
0.3822035
0.9671066
0.555556
0.7451076
0.588053
0.5865868
0.1752789
0.7681731
0.2875952
0.9725839
0.7121546
0.02120912
0.6111606
0.01413194
0.206608
0.4299659
0.2274283
0.9907665
0.1546965
0.4310042
0.804096
0.01369857
0.812603
0.2216976
0.9812419
0.1630126
0.02365808
0.9990151
0.387048
0.9748635
0.171771
0.3986223
0.2183504
0.2223443
0.9855359
0.7960371
0.1890026
0.616882
0.4030095
0.6228585
0.8132615
0.2009555
0.7183116
0.06555116
