0.04925008
0.3802254
0.6286814
0.9796761
0.5833085
0.4397971
0.9803674
0.9719009
0.5516214
0.9705435
0.9660938
0.5621095
0.4138239
0.9784816
0.9534633
0.6226906
0.4246624
0.02137023
0.5475996
0.02178593
0.5817889
0.5912617
0.02113119
0.4407377
0.03630551
0.05600072
0.01374723
0.444673
0.3782188
0.6115312
0.943148
0.006857884
0.02409379
0.0350776
0.5962509
0.9589719
0.6457225
0.5632239
0.04707943
0.9395414
0.9988368
0.01507866
0.9651618
0.610377
0.4325747
0.047097
0.4093395
0.03389009
0.02764506
0.9673148
0.9895256
0.9729689
0.4075908
0.002807985
0.3768909
0.9864626
0.586077
0.59369
0.545194
0.04584052
0.02419244
0.6137911
0.4131234
0.9592321
0.6054067
0.607098
0.9343105
0.4285926
0.6035578
0.4158175
0.9941845
0.9231604
0.0227581
0.6535644
0.5407536
0.01379269
0.390015
0.4554286
0.3671074
0.001017264
0.9667843
0.9702558
0.02185843
0.04610899
0.002059043
0.3731567
0.01226272
0.387429
0.9409395
0.5797409
0.4091886
0.9935388
0.001857802
0.02171693
0.9519539
0.6099134
0.61485
0.4634833
0.6124404
0.9726115
0.3647821
0.03814474
0.4026156
0.603528
0.9845117
0.6353058
0.9981761
0.9668436
0.968658
0.00967672
0.4136763
0.4198769
0.972381
0.01328721
0.9975434
0.06009462
0.4082364
0.000584132
0.9717045
0.6351449
0.3782013
0.4319907
0.3598026
0.9693974
0.5371124
0.9748216
0.5923737
0.4435043
0.40609
0.5767612
0.03642153
0.00655999
0.6109007
0.3966794
0.5519804
0.9696585
0.3812541
0.9998017
0.9619775
0.9358464
0.02580257
0.9958686
0.3435464
0.5898517
0.01159527
0.04846067
0.409628
0.5580953
0.3628776
0.3917432
0.5866317
0.04376708
0.01950424
0.02679085
0.6290166
0.5811939
0.0006621224
0.01184368
0.01682963
0.5783492
0.9702051
0.3675743
0.9847546
0.01935412
0.9591432
0.3742046
0.9759788
0.9878407
0.04099602
0.964219
0.02387756
0.02416334
0.5781076
0.6373659
0.3908128
0.6200877
0.02482535
0.9940532
0.3746189
0.3178934
0.9938228
0.004300144
0.3901675
0.9798005
0.9911331
0.3822478
0.9659839
0.04434574
0.9962949
0.003758087
0.9566058
0.04937402
0.3997579
0.9193032
0.00214139
0.9662648
0.5978934
0.3976149
0.3914719
0.6036605
0.07939681
0.5860636
0.9589484
0.5614058
0.6165431
0.6127365
0.02635427
0.432432
0.4549271
0.4130366
0.02607582
0.5552467
0.4039447
0.5590247
0.436742
0.987257
0.5740086
0.9951645
0.4293768
0.06615942
0.3611088
0.9806101
0.4342723
0.006929009
0.3985017
0.991581
0.3616785
0.6339594
0.9605349
0.6222158
0.4290373
0.9987436
0.5930998
0.995071
0.992899
0.07558538
0.9087228
0.5943986
0.9683301
0.6259698
0.6150715
0.6311662
0.05659084
0.9790872
0.02080226
0.03882649
0.05442881
0.9905138
0.3979217
0.04855504
0.5648324
0.4609221
0.5768467
0.6266825
0.6079308
0.991531
0.6004182
0.598277
0.4056138
0.5920777
0.3883564
0.008616456
0.4030077
0.3636483
0.6791213
0.9983346
0.9798067
0.3834001
0.3841163
0.9868458
0.3704339
0.03326508
0.6135614
0.5686406
0.01528577
0.6138623
0.04326081
0.04351396
0.01776644
0.4115584
0.6775226
0.9824613
0.9454371
0.01400362
0.4219849
0.0006117205
0.4177881
0.6526757
0.9910322
0.01065399
0.5892546
0.6327794
0.907864
0.620449
0.02447127
0.379067
0.6025281
0.0594811
0.01695168
0.02189054
0.9921658
0.5914087
0.6114862
0.6306069
0.3826419
0.5536998
0.3644919
0.5700637
0.6310814
0.3900306
0.5747742
0.9827371
0.9686089
0.4201537
0.9723446
0.4218895
0.3819073
0.3962015
0.03771123
0.6431346
0.5769798
0.03026834
0.4219823
0.9428617
0.003689177
0.9363103
0.02799818
0.9951673
0.5765662
0.3724761
0.6251554
0.9986817
0.9799379
0.9042621
0.01895862
0.02098232
0.9978177
0.9973769
0.6252132
0.0006535299
0.9872734
0.0235849
0.6268609
0.4261486
0.009683031
0.9968444
0.5712022
0.9747854
0.9487089
0.9937944
0.6251256
0.6199331
0.9856143
0.4072058
0.4320677
0.9789474
0.9893594
0.3820958
0.4195643
0.0514772
0.9746709
0.6085249
0.6125293
0.9912712
0.6074391
0.04743235
0.6412168
0.4351062
0.05505887
0.9863391
0.9767526
0.06979031
0.4377902
0.6197202
0.02074967
0.9824217
0.03083209
0.9921686
0.04294026
0.003038241
0.4152188
0.3980016
0.5984602
0.410547
0.4061919
0.9635946
0.3603779
0.9850937
0.369003
0.3782022
0.3425659
0.9556641
0.02142888
0.4591187
0.430378
0.02186033
0.009305806
0.3713922
0.9354207
0.3474769
0.4074194
0.4641256
0.02835971
0.003831853
0.001414559
0.6469645
0.6268082
0.4154175
0.9228485
0.4176324
0.3901326
0.00379865
0.9511422
0.573893
0.9945805
0.4272811
0.07017863
0.006029966
0.6177011
0.9635231
0.9753878
0.4294795
0.5862565
0.9706629
0.3654387
0.3983817
0.9432125
0.6289531
0.5650911
0.6026938
0.9496233
0.9860417
0.6148088
0.3875874
0.6232819
0.6342006
0.6164427
0.3730269
0.008236138
0.5689957
0.04990223
0.9512628
0.4225597
0.3938484
0.4024653
0.003820159
0.01034468
0.360186
0.04101122
0.02827988
0.6041778
0.9535686
0.3886469
0.5879121
0.5376966
0.03866142
0.9915081
0.5628775
0.5445439
0.9656467
0.6073772
0.05829757
0.615976
0.9687079
0.005038633
0.6124668
0.9300549
0.3617293
0.6683259
0.5802444
0.008473142
0.5678171
0.007057254
0.04417321
0.01564551
0.001851738
0.4479641
0.3491392
0.009962803
0.6065558
0.4040198
0.01177744
0.01055201
0.9657539
0.3721369
0.6398823
0.3745343
0.4022527
0.0058308
0.9695629
0.3458563
0.02019981
0.01651465
0.4077934
0.9242588
0.04786527
0.6449008
0.3811727
0.9976203
0.02075148
0.8252773
0.01120676
0.562509
0.9322264
0.009010183
0.8113063
0.7926509
0.9680447
0.9806632
0.9956315
0.7857261
0.03044096
0.7616765
0.9642586
0.991696
0.3544084
0.01569186
0.3903531
0.3763985
0.1948277
0.02858142
0.5908211
0.003045929
0.05888257
0.1841493
0.769207
0.5917034
0.9953917
0.9779578
0.8017511
0.1933824
0.01268087
0.8144419
0.7775323
0.964386
0.007778866
0.4148639
0.2257863
0.002951025
0.7876001
0.9878445
0.5812322
0.9612831
0.3622763
0.7603414
0.7851037
0.7907585
0.808744
0.0199713
0.9546388
0.1634843
0.6357471
0.01816417
0.8592477
0.6295421
0.5657542
0.2305541
0.3362563
0.1976335
0.987722
0.1902494
0.1923943
0.4384647
0.02091594
0.9983324
0.9537911
0.8272029
0.867649
0.1991267
0.8006804
0.2129129
0.2154289
0.6254968
0.004963265
0.1801589
0.7895339
0.5677798
0.2029645
0.6025981
0.9968783
0.9975533
0.3654049
0.2109184
0.213776
0.1899862
0.5864268
0.5951077
0.551562
0.966944
0.9686639
0.3659599
0.1810978
0.7710924
0.9790878
0.9930975
0.7699677
0.9501946
0.7821628
0.9497347
0.5725986
0.02075006
0.4051789
0.955246
0.5644407
0.2197163
0.831251
0.9964446
0.5841506
0.9988029
0.9518637
0.2121007
0.03628726
0.5738656
0.2453627
0.00483119
0.3796857
0.01898165
0.6224201
0.977759
0.4140937
0.5881608
0.6203914
0.2146817
0.5774026
0.788573
0.7789542
0.009154538
0.6613429
0.04159495
0.171987
0.3974152
0.1599174
0.5753782
0.3745991
0.3939842
0.3956152
0.03213009
0.1786473
0.8353465
0.3852683
0.1463565
0.0279939
0.6385442
0.4428936
0.3847062
0.7973285
0.4038422
0.6210049
0.570044
0.6143673
0.6137487
0.3978267
0.9921434
0.4259735
0.795429
0.8095662
0.5865772
0.9886832
0.8150872
0.2088473
0.02608196
0.216188
0.0408027
0.3908719
0.1888381
0.6400807
0.6195831
0.3807542
0.4218412
0.9442569
0.620772
0.9425062
0.5713284
0.009287532
0.38852
0.606949
0.8196539
0.9913048
0.03697286
0.6548041
0.3293377
0.2172987
0.3631982
0.3785175
0.1916969
0.9839487
0.1734352
0.2064264
0.5814275
0.5955703
0.05017456
0.9489012
0.9998693
0.8781082
0.1879449
0.1524071
0.8439242
0.006109561
0.9747196
0.8839906
0.8001466
0.7715356
0.4089763
0.4578196
0.2063121
0.3732611
0.3950292
0.04858763
0.4071885
0.4280426
0.3671227
0.01723367
0.7767181
0.5919263
0.007947618
0.3501956
0.04657468
0.8596134
0.01640152
0.5625789
0.1894421
0.1960129
0.1958134
0.4000208
0.215009
0.4273634
0.3814193
0.005966669
0.5853455
0.01472503
0.6122254
0.1937183
0.2376927
0.9415245
0.7691179
0.2213092
0.002399492
0.1995929
0.001969888
0.976267
0.9765568
0.2146344
0.8306187
0.4067716
0.5856046
0.4425252
0.989688
0.01678191
0.9880294
0.7817339
0.7708293
0.220508
0.9858179
0.9654354
0.5647726
0.7633633
0.3896795
0.1569292
0.03790628
0.8415142
0.009004527
0.644472
0.1941083
0.9666713
0.6186047
0.5414606
0.9955927
0.2053793
0.4261549
0.0447113
0.9991125
0.4065013
0.7500255
0.9318898
0.01955382
0.7565969
0.1862367
0.9545201
0.022146
0.9762886
0.2271326
0.1683418
0.02231805
0.1767998
0.04248456
0.973905
0.2176269
0.4332452
0.5580723
0.1873129
0.03629843
0.007720769
0.3896278
0.9987043
0.3754806
0.5919066
0.003886964
0.2172682
0.3771777
0.5977263
0.05764785
0.9902105
0.1972635
0.01314639
0.7940062
0.9593492
0.02998735
0.00148934
0.4322352
0.392199
0.6110908
0.0313139
0.4142938
0.979553
0.008836188
0.757742
0.3558186
0.4203891
0.2282398
0.1424213
0.7318906
0.7974561
0.0159327
0.6353609
0.7876944
0.4241805
0.582397
0.3825708
0.9951552
0.2042466
0.004852141
0.4107171
0.9694091
0.3982401
0.2304192
0.2233342
0.952469
0.7999028
0.0355098
0.9851685
0.7643546
0.826017
0.9590861
0.4576194
0.9790478
0.2117261
0.001640746
0.948862
0.2151816
0.8227518
0.002201165
0.3950989
0.605202
0.3905925
0.5798769
0.419522
0.4230994
0.9786709
0.6233197
0.7448242
0.7175331
0.4057247
0.2162467
0.05037819
0.1882949
0.1984192
0.4029802
0.8670465
0.02457532
0.6503732
0.05095274
0.02142724
0.2090492
0.1923111
0.9899399
0.4756893
0.0008796119
0.628876
0.6264085
0.6478877
0.04824923
0.1799706
0.2323168
0.7544725
0.9718347
0.172314
0.5945939
0.01515544
0.01488298
0.9719208
0.8060884
0.8569742
0.8043543
0.6258123
0.02793673
0.6357323
0.03340667
0.02258027
0.592503
0.0005350339
0.2106001
0.04260185
0.9801629
0.8010998
0.6115115
0.6122415
0.9808068
0.1952922
0.6027563
0.5865227
0.9700634
0.1528482
0.7917784
0.3340359
0.7563997
0.06472768
0.3912029
0.3802609
0.5668138
0.01641992
0.004324904
0.3897891
0.3831799
0.8508932
0.4149324
0.1737049
0.7735376
0.1703274
0.1904256
0.9778233
0.257493
0.6254038
0.9895339
0.05163436
0.9994062
0.8216922
0.1846314
0.3895014
0.9995923
0.8501427
0.4437642
0.552558
0.627266
0.9890236
0.6036697
0.8211154
0.9810251
0.02637862
0.4252616
0.5875949
0.8061762
0.3530647
0.5789665
0.01081332
0.8518356
0.4383003
0.9842926
0.6526869
0.8187631
0.5479957
0.6006261
0.7256012
0.6214183
0.9768022
0.5711944
0.4407697
0.2351456
0.8168967
0.599226
0.7660083
0.5358307
0.4324175
0.0223843
0.4436432
0.799179
0.9817855
0.959972
0.9827677
0.02530986
0.7815701
0.04841809
0.7683702
0.9502728
0.6329442
0.1957954
0.7911916
0.7880963
0.4361679
0.6236397
0.1986863
0.4412767
0.9853243
0.6176309
0.02577841
0.7664444
0.009434929
0.9448017
0.7891584
0.8466448
0.00724971
