0.9647485
0.02206665
0.9944559
0.006758324
0.9607068
0.9985881
0.002567521
0.9934908
0.03549194
0.02150061
0.04188708
0.02901706
0.9693882
0.01803217
0.0473786
0.004633112
0.01688414
0.9953844
0.02900272
0.9925785
0.999314
0.9288331
0.004949323
0.01401812
0.05403892
0.9719083
0.9915295
0.06025999
0.07477913
0.954329
0.03483201
0.9759552
0.984968
0.01585712
0.9914534
0.01287299
0.9550923
0.005592186
0.9665337
0.9681873
0.02215287
0.004407208
0.003816112
0.04385973
0.03783756
0.03352584
0.0004408843
0.9940999
0.9903363
0.9837639
0.0207866
0.988781
0.003238065
0.9714096
0.0004175606
0.007567643
0.9565559
0.9981121
0.03082659
0.06126758
0.958116
0.0292122
0.9705232
0.03880739
0.008854629
0.9861013
0.946525
0.01953428
0.01338555
0.02423945
0.02043428
0.01747205
0.03003595
0.01246347
0.05770205
0.9915141
0.001617151
0.9873031
0.9991877
0.05721763
0.9513634
0.987053
0.01874092
0.01390164
0.978792
0.02393108
0.9750331
0.01300255
0.9402464
0.9722156
0.9664381
0.9812439
0.9901891
0.04365179
0.9925598
0.01524614
0.03030755
0.9909313
0.9539164
0.01809192
0.007475005
0.004334621
0.02624522
0.03553699
0.00164216
0.007707937
0.02037294
0.990945
0.007640981
0.9995762
0.9558344
0.9860906
0.04645007
0.008663579
0.01296318
0.03346614
0.9135344
0.981898
0.005692849
0.04173441
0.05890944
0.9842183
0.9430159
0.02046456
0.9840714
0.005180606
0.9877306
0.9725388
0.9843615
0.01676168
0.02157606
0.02158778
0.9992513
0.9713844
0.01837441
0.9493651
0.9869924
0.02515271
0.9880638
0.01675849
0.04295223
0.002565241
0.02370732
0.06304163
0.9488491
0.9665671
0.04074928
0.006642565
0.01638727
0.007827578
0.9889665
0.01841167
0.9803137
0.9768694
0.9531746
0.007245254
0.9981446
0.9821163
0.9732109
0.01359977
0.9727619
0.9628672
0.005834745
0.02427046
0.981084
0.981235
0.9833846
0.981087
0.04815156
0.00904706
0.01679866
0.001142475
0.01663794
0.03092004
0.04771128
0.01138453
0.988652
0.9847432
0.01502563
0.0008329049
0.9812859
0.9579727
0.03267816
0.985777
0.02223076
0.9914052
0.009886068
0.0392742
0.01834117
0.02937778
0.01221101
0.05626625
0.989129
0.01886518
0.9848978
0.009395058
0.04252307
0.00187508
0.004962892
0.9344689
0.03116013
0.9480975
0.03273178
4.865721e-05
0.9425501
0.9820041
0.9665017
0.009325252
0.9710071
0.9477852
0.0348512
0.05041024
0.008662865
0.03855785
0.9726594
0.9967786
0.9796515
0.9957638
0.9509062
0.9931641
0.007576306
0.9910668
0.9482532
0.9572582
0.000121813
0.9960816
0.05529407
0.979639
0.9822142
0.01597347
0.9939391
0.01755488
0.9653925
0.9954394
0.03347853
0.9789277
0.9760398
0.9388671
0.9558466
0.03350032
0.9989453
0.9918924
0.01645179
0.01834226
0.01097632
0.958197
0.003772866
0.007443108
0.02379699
0.05043193
0.9907162
0.9520733
0.07494836
0.004760527
0.9536561
0.9794115
0.006254604
0.9993176
0.9684418
0.9779235
0.02382061
0.009245101
0.999911
0.07374202
0.9329301
0.9964392
0.007459435
0.006135413
0.001271356
0.9556643
0.9825723
0.08161665
0.9793732
0.9545397
0.003080059
0.9927909
0.946299
0.9768949
0.05258796
0.006942144
0.003136971
0.9976859
0.01454996
0.006178584
0.008587997
0.03334927
0.01209795
0.9664322
0.03032811
0.9958268
0.9911861
0.9833357
0.03518824
0.9970226
0.009498029
0.06124177
0.03993149
0.9347986
0.9501447
0.9870254
0.9961447
0.08831715
0.9960052
0.9677442
0.01210925
0.955398
0.02338358
0.03950859
0.01110738
0.01874632
0.03353511
0.03390566
0.02713871
0.978187
0.004609614
0.9563826
0.01400292
0.0355728
0.03114345
0.03654784
0.02189857
0.04679475
0.9999866
0.01257674
0.05827507
0.9836042
0.971649
0.02955691
0.04092671
0.05949447
0.988854
0.002195361
0.9967725
0.0185488
0.9994614
0.9551352
0.01335982
0.9411211
0.03213687
0.9346855
0.02074517
0.02774552
0.01057829
0.9893357
0.9668855
0.9447248
0.07647215
0.0121193
0.9848792
0.9483732
0.03282864
0.004123452
0.9953296
0.9651817
0.9592451
0.02643378
0.009929222
0.9836474
0.03628381
0.00778251
0.9636789
0.02070665
0.02072852
0.9823134
0.9699892
0.9622867
0.9788007
0.0413517
0.9805952
0.9896017
0.02603453
0.9773708
0.06522674
0.9727376
0.9986722
0.04358906
0.009627013
0.005587052
0.006183489
0.02288652
0.9988285
0.03718065
0.9626579
0.9942172
0.9739691
0.9618172
0.01180722
0.002311713
0.03419069
0.9547055
0.02754878
0.01314506
0.003673551
0.9741039
0.9915397
0.9849393
0.03667593
0.0119309
0.02746707
0.06502374
0.9920506
0.9966
0.01134998
0.01408371
0.9351412
0.9738245
0.9961041
0.02386475
0.01162422
0.02963133
0.9801496
0.9731098
0.05614025
0.02498712
0.9494315
0.02944976
0.9607736
0.008158728
0.9345579
0.9856296
0.02768628
0.02989101
0.9981087
0.9823827
0.005651004
0.9862781
0.007985045
0.01620301
0.03034391
0.9574708
0.01317479
0.03176005
0.9579943
0.9900502
0.9703347
0.01775299
0.9868767
0.9878423
0.9823735
0.9945308
0.01132066
0.9773395
0.01588826
0.9573258
0.9807764
0.9534796
0.9479615
0.01534128
0.0397198
0.958498
0.03676882
0.9774324
0.9308426
0.05025906
0.9690773
0.0626475
0.9928077
0.9610744
0.0132676
0.02397923
0.0157425
0.006421251
0.06405038
0.04315424
0.02096909
0.9768912
0.9650554
0.03069832
0.982718
0.03830565
0.01421718
0.06537101
0.9895832
0.9884539
0.007171237
0.01104868
0.08088504
0.9900958
0.9987423
0.008784282
0.986606
0.973393
0.0171833
0.9698087
0.01987145
0.9745684
0.9438277
0.9363881
0.9887079
0.01967621
0.06440618
0.01725482
0.002252373
0.007159537
0.02472185
0.9995195
0.9774215
0.9569297
0.008438206
0.9406505
0.9700209
0.01442184
0.01619713
0.9968975
0.02495442
0.02620201
0.9695413
0.9782136
0.943803
0.9666273
0.02203495
0.9487301
0.01861311
0.07912692
0.9804305
0.9630427
0.01837761
0.9630829
0.01765926
0.01366919
0.01798405
0.9978531
0.03710351
0.989278
0.01798602
0.9694467
0.03369001
0.9904688
0.04740673
0.9632486
0.04275762
0.9879186
0.9965042
0.007141809
0.01441834
0.9606712
0.03427574
0.01226709
0.02878062
0.9879742
0.04497613
0.9577665
0.03004903
0.9643059
0.9662653
0.0450019
0.9740761
0.9926518
0.9236051
0.9795653
0.9857305
0.02893907
0.9666597
0.9961121
0.05557077
0.9979532
0.02385782
0.991691
0.9460613
0.9455153
0.0005875717
0.03664218
0.932542
0.02766949
0.9983486
0.9658484
0.9833726
0.03015816
0.9922694
0.9326977
0.07054159
0.02599941
0.9926027
0.01053377
0.9489084
0.01193424
0.9786485
0.946564
0.01598616
0.9907987
0.9776653
0.05772226
0.9938229
0.9274024
0.9614692
0.0017063
0.9603883
0.9809729
0.9757842
0.02687962
0.9786897
0.9835475
0.006622929
0.9853733
0.9700505
0.9357993
0.9948996
0.965798
0.009534776
0.9745482
0.01780084
0.9532498
0.01798772
0.01474133
0.9769629
0.9990483
0.04110713
0.03628464
0.01152221
0.02280671
0.02509111
0.02920438
0.996247
0.01444722
0.01147169
0.9700319
0.9915756
0.9823135
0.005215998
0.0001917787
0.03588161
0.02255095
0.02591902
0.02945287
0.9664379
0.995407
0.994648
0.9846581
0.9747933
0.04897192
0.9930769
0.009973144
0.01418549
0.9661946
0.9750746
0.9825825
0.9356107
0.9855174
0.9809933
0.9970425
0.009981382
0.04140117
0.07195
0.9262489
0.9757474
0.9982982
0.9975636
0.9523093
0.9949571
0.00936516
0.006562122
0.9742914
0.01470556
0.9942362
2.617245e-05
0.02948143
0.9745805
0.04363017
0.06047222
0.00948244
0.02336787
0.9673734
0.9809971
0.003257935
0.01636826
0.9950947
0.9660846
0.03627015
0.04360553
0.9881092
0.02648871
0.06812131
0.9712143
0.009899089
0.03974623
0.9737636
0.9734295
0.967488
0.9649423
0.01398847
0.9593169
0.9893429
0.9595227
0.05475476
0.03846289
0.9818645
0.9851953
0.9466403
0.9973346
0.9739774
0.01229439
0.02613957
0.9275016
0.99688
0.0001790859
0.01589684
0.9965717
0.9448321
0.9868243
0.005642098
0.9915618
0.01892386
0.01261801
0.009806809
0.9846834
0.02985879
0.9717117
0.006398385
0.9328599
0.9609171
0.03988702
0.9978271
0.9638088
0.009663658
0.02014927
0.00699649
0.01216995
0.0004392377
0.9858923
0.9242951
0.9822586
0.0360597
0.9875916
0.9950561
0.04082308
0.02625334
0.03787305
0.9807148
0.9821535
0.0381611
0.05148489
0.984437
0.9750824
0.06366642
0.9976137
0.9929237
0.9904641
0.8907838
0.04566833
0.9970904
0.9486006
0.03399827
0.03320545
0.04387918
0.995413
0.9753608
0.9837467
0.01006701
0.01831942
0.001253294
0.973396
0.01012509
0.9994896
0.9676514
0.9904938
0.03625746
0.005363566
0.9957437
0.002333243
0.03715243
0.9822211
0.01532842
0.9771964
0.9841177
0.01401221
0.06131527
0.005305912
0.02345717
0.01383065
0.01453053
0.9508868
0.01683575
0.9631429
0.009661109
0.9764664
0.9869715
0.001501019
0.01008116
0.9791111
0.02886959
0.03191222
0.009604958
0.001277881
0.981384
0.9961849
0.9697163
0.005825499
0.971007
0.9655477
0.01402841
0.9823208
0.06008523
0.0119179
0.03702031
0.969778
0.9804232
0.01084162
0.9921499
0.02339679
0.9858498
0.9498456
0.01402975
0.9950471
0.9650673
0.9914699
0.03605091
0.9893749
0.9574047
0.9736437
0.9716443
0.9797839
0.9803001
0.9905509
0.982952
0.03237905
0.04953883
0.01921663
0.9925565
3.312972e-05
0.9782548
0.9944479
0.9530789
0.01713474
0.9822473
0.01480542
0.9986496
0.9836139
0.9815834
0.0126693
0.988607
0.006119452
0.990254
0.9961189
0.9645295
0.9853568
0.9998405
0.9811755
0.9902952
0.9961947
0.004634777
0.01386576
0.002032017
0.9912994
0.03540696
0.9618972
0.004957628
0.9999451
0.02190918
0.01649332
6.054246e-05
0.03788961
0.9908873
0.0190518
0.05378118
0.9999054
0.999569
0.9771451
0.001517047
0.9995465
0.9850434
0.01369736
0.05729511
0.9874319
0.01198416
0.9896211
0.9684294
0.007158622
0.0007370936
0.9849951
0.9627432
0.9766281
0.9781448
0.005611892
0.02356543
0.01709713
0.04649411
0.02251601
0.001443499
0.996068
0.008112729
0.037346
0.05173313
0.02408419
0.9936871
0.005573673
0.9729421
0.01225147
0.003108521
0.06440124
0.01662224
0.008323614
0.03015575
0.02998723
0.01102581
0.002797216
0.963549
0.9957851
0.9781892
0.9963115
0.01658518
0.05204038
0.9939814
0.005833505
0.9612484
0.9834905
0.9865422
0.03136256
0.02296621
0.020872
0.01207917
0.00615121
0.9979728
0.9800779
0.009768636
0.002445158
0.02166901
0.9968957
0.008444667
0.04153813
0.9665955
0.0001710671
0.02592409
0.9998058
0.9797445
0.04293262
0.9872785
0.9950415
0.0551921
0.03526446
0.995918
0.008836828
0.987496
0.02726246
0.9698619
0.9691209
0.9789421
0.969597
0.01283567
0.9702913
0.0282902
0.9889354
0.01890213
0.9645475
0.9691579
0.9858948
0.0125913
0.9534241
0.01296738
0.9765372
9.999159e-05
0.9635054
0.003264611
0.01094667
0.9942584
0.9415534
0.9988074
0.03902454
0.9938497
0.9587567
0.9631338
0.9896135
0.9726646
0.01114945
0.9990795
0.9564018
0.9474398
0.0341351
0.01946542
0.9914068
0.005104743
0.03894956
0.9915116
0.929748
0.9873732
0.9480875
0.02567364
0.9577645
0.0103032
0.05342132
0.008868339
0.9896318
0.02007418
0.03769068
0.04811577
0.01710035
0.0204002
0.981174
0.9564121
0.9492505
0.9837944
0.9495537
0.9822074
0.9757801
0.9690474
0.9627794
0.02286068
0.9753174
0.004011379
0.9564624
0.03462788
