0.02049037
0.06417342
0.0006312127
0.001807647
0.05327239
0.052699
0.03595778
0.03601032
0.05612269
0.03798666
0.02781498
0.007203483
0.05320358
0.06332548
0.04044435
0.03010149
0.04645908
0.005338868
0.06885555
0.01848132
0.0008698496
0.01039778
0.04240278
0.0004339606
0.01720189
0.02944156
0.001210243
0.03290697
0.0144713
0.03757277
0.000582103
0.0008544306
0.07173707
0.03033101
0.02911114
0.04241498
0.05272831
0.0513177
0.006709853
0.07544463
0.01471391
0.03476443
0.03914149
0.02870144
0.01247011
0.01306909
0.04221388
0.01843947
0.04190662
0.03558375
0.01134257
0.018422
0.006224342
0.03367087
0.04833487
0.03227394
0.01943845
0.07796315
0.01966814
0.01636406
0.04460973
0.01796411
0.005838423
0.01740897
0.02136299
0.01366073
0.004950889
0.04088274
0.01060478
0.03246556
0.02679422
0.02340079
0.003564704
0.07039198
0.02050431
0.04018087
0.02087159
0.01427342
0.0207855
0.04530758
0.007153525
0.0008167325
0.05896224
0.008535052
0.02833985
0.08502613
0.01458988
0.03317313
0.0315062
0.04912609
0.02366517
0.03501357
0.01714304
0.07069969
0.04645647
0.03592106
0.03058323
0.002379258
0.005276741
0.006004673
0.4001565
0.3868982
0.5838111
0.5891315
0.02603209
0.4240259
0.005684027
0.6645717
0.03866951
0.06648005
0.6371686
0.9421055
0.5778154
0.4326266
0.3853639
0.4303777
0.9847581
0.9722791
0.02773918
0.9761595
0.4129927
0.9987397
0.4566251
0.3907886
0.5436073
0.09226993
0.4064665
0.9835692
0.6298259
0.02482401
0.5958641
0.6130424
0.4137845
0.02099592
0.04952621
0.02373568
0.03131404
0.04403037
0.03430584
0.9546694
0.5984441
0.005165956
0.608269
0.6129786
0.5644896
0.6226332
0.03971415
0.6211097
0.6214133
0.9763631
0.9258003
0.3941528
0.008512933
0.9518971
0.0211686
0.659846
0.6125537
0.9933259
0.5831779
0.03524441
0.9884971
0.6138461
0.05014623
0.394187
0.5929193
0.9350819
0.9585975
0.984133
0.01736826
0.3583488
0.0193672
0.5909469
0.3656474
0.3279261
0.3141084
0.5879986
0.6069604
0.4366411
0.9989832
0.9788943
0.4055856
0.5676897
0.01298763
0.6136941
0.02028256
0.9395425
0.3800211
0.0424419
0.06906563
0.4281991
0.6056486
0.5940713
0.02525438
0.5983986
0.02771906
0.638809
0.5994514
0.3728821
0.3940743
0.02950058
0.9758152
0.9841729
0.02965058
0.02549983
0.6018426
0.01934249
0.3914203
0.3616321
0.4325192
0.01549636
0.0533167
0.973886
0.9220254
0.4078776
0.0102669
0.6014117
0.9681235
0.5973348
0.3846418
0.009348729
0.5503862
0.4545747
0.03510209
0.5263179
0.9879462
0.6185096
0.5346823
0.4133208
0.03511505
0.9864436
0.3507946
0.9857081
0.9713629
0.6078426
0.4112724
0.05325953
0.01672771
0.03426591
0.9729081
0.563997
0.997216
0.603687
0.3962947
0.6030264
0.9933725
0.6521304
0.5582268
0.001276231
0.443171
0.997179
0.4100721
0.9566528
0.06096528
0.3997963
0.3553574
0.02497155
0.03607185
0.4141444
0.02587354
0.9956858
0.3539448
0.3821929
0.6315574
0.4434625
0.009446368
0.002056451
0.9766693
0.592881
0.001468581
0.6111104
0.01127096
0.3710747
0.9821363
0.9655403
0.3794033
0.6615429
0.9937875
0.3849524
0.4067022
0.9826551
0.5985448
0.03926911
0.604262
0.5871674
0.3955232
0.9982474
0.4111908
0.6377495
0.006316504
0.9926137
0.01363317
0.9688209
0.008860757
0.4042747
0.9502943
0.9612668
0.9378533
0.9858545
0.6246579
0.4273105
0.5670733
0.9429053
0.5643559
0.4423273
0.9981774
0.01156673
0.380324
0.3411127
0.9772992
0.01511683
0.03379704
0.3721202
0.357627
0.0419453
0.9788271
0.01038182
0.9727493
0.6128398
0.586657
0.4183447
0.9861987
0.4218737
0.3786097
0.411042
0.9924684
0.9977436
0.602071
0.02049636
0.6105674
0.959314
0.9865198
0.5724896
0.6488209
0.6078752
0.338351
0.3980667
0.5913571
0.9984628
0.01592419
0.6507573
0.5703675
0.4447201
0.5688259
0.9744367
0.6334506
0.6045735
0.9850574
0.05449295
0.0003395404
0.3959029
0.5767969
0.3758227
0.9909146
0.9987848
0.4039018
0.9875521
0.6186188
0.4343347
0.6507243
0.9446878
0.5315105
0.01226938
0.05318502
0.5701419
0.9798889
0.9961297
0.5919985
0.3922572
0.02815557
0.0172822
0.9727218
0.5990793
0.03249717
0.3298254
0.9995611
0.6324129
0.9975431
0.005362771
0.618163
0.6014032
0.9939637
0.3387878
0.5921768
0.416961
0.9525927
0.9809043
0.01630583
0.5970146
0.5733529
0.5750665
0.422451
0.3735989
0.01884445
0.048694
0.3658341
0.9812903
0.01723351
0.9952883
0.03876626
0.6167956
0.6207859
0.6254646
0.6222126
0.01686957
0.9878287
0.6027825
0.5803569
0.6077631
0.3395663
0.3262115
0.984388
0.513477
0.9346918
0.005880755
0.9754518
0.4087044
0.01055599
0.02818464
0.5868378
0.5958582
0.9625812
0.9738439
0.9643776
0.3938782
0.03993415
0.5597745
0.5842823
0.4462316
0.9700424
0.6073833
0.439972
0.9869746
0.5737393
0.01514356
0.9503157
0.9620616
0.01768892
0.367868
0.3991338
0.3768023
0.01632136
0.9651359
0.4362159
0.01308434
0.9809471
0.04082819
0.01358629
0.9647851
0.9927764
0.03590922
0.9948527
0.9882122
0.9882731
0.02914494
0.4259309
0.9834711
0.3721853
0.6056456
0.1149242
0.5648623
0.01563972
0.03155483
0.5779401
0.9358774
0.5850121
0.9684474
0.581374
0.005667977
0.577618
0.6228786
0.00710924
0.5586899
0.9916823
0.4314911
0.5915225
0.9655644
0.5601862
0.9786733
0.001392278
0.9673732
0.4089102
0.001922873
0.02329493
0.01354267
0.08444302
0.3337483
0.3444879
0.3842349
0.5672485
0.4354292
0.991818
0.9586691
0.03033795
0.5744694
0.9826447
0.5958591
0.05626857
0.6454042
0.5899927
0.03204751
0.4162288
0.9844534
0.009024647
0.5731819
0.03230844
0.9911934
0.9939497
0.3967188
0.03536699
0.9927583
0.03347906
0.4206612
0.3955029
0.9337332
0.3734362
0.3996501
0.02458533
0.4071571
0.4170053
0.4243613
0.5593419
0.9718063
0.0125303
0.614497
0.03550659
0.003479625
0.4218506
0.9528685
0.4002198
0.9610582
0.9697444
0.9926952
0.3874141
0.006858251
0.5922663
0.6203181
0.9792197
0.03198263
0.988503
0.3481501
0.5655505
0.0005740104
0.3837693
0.3789196
0.9462008
0.01423079
0.3715082
0.9758321
0.002439748
0.3926256
0.9526271
0.4161262
0.3883499
0.01462092
0.9850045
0.005179283
0.396664
0.03195515
0.01617466
0.6212541
0.9493773
0.03273773
0.9490397
0.3996724
0.3227728
0.02826142
0.006085819
0.43283
0.6136923
0.06106518
0.3824761
0.6526809
0.03839649
0.4177211
0.3874706
0.4336264
0.9801624
0.5038626
0.5943298
0.9903475
0.02948547
0.9848309
0.3946024
0.9441456
0.01501946
0.9842706
0.6116997
0.005226925
0.4258517
0.6059334
0.3948384
0.3958664
0.4356833
0.9976763
0.965157
0.5955197
0.6269936
0.9933571
0.9915562
0.5775433
0.3690604
0.6270883
0.02716524
0.430757
0.009158057
0.03936615
0.6222007
0.983687
0.96047
0.3873827
0.6091845
0.3846067
0.001232013
0.3989204
0.9481412
0.4572187
0.03094783
0.6372419
0.400705
0.9595146
0.97062
0.9854809
0.6080489
0.9782909
0.4254471
0.98219
0.4471507
0.3851195
0.5876528
0.01382037
0.4218024
0.4377346
0.01916794
0.03547681
0.4289975
0.6343084
0.9949263
0.02481111
0.5790965
0.5878551
0.6186281
0.02751948
0.38456
0.4753716
0.9799764
0.6041959
0.5840493
0.3533197
0.9726178
0.6082866
0.5783917
0.5916467
0.6004323
0.9578515
0.9602445
0.6045979
0.5932937
0.5638675
0.6214145
0.03426673
0.5914553
0.5816122
0.3917794
0.3989878
0.03878721
0.5963973
0.6291768
0.4652017
0.003788605
0.3716122
0.3337525
0.0003462715
0.01983218
0.001033386
0.02087954
0.03572862
0.9835362
0.9836002
0.9975305
0.02204955
0.4179311
0.4007219
0.9340942
0.5808131
0.03701698
0.9764764
0.4039466
0.5852995
0.03497545
0.01866911
0.3739968
0.9937987
0.059879
0.633413
0.4036143
0.9981964
0.01848679
0.4293582
0.4170011
0.9972912
0.9555639
0.4427802
0.002790522
0.432922
0.3803641
0.6166767
0.9803479
0.0173339
0.3791263
0.5749202
0.6254844
0.5893949
0.002670131
0.3885114
0.3985955
0.6242115
0.9820196
0.5958396
0.3975279
0.9772783
0.4549359
0.01064415
0.5817674
0.5735451
0.6780148
0.4163623
0.9667125
0.6154894
0.573258
0.9896275
0.6185682
0.3440341
0.5700176
0.005447382
0.3475113
0.9970187
0.9938942
0.01655061
0.4028358
0.9822852
0.4298043
0.9782718
0.6026331
0.538482
0.9741441
0.01310562
0.3787284
0.5939727
0.9721618
0.65663
0.9538046
0.4664297
0.0342116
0.01028533
0.6478473
0.5797427
0.9830421
0.04023368
0.5999909
0.5950204
0.03023843
0.002745087
0.4517911
0.02570429
0.004191868
0.9755949
0.01453465
0.3191646
0.4083141
0.5649335
0.6100701
0.3752577
0.4175809
0.9855233
0.03911153
0.3667532
0.9495772
0.9619978
0.6307628
0.5807891
0.00481802
0.5524374
0.01169124
0.4098208
0.4178249
0.4185684
0.01717434
0.398672
0.9948853
0.9594416
0.5800235
0.5710422
0.3912713
0.02483224
0.9670538
0.07512317
0.008033448
0.005998172
0.0502282
0.02750524
0.9836209
0.03717184
0.5932162
0.411139
0.03577915
0.6334871
0.3456482
0.9972859
0.9897563
0.9839712
0.3971819
0.5947984
0.9979692
0.421277
0.9975461
0.9789768
0.9828782
0.9557382
0.571049
0.3677256
0.3670285
0.4093106
0.6064465
0.01140273
0.9762517
0.3990133
0.007710831
0.05003552
0.346895
0.01199123
0.03997308
0.01284286
0.4102958
0.9741515
0.027486
0.9540182
0.6190006
0.960283
0.0108502
0.046853
0.9921925
0.5911475
0.001388434
0.5545839
0.976799
0.02002133
0.3614638
0.9601604
0.3615849
0.4216401
0.03423982
0.5920626
0.9841427
0.0330527
0.6180654
0.3875527
0.584191
0.3939012
0.4176642
0.9774251
0.4459966
0.5835956
0.9895235
0.574147
0.9884822
0.03269951
0.4139166
0.4174779
0.6120328
0.3940474
0.6352846
0.01322338
0.6400493
0.992736
0.4234443
0.9589159
0.5271793
0.01495344
0.3944513
0.9764982
0.02113507
0.006310564
0.4084197
0.520032
0.3658845
0.9897095
0.9915588
0.9533876
0.5870104
0.4345171
0.9883786
0.3691292
0.02651885
0.9727659
0.4307175
0.004331669
0.6277452
0.6078744
0.3565118
0.02900279
0.5666
0.3495733
0.9802459
0.0311062
0.9653597
0.9783167
0.4152031
0.0004360801
0.9510885
0.9729425
0.9982439
0.03321236
0.6243035
0.964197
0.9938165
0.9980597
0.3998476
0.6022056
0.003074313
0.5931575
0.01228263
0.9713858
0.04211032
0.02874851
0.006673497
0.3719802
0.6049977
0.5956317
0.3947655
0.02654299
0.4251992
0.9731525
0.0160381
0.03075616
0.01179057
0.5689918
0.9734557
0.6172882
0.01784264
0.3522871
0.597524
0.6067406
0.9481212
0.3965415
0.05572497
0.4026088
0.9939782
0.6587911
0.9612929
0.9862374
0.5944086
0.4403777
0.9331996
0.03343733
0.3772523
0.06513309
0.3971692
0.9847847
0.979881
0.01117052
0.998957
0.5962984
0.3511909
0.0232138
0.01370222
0.981276
0.420048
0.01700061
0.9750978
0.9653561
0.9963143
0.5781242
0.03351937
0.9993326
0.06679924
0.4174678
0.05416608
0.376036
0.04053658
0.6372832
0.01855878
0.6111854
0.02853838
0.414098
0.6029864
0.003603686
0.6800794
0.4146744
0.9877345
0.6548231
0.001500253
0.9804076
0.5916681
0.43464
0.6150494
0.4290245
0.02150709
0.5911255
0.5884853
0.9331607
