0.5609455
0.9910942
0.01222355
0.5345894
0.9903539
0.003934849
0.9646949
0.3796103
0.5825162
0.9904794
0.3987809
0.006403067
0.9422376
0.5984344
0.1009266
0.6165836
0.9842434
0.3537538
0.5637776
0.5566704
0.4362113
0.6211581
0.971106
0.04435965
0.01051468
0.9639769
0.6023265
0.4053453
0.594115
0.005767175
0.344982
0.9900306
0.9802191
0.9769627
0.4226329
0.5473562
0.02768021
0.5616008
0.9570434
0.9989844
0.400485
0.9850416
0.02358996
0.9275951
0.3931419
0.9499694
0.5734678
0.02786152
0.4120671
0.9613653
0.005423152
0.625235
0.03459554
0.4203576
0.4318604
0.4305707
0.9927944
0.4269796
0.4070394
0.9778326
0.01448574
0.3956271
0.5753709
0.001085334
0.9671572
0.358602
0.03148508
0.9831633
0.388316
0.9900852
0.614037
0.9663319
0.9669438
0.5755938
0.6078677
0.006618212
0.9857615
0.441634
0.3497742
0.9712426
0.3925156
0.4201269
0.9943411
0.007944941
0.9869952
0.5968382
0.6245709
0.4266763
0.9906028
0.3792693
0.9842076
0.6028504
0.6011573
0.0175636
0.02929312
0.01381923
0.5753934
0.5905086
0.9706655
0.6216113
0.992812
0.996209
0.6440062
0.594285
0.6240478
0.02341987
0.9856428
0.4312315
0.06896582
0.04739534
0.9795742
0.3889685
0.4077369
0.6261847
0.02098238
0.0294395
0.4037102
0.4005333
0.605723
0.3740528
0.3622705
0.6187676
0.5730667
0.00428892
0.5342735
0.01640164
0.9845585
0.4420119
0.9669916
0.6242917
0.3934615
0.3393494
0.4339195
0.6391482
0.01436755
0.0697022
0.6286149
0.02456395
0.3759588
0.428019
0.9736609
0.3747216
0.3874474
0.9740994
0.4284198
0.3811605
0.0223006
0.3885149
0.9666359
0.9740781
0.402329
0.5760652
0.5883085
0.4324734
0.03351077
0.9984951
0.9986653
0.05190499
0.04143933
0.02866182
0.9575431
0.01679608
0.9674542
0.008195846
0.06092871
0.4462803
0.9962248
0.9905452
0.9817579
0.4055729
0.3838883
0.5976131
0.9865559
0.04045465
0.03129487
0.3633514
0.5915743
0.458593
0.9904821
0.3762254
0.9795074
0.5593586
0.5815423
0.3640442
0.4204475
0.9633612
0.3918801
0.4137769
0.4843355
0.580771
0.06907118
0.02444682
0.9674806
0.5584845
0.993103
0.4088002
0.002443996
0.3702286
0.4032478
0.6022076
0.5918846
0.0140584
0.03628619
0.5547187
0.448031
0.6503248
0.9793014
0.01390508
0.4359848
0.418796
0.01061508
0.9971187
0.9920065
0.6028283
0.04449898
0.9522198
0.02229046
0.01966487
0.9742691
0.5758338
0.04661658
0.01752627
0.9843841
0.00223507
0.601584
0.3947419
0.004040989
0.4470278
0.4599613
0.5812035
0.9989257
0.9808834
0.9799017
0.9938951
0.02870778
0.6090921
0.9781188
1.971886e-05
0.608058
0.6104117
0.06260513
0.4189776
0.5971214
0.4026067
0.9653402
0.3968041
0.5946936
0.5887815
0.994063
0.01717545
0.3834105
0.6204945
0.06187864
0.4213053
0.9449658
0.003786272
0.01849309
0.3920989
0.42057
0.6666733
0.9936122
0.5983248
0.07979817
0.6117543
0.3464614
0.6137221
0.5862747
0.9984306
0.9795806
0.9578842
0.6445771
0.006284188
0.9897064
0.9878316
0.07816655
0.01988976
0.02327132
0.586833
0.008211355
0.6225953
0.6273308
0.3293458
0.01579249
0.4125236
0.9539261
0.4225466
0.6060708
0.9844493
0.6439652
0.5641109
0.4293818
0.4155665
0.9955819
0.008309441
0.6795019
0.5524752
0.0194382
0.01252074
0.002094732
0.5891383
0.996199
0.425587
0.3810597
0.02982277
0.9969551
0.6334792
0.3486058
0.01879176
0.5520323
0.5765636
0.04780398
0.6308288
0.3877538
0.3251381
0.6047314
0.6221139
0.02965115
0.3850839
0.9976981
0.628305
0.5541655
0.03488994
0.05419375
0.0727401
0.9332411
0.6098426
0.9916019
0.5695704
0.6069868
0.4066947
0.5642907
0.9425851
0.02260504
0.001751346
0.6230708
0.9969412
0.9825068
0.4218224
0.9705274
0.6078727
0.3654332
0.9876484
0.03228967
0.4202387
0.6044393
0.6030272
0.3874459
0.5475293
0.6361281
0.6008473
0.9605543
0.4167744
0.03227356
0.003265076
0.3611987
0.3973144
0.03624585
0.3558055
0.6163948
0.9984474
0.9804131
0.9903924
0.9633967
0.9656964
0.5975198
0.6089801
0.9566752
0.5871403
0.02254479
0.001840555
0.01383126
0.02523986
0.4067617
0.3591624
0.3701476
0.04327661
0.0002212809
0.01417111
0.02022841
0.3696279
0.008984564
0.3880707
0.3537433
0.005714594
0.9903862
0.9818755
0.995502
0.9801972
0.02672245
0.9746174
0.980776
0.5581172
0.5988884
0.01898899
0.3959818
0.4380443
0.4322887
0.3798253
0.4270302
0.02643308
0.03887518
0.984594
0.05679666
0.06648802
0.6205893
0.976356
0.5825735
0.6191222
0.5640938
0.5455967
0.5826297
0.001566692
0.02913005
0.9829077
0.01406207
0.4208015
0.5780562
0.3007448
0.3971709
0.3662685
0.5931069
0.9767861
0.5517848
0.3462771
0.6158255
0.579518
0.9796591
0.3865418
0.3873508
0.9476104
0.4072855
0.614948
0.03879263
0.391756
0.02757933
0.0274247
0.03916382
0.6044311
0.949508
0.9843161
0.936164
0.3877536
0.04146775
0.5982006
0.001754721
0.0177191
0.6478662
0.6133066
0.4167533
0.9818828
0.5409783
0.948153
0.3964624
0.01412191
0.4357124
0.6466767
0.9869442
0.3922069
0.005245464
0.02380714
0.388974
0.6223168
0.9550511
0.9231403
0.0007072505
0.02062412
0.3514089
0.4058638
0.5887616
0.9686223
0.9962808
0.4114321
0.4060194
0.9976687
0.003147399
0.9981773
0.978704
0.4032344
0.02776097
0.02791582
0.3905675
0.9845221
0.6266781
0.02444786
0.3570773
0.6120478
0.9765902
0.3895427
0.3681709
0.98078
0.5708475
0.3633724
0.003038802
0.9816452
0.9864756
0.9711255
0.02904954
0.9614216
0.5827406
0.01372687
0.6349698
0.9829743
0.9856812
0.000202047
0.9873696
0.6069334
0.9948878
0.01001406
0.999165
0.04740989
0.9698784
0.02135114
0.01789656
0.5898365
0.4419364
0.007635793
0.9599306
0.9781449
0.9670167
0.5483583
0.9928087
0.04143713
0.4145827
0.5930142
0.9773135
0.366477
0.3942466
0.976822
0.5608599
0.6197349
0.6570429
0.390034
0.5895157
0.4197534
0.4448194
0.9772274
0.03013872
0.619391
0.375773
0.3796912
0.3679159
0.9755079
0.03931378
0.9738406
0.9855373
0.4017809
0.5769696
0.6517712
0.614969
0.04000633
0.4374555
0.02031669
0.008359189
0.412301
0.03345399
0.3794485
0.0121497
0.3775684
0.02339554
0.3989776
0.615905
0.0411743
0.9995059
0.9899224
0.3886371
0.3871068
0.03486091
0.3499064
0.04947929
0.5720128
0.6334692
0.9897955
0.02776936
0.6408987
0.02762159
0.9918575
0.5852485
0.4109117
0.4273216
0.03235945
0.9493265
0.005803076
0.0008365229
0.59752
0.4236358
0.9369392
0.03350273
0.437633
0.01120843
0.03787124
0.993452
0.9944135
0.4089174
0.5606068
0.9825015
0.3354285
0.06708084
0.03633563
0.9980267
0.5665881
0.3756626
0.3829436
0.6222524
0.0107732
0.3929103
0.5389569
0.5450702
0.9460478
0.58576
0.6125566
0.9598794
0.3434808
0.04478643
0.3375844
0.03880343
0.974083
0.4337834
0.0169308
0.6571186
0.005110581
0.4175503
0.415281
0.4704192
0.9798599
0.02631195
0.6228633
0.5264658
0.9819429
0.5585196
0.5804319
0.3983177
0.413486
0.0374223
0.6218092
0.5512257
0.02193931
0.9990023
0.3647922
0.6076782
0.02335863
0.9958666
0.9865531
0.9783569
0.9801911
0.4545475
0.9871275
0.4041306
0.9954915
0.01568211
0.3870906
0.5980773
0.5993777
0.9882319
0.6421124
0.5394962
0.03343533
0.03065288
0.9731074
0.5437452
0.5980722
0.431566
0.9544936
0.4335271
0.6114607
0.621556
0.0236824
0.005607062
0.6056518
0.5817684
0.007685794
0.006922204
0.974429
0.4273185
0.4448757
0.4805734
0.03749498
0.9717658
0.5959215
0.5613043
0.3711239
0.05182757
0.4431219
0.9867184
0.577366
0.9556956
0.03387851
0.9758556
0.4033877
0.5833967
0.6541956
0.4178595
0.6063074
0.9651766
0.02807191
0.4082223
0.05074581
0.5844353
0.9370439
0.6129614
0.9614836
0.06356755
0.970088
0.4259778
0.01212316
0.5840418
0.420508
0.620876
0.4330473
0.5572988
0.5679092
0.6035777
0.02100421
0.3978847
0.3784783
0.5816483
0.3852146
0.02479182
0.05119056
0.5707088
0.5880545
0.0324881
0.5873318
0.9601773
0.012121
0.9757672
0.4126863
0.643869
0.6061082
0.6054585
0.6252999
0.9933517
0.9970568
0.6234881
0.4210434
0.3910315
0.02392138
0.01766184
0.02950376
0.004002285
0.01997867
0.02119534
0.2990709
0.6198306
0.009097521
0.642462
0.02935101
0.4213074
0.002375492
0.5650992
0.0194531
0.04950362
0.980005
0.3327161
0.9999031
0.02930992
0.3629578
0.5863674
0.9647714
0.5838869
0.4516519
0.3778514
0.9818171
0.590076
0.9565764
0.00602506
0.5852391
0.01178649
0.4644307
0.01166354
0.9802565
0.4566151
0.4174854
0.3882117
0.6171369
0.6170826
0.3808343
0.9919679
0.3596899
0.4378032
0.3447512
0.9800789
0.02519913
0.994568
0.3948991
0.9842034
0.425613
0.0314424
0.03767416
0.5898313
0.9887433
0.001403213
0.3799833
0.3549279
0.03307237
0.04992394
0.5519622
0.9924294
0.5779648
0.4150786
0.02133416
0.4233595
0.5947316
0.04065148
0.01148059
0.3457983
0.9899188
0.372871
0.9293421
0.6172363
0.01402169
0.02583096
0.971139
0.01068612
0.03832352
0.005877377
0.02909729
0.9876452
0.9599624
0.9612457
0.6717027
0.6336658
0.9682612
0.01375309
0.6325253
0.9700327
0.9929121
0.5914851
0.4471044
0.4038206
0.0343779
0.6398306
0.4082844
0.9721035
0.01645381
0.560967
0.5618274
0.9864001
0.4100145
0.6183094
0.5747702
0.02839045
0.9845783
0.3919943
0.04112175
0.6021879
0.5889701
0.9356256
0.9544861
0.6070424
0.04312179
0.9431894
0.9821083
0.4052697
0.3702341
0.5720639
0.9904745
0.6350089
0.9645489
0.6697126
0.9733294
0.02500266
0.5831917
0.9969608
0.6055401
0.3861504
0.02579028
0.4153365
0.9930355
0.3960832
0.00926393
0.9881265
0.9789227
0.9807874
0.6085614
0.3597476
0.3696502
0.02311651
0.979476
0.008632071
0.6577997
0.9985508
0.5659861
0.9994487
0.00484991
0.01355834
0.4226755
0.9870607
0.02891876
0.9890139
0.4163037
0.9980639
0.5726774
0.9827592
0.9418756
0.4291008
0.07050333
0.5779132
0.3897809
0.9633681
0.03608562
0.04488757
0.003312039
0.01946079
0.9995722
0.9736068
0.0106263
0.01492311
0.9339223
0.9803575
0.9424921
0.9654155
0.09319019
0.01541533
0.9944103
0.004625719
0.9788194
0.006987109
0.9860068
0.03405513
0.013
0.04112483
0.02534282
0.987288
0.03089836
0.01347123
0.9668251
0.0007377487
0.9877836
0.9539075
0.9967213
0.9622665
0.009846701
0.9846556
0.02439525
0.001136751
0.9774152
0.9938396
0.985084
0.9702396
0.0479768
0.02728228
0.9939342
0.0574921
0.006084388
0.9854215
0.01401104
0.007028232
0.9824054
0.9844887
0.9592118
0.0151842
0.9430178
0.01420402
0.0008134096
0.9896013
0.9725026
0.00338363
0.01526556
0.9874167
0.9720343
0.008619332
0.04221232
0.0123612
0.02345813
0.9501253
0.9898708
0.9724651
0.9901238
0.02126351
0.9541825
0.9793244
0.9882982
0.9780899
0.02270744
0.9844512
0.02485966
0.9760747
0.9772429
0.9727609
0.9801371
0.000826623
0.9775071
0.002000965
0.02446883
0.007309503
0.9855159
0.007536035
0.05890531
0.9960053
0.9911198
0.001551156
0.004689374
0.03579776
0.9911118
0.01437824
0.962948
0.007946807
0.03455439
0.9549138
0.04469618
