0.02741467
0.9929835
0.9928483
0.975115
0.01943989
0.02787328
0.01378718
0.02362102
0.01861016
0.01319221
0.007789044
0.8985479
0.05027056
0.04313634
0.04851574
0.9787318
0.9781579
0.02964354
0.9980075
0.04123741
0.02720125
0.03740224
0.03404592
0.9695013
0.9905728
0.969455
0.9906367
0.9580002
0.02334619
0.007302116
0.03134479
0.9832227
0.9436073
0.02726802
0.9505478
0.02669747
0.02745056
0.9687128
0.9962417
0.9815203
0.9507108
0.9939658
0.02032484
0.02588861
0.04747715
0.04801514
0.9733765
0.9609951
0.9430608
0.03356676
0.9604985
0.02196398
0.9546836
0.9370009
0.9682952
0.986585
0.9638261
0.01623937
0.9904898
0.9528188
0.9851893
0.02253035
0.03667277
0.02626
0.9792751
0.9972468
0.9937503
0.003529147
0.9752824
0.03177789
0.9701758
0.9869415
0.00135941
0.002403689
0.9367172
0.01551994
0.9815568
0.0299418
0.9786794
0.9768062
0.9675814
0.01059381
0.9466558
0.9717038
0.02262662
0.01779882
0.9711133
0.02811546
0.8917274
0.9837621
0.04143867
0.04317972
0.9442788
0.9908881
0.0004069057
0.00540795
0.003279767
0.001511888
0.02437359
0.01340754
0.03319666
0.9898376
0.9169925
0.5032115
0.01960067
0.02299474
0.9733178
0.4967584
0.9728705
0.03633202
0.9682984
0.4577613
0.4583386
0.9319117
0.9967789
0.002499707
0.04012097
0.9822029
0.9739616
0.0186292
0.5033681
0.5107067
0.9576278
0.9782674
0.5403559
0.02056768
0.9854952
0.9834508
0.9957789
0.9863278
0.9801326
0.5275741
0.06087523
0.5051432
0.06119899
0.002629981
0.5228707
0.9640713
0.9886232
0.5446381
0.9906461
0.4843729
0.9837478
0.5000073
0.9821514
0.9758861
0.02283688
0.4841844
0.9730109
0.4863589
0.01387123
0.9887971
0.9992532
0.4975806
0.05804832
0.962833
0.5084881
0.5486766
0.03568927
0.4990248
0.004091594
0.002243869
0.973654
0.4925202
0.9830738
0.5124195
0.5067113
0.5049939
0.978367
0.95442
0.5153953
0.977194
0.965598
0.4892549
0.514125
0.9990912
0.5194662
0.4852618
0.01289796
0.9766047
0.4849114
0.02950866
0.05376536
0.4863927
0.9807267
0.4622923
0.953864
0.5047039
0.9915971
0.5642419
0.9945027
0.9951009
0.01666503
0.9694798
0.480148
0.005760092
0.9814421
0.5024948
0.5386542
0.9708885
0.03456198
0.01684953
0.02036953
0.009905055
0.02213487
0.4531365
0.007924492
0.9431212
0.03775989
0.01437899
0.4542442
0.0002262122
0.03522027
0.05600657
0.01805143
0.9910126
0.5112112
0.02472991
0.520834
0.9815417
0.9873754
0.524815
0.4734005
0.02702101
0.98496
0.02566072
0.01588178
0.9817887
0.0004239332
0.9612117
0.03009129
0.9491717
0.9643119
0.04532231
0.9903236
0.01373463
0.9850956
0.4687218
0.5515452
0.9462237
0.02541716
0.06849747
0.5080789
0.0168171
0.987467
0.9486495
0.4900101
0.9701174
0.9841678
0.04315515
0.4985472
0.9955872
0.9164499
0.984994
0.008516402
0.6150753
0.9882277
0.9601922
0.04147975
0.009908671
0.4877807
0.5221631
0.9952714
0.9992612
0.01225125
0.01371839
0.4657377
0.4736783
0.9992594
0.006962488
0.9874504
0.5218017
0.4822199
0.4912868
0.9717389
0.4809506
0.4776047
0.03280134
0.5043456
0.008116049
0.9997917
0.5305779
0.4817164
0.9751611
0.5159535
0.5021624
0.9692411
0.9773268
0.03101796
0.9622424
0.03509101
0.4828216
0.01815421
0.4679249
0.9600723
0.02491454
0.9369723
0.5010692
0.5094549
0.003870655
0.4924142
0.9660428
0.5118228
0.0150218
0.03541519
0.5914988
0.02132363
0.5964289
0.4921175
0.01350429
0.5181886
0.4924158
0.5346559
0.9814171
0.9831804
0.4856668
0.0006559275
0.5219091
0.9870116
0.491484
0.02734441
0.4850381
0.03422946
0.5014503
0.03840207
0.4722881
0.002792147
0.5243076
0.9952782
0.001383118
0.9647898
0.9787281
0.5020055
0.506328
0.9817077
0.008302809
0.5388872
0.5427516
0.4982682
0.97802
0.4830356
0.9963196
0.06894697
0.01310043
0.4933126
0.01771153
0.9766429
0.9870461
0.03949661
0.5194765
0.002141422
0.4731527
0.4945186
0.4836763
0.03701711
0.9068817
0.4909954
0.9946214
0.9959222
0.9856493
0.04002274
0.001120709
0.5069447
0.002646687
0.9648989
0.5106972
0.001251903
0.9633612
0.004131136
0.5117153
0.9934388
0.02464692
0.4547797
0.01952875
0.01426909
0.01750458
0.9810358
0.01413446
0.006494925
0.507716
0.951911
0.02803912
0.07287384
0.5508616
0.9541484
0.9887255
0.9838337
0.9752
0.02614976
0.08809827
0.4783193
0.5106033
0.02377125
0.03428618
0.9806581
0.5298648
0.955003
0.9701363
0.4965211
0.05775638
0.4640374
0.03459321
0.001760397
0.9897253
0.9640469
0.9449671
0.538661
0.9891891
0.9899942
0.01325287
0.5626804
0.9881983
0.02656527
0.5338851
0.9834771
0.01040939
0.02878521
0.01651429
0.9867569
0.4981118
0.00841074
0.9936607
0.5033617
0.04764958
0.04232934
0.548066
0.02705146
0.03962167
0.0002109072
0.0005465236
0.02682229
0.451626
0.03221334
0.02677044
0.972101
0.02163859
0.02401498
0.964092
0.02390305
0.4843927
0.01886278
0.01688904
0.004971828
0.03303061
0.9968471
0.04121484
0.05994255
0.9720444
0.03296353
0.01006615
0.03382095
0.9549219
0.9970896
0.03320765
0.9885356
0.9782518
0.9665119
0.01019172
0.03262162
0.02606606
0.04557192
0.9934585
0.9432944
0.9913638
0.07696227
0.9738007
0.9993813
0.06271427
0.9978595
0.04004624
0.9876388
0.9390093
0.01095503
0.9957766
0.9615612
0.9474445
0.01093608
0.9698049
0.01927365
0.9576755
0.02531558
0.03129915
0.9764667
0.9663786
0.02854988
0.07053704
0.9825966
0.9905019
0.9976082
0.04313886
0.06697281
0.02637638
0.9593773
0.05104639
0.9750017
0.987427
0.02132024
0.9894297
0.03018126
0.01869839
0.9495828
0.02055441
0.9372293
0.05033986
0.9749326
0.05805519
0.00438285
0.9973013
0.03527149
0.008139835
0.02155772
0.9699693
0.003492071
0.01281749
0.02897749
0.9684503
0.0167288
0.002734187
0.9927742
0.02580121
0.02818455
0.9431554
0.9704014
0.9681994
0.9886718
0.9644179
0.007979313
0.9279182
0.008519473
0.9813514
0.9942842
0.9951848
0.03227518
0.992142
0.01044411
0.01745932
0.00635017
0.02549677
0.9561043
0.007835165
0.03177638
0.9731681
0.9842715
0.05760248
0.9874319
0.9500483
0.9683879
0.9511692
0.9531809
0.03292283
0.03011859
0.9695533
0.04700914
0.0275381
0.02145161
0.9947198
0.9883743
0.9400736
0.000232712
0.03605092
0.9610846
0.01641622
0.06667093
0.9922981
0.009580814
0.9986769
0.9835383
0.9729372
0.008159608
0.01826393
0.008880787
0.03665225
0.9775159
0.9849255
0.04122362
0.04517542
0.00511026
0.9951047
0.9987229
0.006366192
0.005935878
0.998437
0.9505229
0.03422785
0.9899125
0.04373522
0.9687919
0.02490585
0.04253375
0.999526
0.989438
0.02557132
0.01484499
0.9752285
0.01636793
0.9673021
0.02008602
0.01046836
0.9772056
0.9326567
0.0067848
0.9933559
0.9924834
0.9986529
0.9956949
0.01711164
0.9932224
0.9871655
0.9562039
0.05511633
0.948376
0.02295855
0.03098772
0.9686691
0.9549958
0.9933641
0.0157475
0.067892
0.9808345
0.05465247
0.9890521
0.986501
0.02535611
0.9664247
0.02444745
0.9901403
0.01384306
0.9624981
0.9915085
0.9739723
0.9713112
0.9890949
0.02257085
0.01772483
0.993082
0.9882996
0.9817034
0.02457416
0.9464842
0.9749224
0.007707901
0.9981069
0.9746505
0.03215675
0.9987966
0.01399312
0.9996397
0.9671458
0.9631764
0.9987416
0.953446
0.9890149
0.03030348
0.9501483
0.001145262
0.03520454
0.9659077
0.9575377
0.9714863
0.02833458
0.9779137
0.01074454
0.02706083
0.9881431
0.9751865
0.9804823
0.9731077
0.9511913
0.05985585
0.9928009
0.003203792
0.001951254
0.9807827
0.931866
0.9875687
0.9958993
0.01109232
0.9918224
0.9827452
0.987405
0.05373543
0.9858655
0.01536366
0.01301712
0.01345937
0.9797454
0.02140749
0.9713892
0.01982975
0.9884648
0.011828
0.007775494
0.9856396
0.02460983
0.9751846
0.9921801
0.01876336
0.008372657
0.02514819
0.03380466
0.02520514
0.9630364
0.008405876
0.0422842
0.01901489
0.945682
0.001475789
0.9802382
0.002421368
0.04817617
0.01550159
0.9702168
0.04340669
0.003527049
0.9815237
0.05795203
0.01798705
0.02610447
0.03014001
0.009971095
0.9937721
0.9925558
0.972158
0.9969402
0.01405909
0.07938425
0.006079244
0.9650483
0.01177917
0.9618489
0.0744775
0.03829974
0.004432378
0.9394949
0.9596704
0.01260467
0.9997738
0.9794639
0.02749747
0.05698924
0.02568481
0.9761994
0.05675356
0.02099113
0.9909891
0.9826413
0.9889857
0.02221137
0.9664326
0.9921975
0.03905127
0.9822998
0.00802567
0.9703531
0.02906334
0.0575541
0.02074099
0.002221464
0.03707533
0.9743354
0.003425955
0.9978195
0.9754622
0.964332
0.007258106
0.005479341
0.9784929
0.99202
0.00820186
0.004621378
0.9652763
0.0003553072
0.9950572
0.984512
0.02306759
0.9433693
0.9796606
0.9745086
0.03104297
0.9614427
0.9585642
0.9931405
0.0008514118
0.9691087
0.02351577
0.006251527
0.02256864
0.9650715
0.04062639
0.9682432
0.033201
0.9725444
0.004454145
0.9921796
0.00393967
0.03341614
0.04997667
0.9917414
0.9711508
0.967952
0.9509652
0.994441
0.002079187
0.995459
0.04191629
0.04343018
0.9396157
0.9851529
0.03006049
0.977019
0.9324071
0.9743406
0.9763282
0.9978859
0.9791489
0.992725
0.001395465
0.008670537
0.9938806
0.002574989
0.02021963
0.06144774
0.9803685
0.04787835
0.9706458
0.01194587
0.9940808
0.03797542
0.9700256
0.00165445
0.03342865
0.9787318
0.02775603
0.008560826
0.0005732748
0.0380413
0.03565642
0.9572241
0.01849762
0.9626491
0.04714195
0.005238551
0.05112281
0.9735067
0.9770075
0.06386359
0.9517178
0.009267597
0.9503716
0.9560966
0.9853471
0.06571647
0.9553606
0.02385228
0.9709213
0.9509288
0.01713347
2.628712e-05
0.9700426
0.02370047
0.9938344
0.9588822
0.02746655
0.02877541
0.9923545
0.02930273
0.003503393
0.009847544
0.9481519
0.03568497
0.9976235
0.0009720132
0.03063918
0.9626489
0.9280445
0.9665353
0.007300313
0.9567324
0.9911461
0.0292687
0.005088086
0.9808411
0.0207034
0.0104832
0.01129053
0.002715039
0.9993682
0.004539428
0.06071274
0.994782
0.9820224
0.02370491
0.05659614
0.995623
0.9967935
0.01106954
0.9853667
0.001014594
0.055573
0.991561
0.9953738
0.05208119
0.95411
0.02843525
0.9649083
0.02237521
0.9379598
0.963002
0.04020625
0.9650586
0.9917424
0.02027266
0.9416859
0.9747047
0.9851134
0.9803079
0.05296802
0.001903005
0.00132614
0.02562754
0.9941504
0.003886604
0.04294828
0.03365311
0.02678198
0.9518125
0.9927947
0.0003012766
0.9931511
0.9622979
0.02293153
0.0443219
0.9730151
0.9851416
0.03049815
0.9819162
0.03110423
0.02987959
0.0040215
0.01554012
0.9861974
0.9520846
0.02700357
0.01286303
0.9799226
0.04235387
0.9893563
0.8922301
0.02635801
0.004703835
0.9906555
0.9861275
0.9720564
0.008482185
0.9767544
0.9993178
0.01297559
0.01420603
0.9924548
0.9958142
0.01528496
0.9907704
0.01317842
0.9978367
0.007159681
0.9954411
0.8961269
0.9940081
0.945688
0.9995851
0.03449018
0.0466835
0.02004371
0.05038774
0.01819713
0.03865025
0.06909827
0.01326843
0.9787376
0.9982746
0.03013616
0.04446162
0.001603334
0.9956825
0.05891862
0.01429927
0.04165098
0.9502135
0.06110779
0.01111617
0.9674702
0.02660467
0.9679419
0.08585149
0.9605544
0.9693053
0.9922982
0.9891656
0.02100442
0.976396
