0.9921664
0.972384
0.02103312
0.03097134
0.9875642
0.9620864
0.009969303
0.02137316
0.9715522
0.9696444
0.9921439
0.9947052
0.001535646
0.9955049
0.9153465
0.03170398
0.9927875
0.9585911
0.00704389
0.009311932
0.02985998
0.948868
0.8986619
0.01339147
0.953033
0.993032
0.001868678
0.05167965
0.0111807
0.9652865
0.9701249
0.9638987
0.03078476
0.03785112
0.9820385
0.01289191
0.9920312
0.9452846
0.03670432
0.001188766
0.933644
0.9836646
0.01117369
0.02761718
0.002895912
0.9865009
0.02969982
0.02030595
0.9714358
0.0353699
0.922768
0.9573911
0.01773345
0.9837697
0.9744138
0.01670564
0.9655389
0.05943041
0.9618748
0.02588578
0.9813395
0.001415853
0.9671713
0.9824822
0.001855589
0.9534941
0.05593099
0.9915226
0.9956677
0.9903098
0.9459223
0.968788
0.9868326
0.9551256
0.9789076
0.9926167
0.01869875
0.9897223
0.9894021
0.01631107
0.9863813
0.01633945
0.9732524
0.9630121
0.00606834
0.9921898
0.01917273
0.9979566
0.9884401
0.99304
0.003785432
0.9985843
0.9506553
0.04716122
0.9628223
0.967337
0.9923262
0.9839447
0.9898972
0.001865356
0.01968708
0.01379026
0.007048885
0.09252924
0.9311741
0.9710502
0.9870161
0.9973148
0.9678871
0.08694401
0.01781417
0.02937843
0.0144242
0.003189072
0.04022155
0.9716819
0.04122653
0.9685586
0.9987878
0.9952197
0.006775753
0.9953903
0.9584315
0.9682076
0.9891987
0.05418021
0.07431986
0.9949765
0.01701996
0.9683889
0.9635423
0.9989677
0.9792415
0.0287502
0.9905254
0.05604124
0.9948781
0.01233985
0.003579582
0.02964904
0.957642
0.04962191
0.01300156
0.9853135
0.04170984
0.04970957
0.07098887
0.9953808
0.01649564
0.01534866
0.9815092
0.9385783
0.9439455
0.9749812
0.9947201
0.9799896
0.06150223
0.9987974
0.9958829
0.03168478
0.01015759
0.01380834
0.01338365
0.9844232
0.02370375
0.9702401
0.9801974
0.0004384858
0.9651989
0.04015232
0.007040515
0.02928808
0.00727357
0.01644126
0.007133458
0.01862308
0.01042295
0.9798027
0.9597751
0.02946275
0.01196161
0.9855415
0.0273635
0.0002457277
0.9971669
0.04234528
0.01345204
0.05903919
0.9912138
0.9912549
0.9791256
0.969157
0.951827
0.0617467
0.05907303
0.9997182
0.01082515
0.02016468
0.01501466
0.9960729
0.01813796
0.9728159
0.005410625
0.9686187
0.04495179
0.005588568
0.05658184
0.9896979
0.01709507
0.9906612
0.03729258
0.01576106
0.9950452
0.9793917
0.03956156
0.9632776
0.01636951
0.006779022
0.06725762
0.996463
0.04013037
0.9777529
0.9396479
0.0180599
0.9385002
0.9472118
0.03556328
0.9921238
0.9896591
0.9707559
0.01601995
0.9820113
0.03306104
0.9998729
0.03110763
0.9833098
0.02597678
0.9944734
0.02812131
0.009722854
0.006139423
0.01349087
0.01936923
0.007626459
0.04459937
0.9637739
0.01552066
0.9932945
0.9921516
0.03021503
0.01861943
0.06933423
0.9926746
0.9417297
0.009103446
0.008750092
0.9614906
0.04237844
0.970098
0.9821887
0.01503746
0.96597
0.9778259
0.9773784
0.006372831
0.9769644
0.9576225
0.0384362
0.01176843
0.008973008
0.03609166
0.02531832
0.9891048
0.01170234
0.9546854
0.02722273
0.9636405
0.04077728
0.995734
0.003383093
0.001238968
0.9877766
0.01232572
0.9805376
0.9885034
0.9549339
0.02294842
0.9647415
0.9726949
0.0007952926
0.0201163
0.9237596
0.9825971
0.9913812
0.01136474
0.9986004
0.9300981
0.9885049
0.9553577
0.01343027
0.04778031
0.05056973
0.9869226
0.9980128
0.03005729
0.9395021
0.01697859
0.01490043
0.02627673
0.06120684
0.03964606
0.9664245
0.04199151
0.9890908
0.9662451
0.987868
0.9843654
0.9616508
0.01538835
0.0039866
0.01151235
0.9399854
0.0386115
0.9989543
0.01544269
0.9580429
0.9941248
0.04788137
0.9763638
0.989992
0.9850731
0.9895625
0.9827366
0.9852207
0.9571718
0.02172216
0.003417698
0.01854782
0.0311232
0.994166
0.03162262
0.03509116
0.0349824
0.01502819
0.9914465
0.9993396
0.9903325
0.9623996
0.9854861
0.01658047
0.9921722
0.9864516
0.9808788
0.9873782
0.001085638
0.02979816
0.9978687
0.9757569
0.0307788
0.9870842
0.989498
0.9905846
0.006898755
0.01377259
0.004265408
0.002810783
0.9943733
0.02522252
0.04332078
0.9866763
0.9296033
0.9784328
0.9790432
0.969029
0.0114178
0.03022392
0.9987413
0.0409561
0.9961081
0.0312807
0.008087388
0.9882717
0.002176721
0.008950228
0.07159173
0.04797783
0.96858
0.9963013
0.9771234
0.935182
0.01291097
0.02751064
0.03051185
0.02740147
0.9760412
0.9923427
0.05005218
0.9819272
0.04463624
0.01222387
0.005387783
0.9848961
0.06588768
0.9602651
0.9892893
0.08837157
0.9648132
0.9925077
0.990376
0.9578416
0.01538652
0.9629095
0.9863371
0.02940077
0.06461471
0.008944633
0.9481363
0.01374388
0.9938581
0.9547732
0.9862465
0.9753766
0.03417293
0.03982947
0.9976876
0.9698483
0.04779165
0.03470992
0.04925248
0.9994942
0.1095219
0.9632453
0.01620648
0.987907
0.01625203
0.9730223
0.03967771
0.01156607
0.9991995
0.9577332
0.002068182
0.01704028
0.008607322
0.9837036
0.9648332
0.002561401
0.9896259
0.9564453
0.9846648
0.01565353
0.0369347
0.02320309
0.01630001
0.04619311
0.01500526
0.9942703
0.998105
0.01662586
0.001176183
0.03631659
0.04477645
0.003427813
0.03024948
0.9917752
0.006828524
0.01418229
0.9859513
0.9506255
0.9800042
0.9973427
0.9720747
0.9589401
0.0007199963
0.004919198
0.009376765
0.9728589
0.02978926
0.9786116
0.969838
0.9832532
0.01253784
0.01513061
0.0518627
0.05083257
0.01675976
0.01708117
0.9795858
0.0005030146
0.9673374
0.008364252
0.9844908
0.02075436
0.004168555
0.03756276
0.007747
0.02776145
0.9797134
0.977847
0.9889088
0.01205299
0.0488085
0.9542632
0.9568369
0.9848919
0.02504175
0.9860018
0.9647911
0.9998701
0.9870457
0.008046278
0.01251215
0.9901308
0.994246
0.9990173
0.02289956
0.9820231
0.974934
0.004078779
0.0005362141
0.01831061
0.05466349
0.9646332
0.964824
0.04530315
0.01967104
0.9940304
0.04142059
0.006692927
0.01330895
0.961665
0.02885544
0.9979407
0.9489207
0.9559067
0.0160588
0.9974693
0.9910063
0.03818618
0.976949
0.9560688
0.02321851
0.01913754
0.989251
0.9943995
0.02234093
0.9941169
0.9901941
0.9511713
0.03712647
0.007487216
0.009301708
0.03631087
0.9610094
0.02324433
0.04436473
0.0037459
0.9600496
0.916079
0.0699201
0.005956464
0.9737676
0.9746252
0.0006901644
0.9570173
0.9577058
0.006815109
0.05504867
0.02892962
0.9923463
0.02334265
0.03324759
0.960686
0.9727353
0.02707245
0.03895003
0.9818153
0.005691147
0.03605588
0.01248425
0.0107485
0.999643
0.0272978
0.006389678
0.9764697
0.0158147
0.9913046
0.9993708
0.06115034
0.9857081
0.008032262
0.01495749
0.03423302
0.04904266
0.03136413
0.08036011
0.002554226
0.9711647
0.01904092
0.9709388
0.005674806
0.9821746
0.9710382
0.9387616
0.04227335
0.02743118
0.001838082
0.02252164
0.9741721
0.9952397
0.9777759
0.9895784
0.9934247
0.03832369
0.02600647
0.9914401
0.01352449
0.02655931
0.994052
0.9332969
0.9745657
0.08182144
0.9975621
0.05080171
0.03650589
0.9849482
0.009647811
0.9441022
0.9871452
0.9705002
0.9994456
0.9738616
0.02987523
0.004756241
0.02870729
0.01995146
0.003333083
0.01623535
0.9455512
0.03195224
0.9890234
0.0205526
0.02590185
0.02675029
0.01835489
0.9867297
0.05984954
0.968746
0.04312154
0.004032479
0.9809263
0.9568085
0.9894099
0.9902122
0.9961659
0.02540482
0.9767246
0.03014481
0.9745748
0.008595353
0.02551739
0.9890265
0.04762454
0.01600259
0.9430234
0.00910166
0.02629375
0.06457743
0.02260757
0.9906431
0.9143199
0.9987418
0.9550965
0.003411407
0.009086199
0.01270354
0.02932776
0.9547175
0.06479044
0.03056576
0.003086366
0.9581207
0.01553853
0.0100367
0.02770655
0.9839704
0.03315696
0.9725884
0.001683597
0.9626369
0.04376145
0.0007913872
0.9920334
0.9907948
0.0309997
0.03922021
0.9611497
0.9945816
0.9581929
0.989647
0.009125893
0.01763579
0.9763793
0.009983986
0.02155681
0.0002726191
0.0293759
0.01348995
0.9578055
0.06697395
0.9568555
0.003793149
0.9958707
0.007880033
0.02434288
0.0002712906
0.0363646
0.9915641
0.9933961
0.01116058
0.06104077
0.9964318
0.9889563
0.9692559
0.983584
0.9708196
0.9658607
0.9947207
0.9356433
0.9933711
0.004900672
0.9530796
0.03873591
0.9971378
0.0112017
0.03107084
0.987758
0.9882287
0.0208852
0.9675822
0.05719031
0.9553616
0.02125765
0.01823019
0.01240461
0.03433428
0.03916783
0.9538495
0.9734236
0.006441238
0.9908405
0.04276574
0.0373645
0.9825937
0.0132233
0.9782775
0.01005842
0.02431662
0.9963404
0.003893744
0.02898445
0.001568099
0.9963385
0.06240531
0.9961036
0.9984306
0.04381772
0.02952891
0.9906336
0.9716842
0.002023446
0.9863221
0.008449664
0.03936814
0.009509158
0.04236545
0.0262348
0.02656751
0.969683
0.9649637
0.01891323
0.9930486
0.9834888
0.0199135
0.9879981
0.002915725
0.9814932
0.04794424
0.02159792
0.9436797
0.9616822
0.9580367
0.02019603
0.002849207
0.04936812
0.9889621
0.9641478
0.9370035
0.02824965
0.9677302
0.9438903
0.02965749
0.9883126
0.9719395
0.9510313
0.02122208
0.01115584
0.02667301
0.9863152
0.9923642
0.03873723
0.9838255
0.04049272
0.008388786
0.989736
0.02149415
0.9829406
0.9908538
0.9801209
0.03214974
0.9658143
0.02776587
0.9756405
0.984458
0.9836476
0.01477743
0.01973459
0.02664366
0.9828693
0.001394822
0.9956654
0.04447773
0.9950899
0.03451085
0.9894672
0.983992
0.05338416
0.9471945
0.9639071
0.007376201
0.9971297
0.01511405
0.03981593
0.0243547
0.004906358
0.9985007
0.9892143
0.9944932
0.02041954
0.9903505
0.02327337
0.03762464
0.03222487
0.04200144
0.9883643
0.00732801
0.009386002
0.9936187
0.955447
0.9617021
0.008173427
0.9654172
0.0007205514
0.9983312
0.9750328
0.9659744
0.03736915
0.02393253
0.009945267
0.9438959
0.9992975
0.9836517
0.992046
0.05564287
0.9276838
0.00999082
0.03272575
0.9900418
0.007374517
0.9956653
0.997837
0.01861299
0.9410624
0.9149911
0.9892038
0.9514998
0.02272102
0.9966456
0.9809107
0.9623064
0.9979346
0.9903899
0.0382471
0.00219363
0.9900611
0.976207
0.9832888
0.9214865
0.9902085
0.9901517
0.02011506
0.4387075
0.4067039
0.3969588
0.4076894
0.9314945
0.007786952
0.9996153
0.003371712
0.04411117
0.02086814
0.9662796
0.9578378
0.5899034
0.9787541
0.4233596
0.002188544
0.02584026
0.03596251
0.6420034
0.6181754
0.04730638
0.3667189
0.964836
0.5534486
0.991303
0.4313803
0.6081294
0.4083901
0.4183944
0.959692
0.4182217
0.59955
0.009069569
0.6098802
0.6207765
0.5553415
0.994704
0.998863
0.9964577
0.9761771
0.4178472
0.0325239
0.02884948
0.4258141
0.00280313
0.9528016
0.5746368
0.6474563
0.5618359
0.3830075
0.03071235
0.5615998
0.4618535
0.5872262
0.03422254
0.02412947
0.5831616
0.4149338
0.9632259
0.5997764
0.9878752
0.4264164
0.409684
0.0447995
0.9775717
0.3979842
0.4487223
0.9999389
0.4203416
0.9869358
0.9608251
0.05272457
0.9931898
0.9706793
0.4159372
0.9841775
0.04305206
0.973144
0.0379791
0.0455702
0.4190794
0.6216977
0.5951665
0.01935223
0.5734811
0.6478326
0.6131867
0.3665359
0.5639839
0.0440078
0.03641108
0.5686245
0.9677606
0.9597618
0.4483523
0.02774355
0.6203051
0.3772332
0.003656483
0.6389906
