0.3539384
0.3862445
0.950222
0.04394856
0.6009348
0.9931626
0.406627
0.9248091
0.5945943
0.9672955
0.975745
0.9977092
0.3905998
0.9410476
0.3983165
0.9930378
0.9893024
0.02558648
0.6049198
0.4077752
0.37389
0.9783875
0.9934784
0.0304708
0.9521543
0.6145173
0.1026558
0.001992308
0.3606563
0.4265066
0.01300978
0.5759914
0.003746042
0.009491586
0.375986
0.007484193
0.9717658
0.964091
0.6146128
0.9843822
0.4098387
0.9887223
0.4374996
0.3647918
0.9707259
0.9905842
0.02554706
0.9899991
0.407255
0.01305772
0.3461484
0.9929323
0.001820837
0.004378092
0.5838559
0.4115123
0.9957089
0.3344775
0.3834177
0.5838674
0.02403742
0.04088314
0.6231323
0.9997604
0.0237851
0.3562972
0.6050293
0.4016547
0.577205
0.6415151
0.01141676
0.5946054
0.9939465
0.4206795
0.5715873
0.5886371
0.4081059
0.08185581
0.4260782
0.4022978
0.9650447
0.972403
0.4308252
0.9695838
0.9948688
0.972193
0.4365464
0.02001247
0.583131
0.02096344
0.6092294
0.9791526
0.4248212
0.0007661956
0.626406
0.6144204
0.03592269
0.3725286
0.5684841
0.003667946
0.02200201
0.5715889
0.003579158
0.4773218
0.5628339
0.3997028
0.9724901
0.4077696
0.02584641
0.6707025
0.5967601
0.5893638
0.001753236
0.6389119
0.5778924
0.9832131
0.9785089
0.0175898
0.5814609
0.04146912
0.02207575
0.5836892
0.6006444
0.5869542
0.3811031
0.02337908
0.4388383
0.01517493
0.9920792
0.458655
0.4181733
0.01498703
0.9924941
0.4131437
0.01043039
0.007079018
0.4305897
0.4004923
0.9666737
0.4317984
0.5940749
0.5600746
0.01620692
0.5912513
0.0281329
0.5662703
0.009400122
0.3947432
0.9859589
0.01342838
0.4291106
0.02709689
0.003442607
0.993574
0.9964077
0.5941792
0.3942455
0.3844897
0.5782274
0.9952875
0.6099307
0.4446757
0.9717062
0.01150677
0.3696577
0.9643686
0.02131882
0.9698202
0.0292487
0.08804648
0.9774022
0.9887405
0.9983607
0.005007553
0.4208707
0.9923145
0.4120984
0.627675
0.00138245
0.002243809
0.6317139
0.05672429
0.9923306
0.04143932
0.01249807
0.5897377
0.97806
0.5911243
0.4043376
0.9594093
0.3624606
0.9871196
0.3825672
0.4457211
0.5612244
0.6462959
0.3895295
0.5843697
0.3809314
0.5986056
0.01689551
0.9824679
0.6205727
0.03318962
0.02347281
0.9752301
0.6006978
0.02427623
0.3756319
0.6335633
0.5726755
0.6484803
0.9435298
0.6205493
0.9552731
0.6486501
0.004153648
0.9974736
0.9306012
0.9771019
0.375766
0.3908157
0.3838601
0.3380039
0.6237176
0.9738091
0.9978741
0.5789983
0.4377119
0.03759308
0.9814266
0.4315709
0.05336144
0.01729178
0.4261938
0.5242115
0.3831889
0.6019763
0.9829377
0.5631848
0.0261022
0.4288273
0.01360146
0.02571109
0.3327768
0.992565
0.04488111
0.5951391
0.01532343
0.04128528
0.425857
0.6210473
0.5844385
0.06129605
0.9662006
0.9914285
0.002861162
0.02172761
0.5986947
0.05363312
0.9876505
0.0161801
0.3443611
0.9589658
0.6042863
0.6103776
0.3756977
0.6333757
0.07020965
0.357299
0.5720347
0.9790398
0.04141171
0.6051622
0.01564449
0.4244358
0.9910326
0.9753775
0.6014491
0.3985957
0.582691
0.9777231
0.03131549
0.6048597
0.5748049
0.01607624
0.05696353
0.3804742
0.6179849
0.4838635
0.3673347
0.6012436
0.006383485
0.951747
0.9859372
0.9831795
0.005797724
0.6077236
0.01288902
0.04292563
0.008843937
0.03335777
0.9663966
0.9669356
0.9927815
0.436876
0.03355615
0.9763253
0.3845097
0.9422698
0.372753
0.06382147
0.3540886
0.5882024
0.3699765
0.3759594
0.3708776
0.9799103
0.9887463
0.9695321
0.355842
0.4031382
0.6306975
0.4094312
0.5941989
0.9466437
0.05786413
0.3547594
0.9994117
0.6243079
0.9984937
0.9472769
0.05847745
0.4079282
0.4209956
0.9950542
0.6245209
0.6100771
0.5812154
0.02909436
0.9936662
0.6062832
0.04903446
0.4314381
0.5878354
0.01120266
0.5540687
0.3593016
0.9976529
0.5841103
0.5908075
0.9832428
0.4585203
0.659887
0.9893328
0.01125051
0.01062629
0.9919298
0.39673
0.392413
0.5819362
0.9665676
0.05251692
0.008591363
0.9574358
0.9848063
0.6260248
0.9926686
0.3947069
0.03047195
0.001402401
0.6119251
0.03392031
0.9768437
0.4381061
0.6131966
0.9636305
0.9940027
0.5894775
0.3957169
0.04538087
0.9673749
0.01180461
0.01861087
0.3689714
0.545391
0.04403327
0.03052952
0.9695816
0.9837359
0.5902722
0.01122572
0.5949245
0.3911909
0.9910391
0.9740774
0.577928
0.3876224
0.004470297
0.007486484
0.5939731
0.9976046
0.4357604
0.9790917
0.3826454
0.01626796
0.02000127
0.3989862
0.5871562
0.9691093
0.6297187
0.02930723
0.5701851
0.986761
0.4482173
0.01998927
0.6046854
0.9703499
0.4087239
0.5807513
0.6058127
0.4303943
0.4150222
0.009951288
0.3445726
0.02231584
0.3784048
0.394064
0.5563523
0.4451095
0.6181647
0.6037179
0.9869026
0.5912222
0.4828991
0.3776961
0.07012478
0.376959
0.9747186
0.9828676
0.6016258
0.5969132
0.4528472
0.9661786
0.5742687
0.983196
0.002034143
0.3988782
0.006960271
0.981687
0.3385028
0.9742229
0.008025973
0.652777
0.4498521
0.9893715
0.3872509
0.9479121
0.03685826
0.408391
0.4213548
0.639271
0.6492661
0.9936989
0.6259409
0.9652499
0.6418603
0.9834702
0.4424337
0.5825178
0.3891373
0.5989953
0.6265309
0.6216981
0.007502718
0.9822774
0.5759363
0.9937093
0.009192354
0.01554821
0.569478
0.6066183
0.04277955
0.0004580114
0.5910765
0.0002564318
0.9717549
0.5670949
0.3923163
0.6094787
0.4674949
0.4222123
0.4377089
0.017581
0.9723257
0.02724081
0.9905656
0.3822724
0.9810974
0.4125229
0.4436707
0.634276
0.3948152
0.0618991
0.9945086
0.02340705
0.01047869
0.6213786
0.5833438
0.9942984
0.6076242
0.4351903
0.03766527
0.5950466
0.9757295
0.4046445
0.5861327
0.607762
0.001775901
0.001663078
0.3900661
0.292436
0.3913615
0.01413077
0.01687256
0.01395171
0.5397234
0.4024634
0.02203952
0.005026553
0.5823948
0.6022854
0.9781417
0.5544466
0.5155587
0.9592499
0.9642974
0.9973626
0.9709906
0.4186506
0.4195515
0.6329178
0.01048174
0.9873742
0.3583782
0.3968098
0.01362472
0.6742705
0.01829195
0.9539248
0.4081609
0.343152
0.9581379
0.6004163
0.9846163
0.01216051
0.9769544
0.01371104
0.07965639
0.9791733
0.4690915
0.5613353
0.0191972
0.0619834
0.03590244
0.9953099
0.4975532
0.4668429
0.03019811
0.5370464
0.5555112
0.9820396
0.02809324
0.955573
0.9914528
0.9992727
0.5415217
0.05061247
0.00339331
0.9443489
0.5489751
0.9852176
0.9870525
0.5245322
0.03916486
0.4799115
0.5067842
0.02057894
0.5174966
0.01165573
0.5559613
0.009243206
0.02386276
0.9709312
0.02493287
0.5406878
0.02112998
0.9633191
0.03520802
0.5692108
0.5356723
0.9962464
0.4875153
0.06615074
0.004621075
0.0620768
0.5121593
0.008218721
0.5353696
0.5070957
0.4558486
0.005184399
0.0301405
0.4761991
0.9949174
0.506918
0.9464585
0.9750947
0.9803672
0.9829937
0.9373395
0.9778829
0.9847755
0.9717933
0.05800491
0.4807564
0.01475892
0.5035543
0.9932553
0.06730688
0.9965563
0.9973377
0.007003445
0.4901869
0.4963688
0.8975675
0.4990994
0.5084606
0.009130774
0.03831717
0.02917521
0.5444338
0.01547005
0.05024473
0.005614437
0.9916913
0.517055
0.02979106
0.3903059
0.02148251
0.9879379
0.9874942
0.01130688
0.5419546
0.01196354
0.005754718
0.5181883
0.9557882
0.02887499
0.02974607
0.9966784
0.5069623
0.02495628
0.9436124
0.5245739
0.005229256
0.5257988
0.9607255
0.03616223
0.02725889
0.9719579
0.4851276
0.5227839
0.003957514
0.4785558
0.9464921
0.5451486
0.9821272
0.9645368
0.9980395
0.05573736
0.9577357
0.01168579
0.9380239
0.5270112
0.9846941
0.987357
0.5209825
0.9712527
0.4993046
0.4831061
0.01958241
0.9950132
0.9742846
0.4445938
0.4897853
0.4603113
0.02582709
0.521147
0.0009757399
0.02701935
0.9787652
0.0008553952
0.9531842
0.9706276
0.9868259
0.9891515
0.5355604
0.9902918
0.5295283
0.02699379
0.01850878
0.9432334
0.4766961
0.08066938
0.5053668
0.4458354
0.004851336
0.9540308
0.4934798
0.9664317
0.9546806
0.9913668
0.9323573
0.984846
0.4810231
0.9895906
0.9747022
0.02079889
0.5209986
0.005622334
0.004983906
0.03546517
0.06340188
0.01249652
0.4968818
0.004951118
0.467145
0.5117704
0.9593862
0.5484324
0.4486768
0.9988564
0.994409
0.032146
0.9562304
0.9935119
0.493712
0.01628072
0.4749758
0.9515986
0.06567343
0.4613424
0.9985193
0.4382613
0.9508392
0.0562131
0.9539609
0.008691909
0.01201691
0.9894131
0.01677245
0.01136027
0.5099021
0.00988335
0.9941617
0.03957185
0.469736
0.04310428
0.5273066
0.006223748
0.05477459
0.525149
0.9442638
0.534727
0.9816478
0.01469205
0.986185
0.497023
0.005132294
0.4690078
0.01744445
0.9410149
0.01719423
0.5167125
0.02444863
0.5378745
0.9806312
0.01781168
0.04098864
0.9911086
0.5500082
0.01021846
0.4737729
0.5248165
0.9924842
0.478371
0.5630556
0.5515667
0.03679116
0.03832882
0.01642312
0.423443
0.5414923
0.5096289
0.004699681
0.515405
0.9667508
0.4861448
0.4485028
0.4627263
0.5098976
0.03202796
0.4857418
0.028693
0.5361612
0.0211367
0.9969658
0.9902582
0.01517942
0.9492406
0.01136609
0.9836494
0.5669362
0.4884283
0.9901539
0.03528564
0.9942342
0.9945387
0.9749417
0.01570394
0.4976638
0.9953717
0.9855278
0.9481089
0.9951784
0.4803216
0.02933502
0.4907735
0.9698019
0.5011283
0.03193284
0.02886203
0.948653
0.4962467
0.03294534
0.02432933
0.03413066
0.9634962
0.5114219
0.9769542
0.9755022
0.04626641
0.9538826
0.5077792
0.5371906
0.4749321
0.9910608
0.9870325
0.4787818
0.03451617
0.5197558
0.03122715
0.5436208
0.03347015
0.9724145
0.5029259
0.001849946
0.9420361
0.4709449
0.02548976
0.9738362
0.02425334
0.9667374
0.4809452
0.9700938
0.02464806
0.9908328
0.0332573
0.0113741
0.5155207
0.9993435
0.5301048
0.9509622
0.986613
0.5070661
0.9850619
0.9838144
0.9631663
0.9979667
0.9813994
0.4870103
0.9971647
0.5168114
0.975989
0.003160413
0.5092591
0.007420985
0.06021178
0.9796418
0.00687793
0.6215496
0.03206082
0.6442729
0.9589844
0.4316594
0.4111341
0.9801898
0.9930706
0.04519243
0.0001980383
0.05447289
0.9828333
0.3149019
0.59537
0.9811412
0.5808207
0.4141318
0.3637214
0.4312544
0.9882827
0.6419369
0.6301843
0.4368719
0.03237646
0.5799048
0.6669739
0.9916777
0.5291709
0.5813916
0.9982432
0.03344772
0.999724
0.3662418
0.6184066
0.01973532
0.9871732
0.01414946
0.03498279
0.427174
0.9960832
0.9684682
0.007227664
0.4282755
0.4783925
0.9832147
0.3969308
0.9821104
0.599011
0.6335346
0.3991371
0.5898123
0.9752581
0.9894923
0.426512
0.9619568
0.5686859
0.5768145
0.6246002
0.5989263
0.4170891
0.9311934
0.5698329
0.01539053
0.01650456
0.9599196
0.03494888
0.005751935
0.5953165
0.06546637
0.02488132
0.6367571
0.4096833
0.6006559
0.04725075
0.4144201
0.5795263
0.03285473
0.9815193
0.007297946
0.4317762
0.9417541
0.9933748
0.6307071
0.3839535
0.9569611
0.4330022
0.00690987
0.3578552
0.5977748
0.3465775
0.4035707
0.005284535
0.02087904
0.9576517
0.9845524
0.4376711
0.004634346
0.009509693
0.4527952
