0.4791397
0.5113401
0.5115801
0.5444667
0.5250303
0.007837907
0.984387
0.9802181
0.5381289
0.9970365
0.03600484
0.9856012
0.01640081
0.9501397
0.5048172
0.4729252
0.9690527
0.9885713
0.4615787
0.04616639
0.002960893
0.0137674
0.01137584
0.5349865
0.9391769
0.4515437
0.01798266
0.01299521
0.02543677
0.9957162
0.5307089
0.001131193
0.02152197
0.5096861
0.5151549
0.006047691
0.006752656
0.01929775
0.4572329
0.5000936
0.9442284
0.9711386
0.01896498
0.5284403
0.9681864
0.9862027
0.9748864
0.464707
0.9646701
0.9898424
0.02672566
0.02429537
0.5176627
0.5023779
0.01033786
0.4959487
0.9935928
0.4268232
0.4455926
0.9723227
0.02012842
0.9959364
0.03591173
0.9813833
0.02446026
0.5126483
0.005496696
0.01923116
0.4959832
0.9774004
0.02109081
0.9977217
0.496014
0.5128283
0.5027185
0.9715554
0.5046042
0.5471909
0.9620121
0.01645789
0.06255373
0.9895576
0.997522
0.9900637
0.05034166
0.02296635
0.02540093
0.9790706
0.0002755386
0.03659118
0.9862791
0.99706
0.9782819
0.5252071
0.4647579
0.964244
0.5379571
0.02067525
0.499192
0.0009314105
0.1226914
0.9857261
0.6293
0.9806796
0.1188083
0.7690826
0.9953784
0.402334
0.2436887
0.4623291
0.9811787
0.3406591
0.1977987
0.1900636
0.4127732
0.8116126
0.7968881
0.3775707
0.5908152
0.1810003
0.4251191
0.9421825
0.2135534
0.2082374
0.1872009
0.01389232
0.8212729
0.9349727
0.4135001
0.1523906
0.01311569
0.04779159
0.762439
0.0008432214
0.4182385
0.01733912
0.9705425
0.6045382
0.1958777
0.7858109
0.7446176
0.01879398
0.809731
0.9605656
0.1833569
0.4058068
0.6027374
0.4391322
0.02720919
0.9868442
0.04623711
0.9832905
0.6403863
0.3904824
0.06508795
0.7702443
0.6035855
0.9901941
0.03928745
0.7816045
0.2008292
0.002022176
0.1798979
0.1890498
0.7722365
0.1985317
0.004350181
0.6324947
0.004180076
0.2007354
0.9661641
0.8157699
0.03277779
0.6333225
0.6404997
0.5497145
0.6257576
0.9566442
0.5057381
0.6106334
0.6180361
0.5846551
0.02523155
0.4130242
0.7487728
0.6134111
0.7840209
0.8210216
0.1227522
0.937646
0.7995821
0.5533915
0.0209074
0.7514703
0.2350174
0.9885368
0.05144948
0.4025165
0.6103143
0.5737965
0.03652679
0.04075841
0.3397524
0.2559733
0.9852424
0.04027757
0.4083371
0.8251583
0.6125613
0.7625472
0.005497304
0.9442599
0.2058752
0.8398292
0.6073223
0.184443
0.0009963192
0.3767335
0.6014029
0.5924102
0.9571244
0.9631759
0.4347267
0.387463
0.1952518
0.6333767
0.5743166
0.02514286
0.6237901
0.6188655
0.9521221
0.6676476
0.1634334
0.8608317
0.967963
0.1715157
0.6056919
0.1778481
0.3923283
0.9880132
0.8167787
0.8436741
0.9793799
0.533822
0.3947298
0.02528589
0.1768594
0.993735
0.7669591
0.8252125
0.4145198
0.5772398
0.0488567
0.1716405
0.9717636
0.2230891
0.3822127
0.03772879
0.586937
0.432041
0.7850229
0.9623895
0.02657785
0.8177149
0.1922277
0.7671871
0.02901202
0.3429698
0.9259183
0.007428286
0.8186427
0.2064315
0.7852657
0.2044885
0.9969534
0.02288355
0.975697
0.8625751
0.7545217
0.6042009
0.429011
0.7439737
0.628348
0.2512117
0.1895667
0.0189964
0.00268198
0.686477
0.1913475
0.002509759
0.760662
0.7579077
0.3893378
0.6100837
0.430205
0.1749075
0.7490534
0.9995722
0.8237794
0.8263105
0.7778532
0.987515
0.3708366
0.5476074
0.9482119
0.41833
0.4290565
0.002127634
0.2073065
0.6051515
0.5715304
0.3963358
0.7836261
0.3826258
0.9789216
0.3824828
0.6410353
0.1956692
0.2540967
0.2663669
0.9724606
0.004671312
0.6190066
0.6157725
0.2210413
0.8089203
0.1503944
0.02439211
0.07494989
0.02788902
0.1874118
0.9700286
0.3783049
0.9877376
0.994616
0.9974417
0.3982323
0.9818868
0.6007766
0.4643104
0.4397851
0.2066829
0.5883215
0.179501
0.5976691
0.9921216
0.9885064
0.9823692
0.08002907
0.2024298
0.002773667
0.002515933
0.2613297
0.3952611
0.7778706
0.4118148
0.1812699
0.2011633
0.7809981
0.9990453
0.9446392
0.580938
0.440492
0.1959457
0.8104465
0.3751519
0.9922955
0.7843025
0.5712083
0.009426071
0.6380108
0.376145
0.779552
0.00747135
0.03778046
0.6197981
0.3966771
0.9956041
0.009095161
0.8247034
0.6061095
0.2337111
0.5845061
0.7807689
0.582535
0.04169452
0.003699574
0.8112271
0.9925874
0.1616341
0.8211619
0.01834267
0.2167956
0.3870883
0.9842661
0.9887926
0.04023498
0.9791754
0.6078448
0.8269653
0.5716701
0.2615396
0.5953594
0.4285871
0.1984177
0.3747249
0.9479138
0.8122545
0.02181954
0.9635755
0.6059234
0.04417202
0.01317426
0.1983703
0.9940023
0.3228025
0.2197581
0.03279132
0.9982257
0.9774631
0.9922144
0.002857236
0.4673723
0.9959762
0.1994595
0.05884694
0.6368532
0.98369
0.005840423
0.5736452
0.8094823
0.00162934
0.8094878
0.1821399
0.002315739
0.7940141
0.1880728
0.9936694
0.1662202
0.9728499
0.02147568
0.6214464
0.01180369
0.1822185
0.01563913
0.06054434
0.6056981
0.4320217
0.5993759
0.1787594
0.05719248
0.8277957
0.1855349
0.0323561
0.4042965
0.9996077
0.8282864
0.9816394
0.9391328
0.0155188
0.799396
0.2602972
0.3905776
0.2197667
0.3540598
0.8024517
0.8108376
0.01090259
0.6381437
0.3801652
0.9976117
0.2285444
0.1719244
0.9797714
0.8269588
0.9521363
0.7963502
0.6253879
0.574476
0.4454589
0.1870486
0.7860055
0.03181026
0.6161399
0.2416407
0.192869
0.1407981
0.9461133
0.4092162
0.1925113
0.975679
0.5628576
0.9446288
0.005531665
0.1945751
0.2519847
0.99471
0.00567512
0.7953219
0.8399734
0.02856754
0.4066317
0.3940831
0.7937074
0.3880333
0.5859724
0.9490859
0.2129066
0.376028
0.9896805
0.9756097
0.1734619
0.6289651
0.5923833
0.001713276
0.641848
0.004144446
0.3983965
0.8204238
0.9242059
0.0002445823
0.3342709
0.03096773
0.7604028
0.3414623
0.6684236
0.8260042
0.01216987
0.2397523
0.3664552
0.0321316
0.4442183
0.02355249
0.3854393
0.5819102
0.01460126
0.405926
0.04004189
0.9641445
0.9806587
0.9904176
0.2051524
0.01779467
0.2250683
0.0003134402
0.2038323
0.4242561
0.3077609
0.9769672
0.3976951
0.5674445
0.206973
0.816093
0.5914599
0.3695622
0.8444601
0.6416532
0.8028429
0.06141953
0.03628673
0.3577921
0.4356098
0.0001279317
0.04368283
0.2141711
0.4050262
0.4713225
0.01371435
0.9951416
0.9627891
0.8992414
0.2253851
0.06736048
0.2014742
0.64471
0.8023112
0.988864
0.7679583
0.008088338
0.3574623
0.3340063
0.6657801
0.403498
0.9984718
0.3661466
0.0161295
0.004492957
0.9673276
0.4232274
0.8189134
0.972829
0.007947327
0.1788774
0.9641611
0.4121868
0.9891895
0.3877907
0.01797505
0.6590245
0.9742693
0.2088342
0.8116151
0.782591
0.3639165
0.0391514
0.19039
0.2618666
0.9834981
0.02369801
0.6187682
0.35049
0.8337179
0.03040452
0.9756627
0.9307603
0.3724632
0.3787935
0.7772326
0.987465
0.01136781
0.02223956
0.5921753
0.4439064
0.6689145
0.3777234
0.5430949
0.6121044
0.9147647
0.6217404
0.8156033
0.9845697
0.0219126
0.03448337
0.7684808
0.4375023
0.5769299
0.266306
0.9601154
0.9908751
0.4320287
0.194929
0.3873141
0.5546749
0.9801169
0.5830148
0.9907975
0.6229046
0.7843881
0.9824153
0.04513064
0.9674818
0.6010618
0.457489
0.9901169
0.7805142
0.3913321
0.3998647
0.7799865
0.1811955
0.1888021
0.0147844
0.4104638
0.6158518
0.002058057
0.1823356
0.803299
0.197855
0.3888256
0.4090867
0.8235788
0.9957029
0.9923099
0.1411669
0.7685404
0.451078
0.158214
0.3677743
0.5447338
0.9878866
0.8439398
0.005482835
0.8586137
0.008507074
0.8240656
0.2346422
0.6212383
0.7695237
0.00265305
0.3920048
0.5685615
0.03953098
0.9790439
0.403948
0.8372165
0.3956266
0.7185427
0.06558289
0.6474726
0.1181358
0.3839842
0.01731354
0.5765498
0.2000212
0.2302309
0.4109651
0.4059903
0.5862427
0.009783687
0.6140131
0.8062836
0.6271053
0.9775419
0.5770683
0.6061765
0.751465
0.997818
0.8408847
0.3901046
0.6306936
0.2015218
0.9608365
0.6083399
0.5756005
0.6265941
0.5950593
0.7526227
0.4308804
0.4171604
0.2476752
0.2250277
0.8107235
0.1999272
0.01742214
0.9987028
0.7857703
0.384369
0.2986925
0.2412078
0.3809162
0.04341299
0.2814209
0.9934462
0.6588521
0.5934207
0.1960304
0.7636288
0.9872483
0.4364567
0.9879782
0.566874
0.9592463
0.4643448
0.7748577
0.6514999
0.5507166
0.9613654
0.7675098
0.2208762
0.0001888132
0.04069486
0.9278138
0.2097964
0.8081062
0.2101071
0.01279586
0.9923644
0.07641562
0.2229993
0.3822726
0.9472912
0.009578155
0.795758
0.7751955
0.9934839
0.388057
0.8022045
0.0441225
0.9909771
0.4198483
0.006792361
0.9708745
0.6157981
0.1888226
0.0198382
0.006771986
0.9735546
0.3864878
0.3856752
0.96878
0.1850817
0.5884211
0.9944988
0.7603484
0.5862723
0.8847967
0.4243923
0.6148644
0.5603924
0.9890427
0.2353125
0.9684191
0.7785267
0.4008499
0.8244315
0.5676035
0.8022966
0.1631796
0.9952081
0.1807676
0.2117026
0.8551483
0.8023514
0.779687
0.8709992
0.8227187
0.1375004
0.5558685
0.08916086
0.008659276
0.05411887
0.1752813
0.2038257
0.9944584
0.1839692
0.6093972
0.7362402
0.2391745
0.6346491
0.4336256
0.7825459
0.6294763
0.5771295
0.006090976
0.9898933
0.9780196
0.5644851
0.6085943
0.2338309
0.9700456
0.0006037058
0.3971305
0.6637507
0.04040702
0.9645809
0.02044047
0.9940083
0.8056053
0.9915369
0.0243212
0.007896011
0.796829
0.9757099
0.6358399
0.1903763
0.4152656
0.2039379
0.7861246
0.7995745
0.05763576
0.6089703
0.5991322
0.01967387
0.3940322
0.969442
0.04034709
0.6762689
0.2184755
0.7897626
0.3512696
0.0157585
0.4348669
0.02246411
0.5725758
0.7409391
0.3717064
0.9782469
0.3793869
0.2557119
0.2034644
0.2317959
0.3824356
0.7641359
0.965282
0.1758458
0.5746182
0.6428043
0.6040228
0.8202806
0.7679494
0.3872558
0.8017807
0.9923128
0.6275491
0.01648457
0.7645647
0.7761053
0.8144451
0.3388963
0.9974634
0.6327548
0.4361831
0.3669917
0.9822481
0.5801587
0.4129521
0.7971537
0.8457121
0.7854306
0.1571707
0.3719808
0.3759896
0.3568769
0.1673345
0.4694827
0.8231062
0.9690476
0.5687176
0.6255467
0.5436258
0.03868387
0.2166273
0.110038
0.9900395
0.1928562
0.0276595
0.9827675
0.4097898
0.3829728
0.1867278
0.8071202
0.9757604
0.001594922
0.6017337
0.8037978
0.4267579
0.02612099
0.5722166
0.2243423
0.03001383
0.04915507
0.4048918
0.9781491
0.6287444
0.2731278
0.8016466
0.9742639
0.428639
0.1950862
0.2105785
0.829853
0.004143924
0.008644684
0.1818218
0.5663448
0.8085116
0.1656627
0.7503022
0.04522375
0.03906172
0.9550944
0.3780271
0.9608813
0.1939466
0.9765204
0.5947839
0.6250811
0.3828742
0.5938593
0.7670383
0.339719
0.7559481
0.9875829
0.6026406
0.1991058
0.842844
0.1717526
0.6191602
0.3792506
0.7926101
0.5576171
0.4142209
0.7692698
0.02819643
0.0930902
0.3746243
0.5896474
0.7883295
0.1856478
0.1845861
0.01799645
0.5889853
0.1660277
0.358639
0.2204838
0.4453853
0.8052492
0.7947422
0.8331909
0.005906869
0.3622114
