0.03368449
0.536254
0.9954706
0.03592582
0.9916215
0.4673168
0.4813645
0.4974925
0.4754267
0.9872948
0.5180383
0.9891253
0.4425674
0.00692721
0.01419594
0.9578572
0.989314
0.9574594
0.9861387
0.01910714
0.97761
0.001433201
0.001532015
0.4987485
0.5219638
0.52464
0.0111224
0.9801381
0.9953974
0.459222
0.9691193
0.4977822
0.0249043
0.5505634
0.03092933
0.0295
0.9773878
0.01971312
0.02287967
0.9939439
0.05307983
0.9856896
0.4524784
0.01756592
0.01256929
0.9736748
0.9633549
0.9958361
0.003377511
0.9707534
0.5623682
0.02074184
0.9929552
0.4676273
0.5577639
0.4859214
0.9637216
0.04622525
0.5233829
0.9951701
0.4927033
0.498334
0.01658637
0.9999245
0.02068822
0.0004536546
0.4548404
0.001996456
0.02667354
0.05436809
0.5014105
0.9732679
0.498006
0.5136151
0.986354
0.01457926
0.9935015
0.9912717
0.0003178577
0.9793532
0.9711429
0.9856287
0.9603613
0.01286367
0.9820011
0.007620248
0.01885952
0.03182753
0.02328652
0.4758808
0.5084643
0.9806692
0.005044413
0.03352217
0.4913036
0.0269442
0.4965045
0.5051217
0.4975925
0.02013313
0.003813037
0.05169827
0.9436236
0.4537178
0.01172055
0.5711621
0.9904345
0.9755665
0.9934462
0.06852252
0.004892133
0.001483039
0.4839104
0.4852544
0.008736807
0.4886725
0.9723828
0.02698375
0.007512862
0.4888456
0.01242595
0.9779718
0.9534132
0.002035013
0.0009874762
0.9965681
0.5145856
0.06349289
0.5027029
0.5417339
0.06553815
0.5058279
0.009020979
0.01167985
0.9678019
0.5550959
0.02480403
0.01258014
0.03319603
0.01434126
0.9677573
0.9835048
0.4659218
0.5199586
0.9885616
0.477471
0.9805394
0.484105
0.005674862
0.004491339
0.03152994
0.5192303
0.9984237
0.5197779
0.9998602
0.9962192
0.4987439
0.00198812
0.4735563
0.5181247
0.006067531
0.4984616
0.9669131
0.9513357
0.9860061
0.02398898
0.5499867
0.04378408
0.9809827
0.9981146
0.05429122
0.9519697
0.0486324
0.006992803
0.5094867
0.5078961
0.9733195
0.9727183
0.9520978
0.03635066
0.5468243
0.005784434
0.5229282
0.9557265
0.008551978
0.0179581
0.9893111
0.9784503
0.4547366
0.4481327
0.4837989
0.5319501
0.5459453
0.971083
0.9976666
0.9204316
0.503787
0.9587694
0.9944843
0.9756427
0.001138568
0.502551
0.004500643
0.4810445
0.9995661
0.9768269
0.9848146
0.9939649
0.9981137
0.03262907
0.9811404
0.06331238
0.05209721
0.4914135
0.9851076
0.4808442
0.4602377
0.9393714
0.5069834
0.4856716
0.9583457
0.01907873
0.4990093
0.4531869
0.4921143
0.9801757
0.5148474
0.9919796
0.4731316
0.5108387
0.9314693
0.5161564
0.0133864
0.9906548
0.01816076
0.4940177
0.5133935
0.4566776
0.5100367
0.02360531
0.4511826
0.4841836
0.9905681
0.4985349
0.4580535
0.9036543
0.9665858
0.5045473
0.03729053
0.02593062
0.9886427
0.02451316
0.04250945
0.5377008
0.945217
0.9816694
0.9992653
0.4320324
0.9790924
0.9881966
0.4371631
0.4705521
0.01345895
0.5007372
0.5150936
0.9667205
0.5193151
0.009553148
0.002703245
0.9977456
0.9913603
0.9880868
0.9985789
0.02929975
0.9895634
0.04420557
0.9892323
0.5319744
0.023858
0.9864733
0.9608851
0.0003193272
0.9944835
0.9343446
0.500441
0.5265335
0.9693185
0.9797048
0.9779139
0.4887781
0.03870098
0.5276522
0.02106809
0.01265564
0.4765273
0.5372098
0.03928675
0.04260549
0.9457746
0.04261515
0.5165298
0.009500489
0.9951132
0.02938877
0.9600016
0.0354268
0.03726225
0.9521831
0.9510334
0.4965392
0.9633491
0.5271938
0.4818832
0.5082283
0.9972575
0.477428
0.5119275
0.9946755
0.4729556
0.006301456
0.4994768
0.5145639
0.504954
0.9811492
0.4553008
0.09124099
0.4470296
0.9795759
0.01175953
0.001810188
0.4738923
0.04483454
0.9836491
0.0037088
0.9782121
0.9570882
0.003704259
0.4918914
0.01893534
0.5055898
0.0198953
0.5115759
0.518971
0.04973888
0.4694066
0.04123268
0.9524394
0.9761032
0.02698511
0.5548574
0.01448873
0.04917982
0.5271577
0.4393595
0.9865349
0.5058603
0.4960656
0.5352449
0.4734459
0.01037258
0.9464723
0.4740274
0.0008195115
0.5120961
0.4452981
0.02490724
0.9990409
0.00945141
0.0233057
0.4972102
0.4390169
0.9198851
0.9948276
0.5377419
0.01118513
0.06535358
0.9804071
0.01005984
0.9532077
0.9540061
0.5214309
0.9803496
0.9424754
0.02713824
0.03323236
0.4810647
0.9616635
0.5006155
0.967475
0.9769826
0.4900584
0.01148315
0.4706464
0.99362
0.02632648
0.4722553
0.02479616
0.9778397
0.9193117
0.06891887
0.5111331
0.03192617
0.9815273
0.03413084
0.01017368
0.02536313
0.04443548
0.4880543
0.9710738
0.5610919
0.4876919
0.4848465
0.5008298
0.006990763
0.9973671
0.5191442
0.5220376
0.5299543
0.03361904
0.5193594
0.00789238
0.01232055
0.4755038
0.01198975
0.9535167
0.9450447
0.00226803
0.5125788
0.9879147
0.001848495
0.9600663
0.9745766
0.04969662
0.9639535
0.9701728
0.5114151
0.4958482
0.5044065
0.9745327
0.004010604
0.9830777
0.9649867
0.9815418
0.9751936
0.9616019
0.0107657
0.9668042
0.4864048
0.02088184
0.9939413
0.997643
0.030583
0.5268718
0.02537871
0.01245071
0.9945445
0.488612
0.50169
0.5083274
0.9635786
0.9888567
0.9853489
0.02014612
0.9912656
0.03263593
0.9703738
0.01412992
0.525618
0.9768395
0.5511917
0.005536025
0.9700234
0.4858417
0.9480553
0.9713094
0.01291229
0.07308215
0.5452373
0.02987396
0.002213781
0.5040238
0.9916943
0.4956693
0.5015426
0.9390173
0.958602
0.007183543
0.9855636
0.0441146
0.4916684
0.01877202
0.02096074
0.9897885
0.5311996
0.9716434
0.006598286
0.5058326
0.9978471
0.9777237
0.9848088
0.483628
0.03637045
0.9692357
0.03382176
0.9709627
0.0361804
0.006623361
0.9994066
0.02251234
0.04862354
0.9661462
0.004644005
0.4708968
0.03797697
0.9973683
0.005772571
0.03594072
0.4553124
0.9749399
0.5115704
0.9806031
0.5221571
0.9950788
0.01299932
0.04984244
0.5163531
0.0008635243
0.009884817
0.4870814
0.0276182
0.9746917
0.9735293
0.4756249
0.02267561
0.9718039
0.9967143
0.9965661
0.9803843
0.04767509
0.01949781
0.5211987
0.4629035
0.00785849
0.9873463
0.983766
0.9890929
0.4996707
0.04493042
0.0289312
0.9645153
0.5243145
0.0155157
0.05234942
0.0007317072
0.5138242
0.4549772
0.5113219
0.9803723
0.486708
0.4562811
0.03160902
0.9850326
0.4948342
0.04696372
0.01835743
0.9910958
0.9988914
0.4938501
0.01583955
0.9704805
0.9573255
0.5087372
0.9799399
0.515983
0.5075957
0.9804634
0.9349256
0.9829428
0.9950365
0.5062627
0.9821818
0.9780029
0.002165138
0.02320682
0.01017382
0.5396274
0.4968866
0.002343326
0.4965454
0.9845582
0.9698563
0.5614965
0.9948556
0.00541971
0.9801194
0.0197945
0.001550323
0.5395395
0.05461141
0.5007336
0.976482
0.9580934
0.02294612
0.005982658
0.006343926
0.008237074
0.01988114
0.4888529
0.9440092
0.9992074
0.5086526
0.506894
0.5088108
0.5209069
0.02382994
0.5177104
0.002123223
0.02993843
0.4925079
0.0145111
0.03451217
0.9208218
0.4660792
0.9859039
0.02700719
0.9645503
0.03798314
0.9233469
0.4615141
0.4997036
0.9554409
0.5266194
0.9651603
0.9869819
0.4988149
0.9791252
0.03264883
0.5030718
0.01379034
0.533094
0.4558417
0.4615177
0.03371425
0.03617032
0.549064
0.5122066
0.9717807
0.9922134
0.4664001
0.02915748
0.4489307
0.473604
0.9893058
0.4849906
0.9540124
0.002515557
0.9648065
0.01662366
0.5041483
0.9847571
0.9697534
0.9835719
0.4749147
0.01245949
0.5172798
0.02884305
0.4436288
0.01431102
0.4549788
0.4492314
0.5114459
0.02642132
0.511996
0.9341414
0.4750397
0.9917549
0.03284421
0.02721247
0.4950609
0.9829962
0.9406438
0.0351577
0.0008757488
0.01301136
0.002890559
0.9874087
0.005580741
0.006743986
0.4654109
0.5048651
0.9888925
0.481508
0.03478556
0.9748181
0.5188733
0.532303
0.9125653
0.4980693
0.9999738
0.4416547
0.006624972
0.001823896
0.9884632
0.9451343
0.5018415
0.5203412
0.03004407
0.03255231
0.5083711
0.449926
0.9632049
0.03501188
0.03596686
0.5217465
0.4741067
0.01016732
0.004931629
0.9694844
0.03331771
0.5781125
0.04191798
0.5013176
0.996585
0.02586259
0.0005707987
0.530659
0.043195
0.9866178
0.9989149
0.04972772
0.9823947
0.4995593
0.01942801
0.05868986
0.9945666
0.5082651
0.4816224
0.5403016
0.01435665
0.4830712
0.01443016
0.9819222
0.4867198
0.004638057
0.494197
0.4360594
0.987352
0.009950347
0.4776966
0.954059
0.9858619
0.02179575
0.5254605
0.02760727
0.0006315385
0.4504401
0.9855667
0.9532979
0.994173
0.9829996
0.963087
0.9706633
0.9879629
0.02185784
0.05243096
0.05819481
0.4617769
0.003414825
0.9953627
0.02720888
0.4741558
0.9980107
0.9976431
0.02563484
0.008828508
0.975702
0.5374353
0.9777908
0.9893096
0.9969783
0.9861006
0.004507348
0.01675884
0.5187149
0.004491472
0.007006503
0.9933721
0.01411406
0.006510838
0.01530489
0.5382021
0.02251058
0.0007410173
0.9913585
0.48268
0.4608465
0.9806987
0.5224734
0.5196377
0.002910347
0.4950494
0.9860223
0.01568433
0.02107425
0.4506071
0.489068
0.5327421
0.4570134
0.9444125
0.00835982
0.5055244
0.992357
0.9471631
0.9589338
0.5255689
0.5182858
0.9491038
0.5059001
0.01931924
0.01499991
0.9685958
0.00775821
0.5109664
0.483876
0.982165
0.4982815
0.02367134
0.01580117
0.4938144
0.01474689
0.986164
0.9726111
0.9814952
0.9432204
0.4808102
0.9841209
0.05965885
0.02366147
0.04332055
0.4813827
0.9573078
0.02783982
0.9653882
0.4945868
0.5235738
0.03679341
0.9476065
0.0119708
0.02378181
0.996359
0.02799423
0.970864
0.4958964
0.9440453
0.06076514
0.9586851
0.002824549
0.9944568
0.9816142
0.5423164
0.006623117
0.0005773354
0.4720572
0.4692355
0.00940499
0.003524017
0.5378973
0.4608857
0.9428668
0.465091
0.9902874
0.04334832
0.01135917
0.9970386
0.4807147
0.491363
0.9841028
0.4885489
0.5560025
0.9863633
0.01544544
0.9614913
0.04171831
0.9805548
0.01181869
0.4174139
0.4781992
0.4690412
0.4485319
0.9823671
0.4640391
0.4896714
0.05830273
0.01358699
0.9495414
0.9921948
0.9360572
0.4710987
0.02085492
0.047249
0.01392604
0.3823951
0.9936498
0.3689726
0.5961635
0.03802644
0.0117803
0.6277947
0.5965032
0.01855389
0.02901807
0.6169224
0.9831515
0.6105453
0.9604064
0.6249886
0.005260921
0.9834196
0.006555932
0.3570432
0.6138698
0.001250255
0.4321224
0.9856638
0.6165798
0.00863796
0.5504739
0.9806436
0.4287192
0.4015385
0.9756629
0.5725641
0.003314619
0.9654707
0.9760145
0.391506
0.9778905
0.01286277
0.01737424
0.3590837
0.3512305
0.4055765
0.9909826
0.04031222
0.9702043
0.9529919
0.03305569
0.0170431
0.5828451
0.9901017
0.6259341
0.6521081
0.4473361
0.4176001
0.9829602
0.02495966
0.02626291
0.6434614
0.6105804
0.03016005
0.01538906
0.9989358
0.3919609
0.4238137
0.9807485
0.6147398
0.6078141
0.5937463
0.9443731
0.9705133
0.9923363
0.5955463
0.003097144
0.03484688
0.06770367
0.9459713
0.9727971
0.01991882
0.4003575
0.4210777
0.3671557
0.4572225
0.3879671
0.5698919
0.6033467
0.4027567
0.5625882
0.3967055
0.9561129
0.3787717
0.5877978
0.943629
0.507849
0.9695622
0.6042451
0.4129371
0.009096094
0.008409999
0.4141619
0.3858746
