0.9770129
0.01609918
0.00476543
0.03687982
0.9812868
0.07580274
0.04006696
0.000191398
0.02009833
0.9790796
0.02318125
0.9880767
0.008442433
0.0353689
0.9707852
0.9892103
0.04349391
0.02023225
0.03636767
0.02287516
0.01808685
0.0117309
0.9418739
0.9453755
0.9434181
0.9665878
0.05449899
0.007629075
0.9474753
0.9760562
0.985604
0.9688802
0.9889928
0.06584542
0.003096055
0.9985272
0.9591833
0.001388426
0.9861523
0.9993417
0.009453725
0.03420529
0.02612761
0.9841414
0.01216077
0.9803802
0.9854019
0.9725111
0.9411177
0.008499297
0.9881005
0.04457901
0.9847147
0.04329929
0.962262
0.9939775
0.01006377
0.9366236
0.9932362
0.01974682
0.9640917
0.0008868179
0.01531534
0.9730566
0.9767914
0.9460751
0.9650471
0.9792261
0.9851748
0.02584401
0.03886282
0.04155368
0.003353984
0.9601745
0.9901588
0.984552
0.9918159
0.09956075
0.9842148
0.01541815
0.924373
0.01863226
0.02067379
0.0002383721
0.9927733
0.03129144
0.9882476
0.9789453
0.9944346
0.9700138
0.9862675
0.03032204
0.000306681
0.9916886
0.9697915
0.9265867
0.9986799
0.9670442
0.0005670736
0.02100693
0.02267758
0.06330125
0.9948081
0.02056259
0.9559332
0.03631693
0.01678844
0.9842473
0.01116204
0.005319983
0.01642957
0.001404303
0.9683945
0.005325542
0.01557534
0.006163228
0.02020269
0.9575115
0.02280677
0.002659368
0.002287527
0.9516272
0.9939941
0.0175307
0.009872401
0.001306794
0.9587085
0.9761259
0.9876664
0.9716821
0.02218656
0.9938978
0.9546542
0.01598781
0.04493602
0.007177961
0.9638184
0.01816487
0.04080561
0.03546268
0.9677152
0.004629147
0.02157375
0.00399443
0.09645301
0.01243446
0.03658915
0.01540543
0.9716396
0.03171324
0.9572803
0.009156086
0.9894245
0.02157408
0.03303313
0.9704829
0.03620673
0.9629105
0.0005939373
0.04530327
0.03887093
0.06687375
0.01992116
0.9289928
0.9846776
0.9923448
0.9770822
0.9278189
0.0314461
0.9885093
0.005384587
0.00663425
0.9734938
0.02995447
0.006516331
0.976686
0.9664813
0.0391039
0.977152
0.9880017
0.0199162
0.04997074
0.02281241
0.03243415
0.06375167
0.9887812
0.982907
0.994587
0.002877873
0.9951879
0.01898215
0.05773346
0.01923299
0.9928532
0.9825506
0.02819056
0.9896421
0.03038344
0.9645287
0.04393855
0.9649687
0.9441401
0.01533285
0.9684424
0.008213876
0.985975
0.003083512
0.9343572
0.9513065
0.01493112
0.9828521
0.06571729
0.06384843
0.01600493
0.9704608
0.9974604
0.9823494
0.9916907
0.9985675
0.9679889
0.04590467
0.9786664
0.006348979
0.002428376
0.006079342
0.9915956
0.04082525
0.9831498
0.009846212
0.02938994
0.9697948
0.9064587
0.01565234
0.9728381
0.008784132
0.002671586
0.01396407
0.9465802
0.9229584
0.9659454
0.9691771
0.9795869
0.01923517
0.003004601
0.01971614
0.01343499
0.9900221
0.9999407
0.00379864
0.9969779
0.9851288
0.9923206
0.01301283
0.9877251
0.9818435
0.001208102
0.02501524
0.01013976
0.9803526
0.9819781
0.9980061
0.04930638
0.03124735
0.9769029
0.02479263
0.9997816
0.01475617
0.01780898
0.02824381
0.03293755
0.9865136
0.06375127
0.9641192
0.04867413
0.006518985
0.06476169
0.008576593
0.02397286
0.003168321
0.9996145
0.01929944
0.004794157
0.03725616
0.9906019
0.01868961
0.009686752
0.9882361
0.9696457
0.9708584
0.01548556
0.03136773
0.984538
0.02806545
0.9827028
0.9855675
0.9815711
0.007937284
0.0239362
0.03343845
0.9997563
0.9884961
0.9793696
0.01450299
0.9978273
0.967643
0.03899286
0.9934159
0.0008095695
0.988629
0.9910711
0.9736208
0.003503781
0.9907112
0.9447319
0.9811441
0.01874063
0.9732623
0.9783746
0.9812231
0.05291404
0.043456
0.98489
0.9842737
0.03350995
0.03592279
0.004893004
0.05645508
0.9807074
0.9884456
0.005952391
0.0004392308
0.03190174
0.0383384
0.02881367
0.9872582
0.9746608
0.9969125
0.9311085
0.001142953
0.9881
0.9764862
0.9624102
0.9294875
0.00359813
0.9867769
0.02891367
0.01429259
0.9696663
0.02320178
0.006339996
0.9716611
0.02930799
0.01906232
0.03924848
0.006087651
0.9474581
0.003289872
0.9740056
0.9991769
0.9932655
0.005134445
0.9655938
0.990863
0.9877533
0.9844375
0.0102179
0.08058888
0.9959954
0.0288014
0.9493052
0.9867347
0.9929382
0.9821551
0.05883131
0.9517185
0.9699625
0.9985553
0.9777506
0.9528985
0.00937981
0.01099152
0.9952508
0.9872901
0.9804824
0.9889556
0.01751838
0.9835704
0.9415096
0.07443131
0.9944691
0.0166898
0.01439701
0.9633071
0.9784533
0.9911129
0.00177444
0.930217
0.9561272
0.982001
0.9658181
0.00468573
0.02516932
0.9835852
0.9381413
0.007739975
0.9915028
0.04438796
0.9676204
0.9903125
0.9927555
0.9716309
0.9720863
0.02336937
0.07595815
0.9979652
0.05073009
0.977072
0.9994633
0.01981691
0.9954953
0.009226747
0.04874701
0.9960165
0.009898922
0.02045483
0.9927714
0.03844815
0.04523552
0.9471724
0.03586491
0.006661493
0.01032702
0.05013821
0.008039079
0.03996231
0.01097064
0.01488235
0.9703691
0.9918344
0.01821426
0.9964065
0.9781598
0.02366864
0.005717561
0.952318
0.9955967
0.001942237
0.9930885
0.03781777
0.968074
0.0009477711
0.03221811
0.9826541
0.01062262
0.00952117
0.02030564
0.02301029
0.01472329
0.05562893
0.9638074
0.9785373
0.9994331
0.0248386
0.02368593
0.9765847
0.9459193
0.9836248
0.03478212
0.9971226
0.01048427
0.979413
0.008065152
0.9873198
0.03283293
0.01655179
0.009629126
0.9915026
0.02984592
0.9957227
0.9924147
0.06114911
0.9952936
0.002766653
0.9881512
0.00134453
0.02263706
0.03169622
0.005369472
0.06385231
0.02010036
0.03927569
0.9743912
0.9956635
0.9827432
0.9477981
0.04996648
0.06252901
0.9856829
0.9669664
0.9783271
0.00457259
0.01496405
0.9946558
0.9818587
0.9671961
0.02355525
0.9755544
0.02533584
0.008350224
0.004742404
0.9404381
0.9672377
0.9798016
0.005435886
0.9793755
0.003695855
0.9430131
0.05462536
0.9681325
0.9853484
0.9882074
0.03337522
0.0174471
0.9828573
0.962755
0.997905
0.9775324
0.9724884
0.9869782
0.01121928
0.01573352
0.987339
0.965925
0.9982068
0.968879
0.02012137
0.9877146
0.9923553
0.9777829
0.9940847
0.9881609
0.05471564
0.9845061
0.04558845
0.9544326
0.002939855
0.04396921
0.924249
0.9911202
0.004048388
0.976262
0.9475586
0.01313615
0.9981093
0.9558817
0.9743543
0.001797504
0.9571018
0.0001305886
0.978122
0.03124863
0.9759353
0.9721027
0.9604438
0.0293836
0.0188207
0.01393116
0.9978764
0.9880413
0.9984797
0.03454323
0.9678369
0.9815848
0.01066044
0.9700758
0.975399
0.05969784
0.9934763
0.01342027
0.9266323
0.9650582
0.9867237
0.0527353
0.04027695
0.9860983
0.9399007
0.0241117
0.9815349
0.0148283
0.01092285
0.01107112
0.04227416
0.9734987
0.03325653
0.9966319
0.0504452
0.02741819
0.9887269
0.01878858
0.00679138
0.9874185
0.9499159
0.987084
0.01559615
0.9828723
0.008043647
0.9962137
0.04612958
0.9956777
0.9520283
0.009134437
0.04939812
0.9967765
0.001144556
0.02691939
0.9725418
0.9826218
0.01205332
0.9602253
0.03142918
0.01925992
0.005968222
0.01357623
0.9664292
0.0207671
0.02546261
0.01312183
0.0230873
0.04938255
0.01672797
0.04610139
0.9835669
0.981565
0.9651523
0.03173359
0.9888336
0.04375776
0.02817778
0.02942762
0.9949845
0.9589558
0.9998374
0.001536326
0.006605434
0.04497972
0.9710814
0.9661697
0.01170625
0.9852731
0.01951444
0.9697408
0.9905582
0.04431066
0.9914907
0.008209865
0.04358271
0.9913562
0.9560762
0.02268913
0.9856547
6.328812e-06
0.9918192
0.02587591
0.0256732
0.9982312
0.05763598
0.006352329
0.05542908
0.008812086
0.0009997986
0.01685075
0.001325062
0.05292269
0.9889059
0.9617445
0.9797422
0.9616167
0.9836699
0.9763781
0.01140184
0.9762457
0.03376775
0.01353439
0.01314017
0.005599393
0.0004301769
0.02693271
0.009673388
0.03697395
0.0255044
0.9487733
0.9979077
0.978026
0.9819744
0.02457604
0.01295046
0.0519875
0.9489014
0.982201
0.01674323
0.970805
0.9826902
0.0216993
0.002231861
0.06040843
0.005289275
0.02138039
0.002594442
0.05878516
0.003505401
0.007408012
0.01340259
0.006592485
0.9938611
0.0445802
0.9596213
0.9945183
0.03679833
0.9650248
0.9887608
0.02334832
0.9981691
0.004639089
0.9644163
0.9726601
0.9915804
0.01834126
0.9921778
0.07633724
0.03508756
0.9733328
0.005803954
0.9921055
0.005217566
0.01701302
0.9968257
0.01545896
0.9561798
0.9891642
0.00534028
0.9726748
0.9720917
0.9555323
0.975183
0.9461849
0.9981683
0.02754245
0.04318729
0.0385064
0.03138535
0.03278146
0.9854248
0.9610258
0.01341678
0.9803835
0.02177632
0.01030157
0.02375972
0.9728165
0.003775107
0.9842958
0.02477459
1.842573e-05
0.9844445
0.03904652
0.9866004
0.9642502
0.987502
0.01088461
0.000369215
0.03354914
0.001255319
0.9718882
0.01022314
0.02816341
0.9992236
0.9957444
0.9819173
0.01912247
0.01706319
0.998624
0.01012825
0.01049205
0.001283559
0.9946968
0.9335081
0.9909405
0.9937182
0.9566874
0.9849025
0.9820093
0.005999264
0.004975307
0.9911286
0.006816254
0.9608644
0.9947745
0.02486289
0.9841477
0.00349651
0.9646127
0.008583575
0.04945794
0.9438161
0.0003468467
0.05890608
0.02147722
0.03662526
0.0150079
0.9967633
0.03207363
0.9891909
0.9843103
0.9952411
0.02696089
0.03615001
0.9771174
0.9343455
0.9969103
0.01276471
0.9722898
0.986856
0.01321185
0.0114754
0.9691197
0.02538827
0.983106
0.9978264
0.0301942
0.9860358
0.0004355301
0.05510382
0.9889422
0.9963299
0.0320382
0.03816818
0.005469447
0.954241
0.985995
0.9878096
0.02986825
0.9915415
0.9908287
0.04234862
0.006573967
0.906703
0.01525109
0.003750388
0.9686171
0.9942774
0.962173
0.991407
0.9870695
0.04996146
0.0003618931
0.03314356
0.008436363
0.9683603
0.05562525
0.9483768
0.9939469
0.9807635
0.9511947
0.9667394
0.06564368
0.9551565
0.9419574
0.9802905
0.98971
0.02945717
0.9940535
0.08427616
0.01843096
0.9803054
0.961967
0.05513368
0.06300476
0.06210857
0.9764193
0.02072315
0.05535647
0.9783055
0.9986881
0.02340419
0.04931282
0.03644339
0.01615355
0.9590888
0.9843998
0.009252279
0.9805017
0.9493181
0.9806854
0.9946521
0.03978423
0.9903746
0.9745576
0.9842685
0.9964601
0.004364716
0.02497612
0.01720155
0.03966883
0.08051956
0.0362578
0.04428411
0.01374888
0.02969497
0.02730788
0.04995563
0.01327999
0.01291741
0.002334448
0.02333303
0.01150768
0.01127229
0.01228685
0.08430466
0.01257862
0.02061595
0.007180393
0.02196159
0.005777547
0.02616345
0.002328631
0.006809112
0.00662726
0.02551171
0.04945641
0.01669425
0.006001216
0.01346654
0.0362041
0.03074304
0.05241947
0.03099957
0.02137816
0.007198942
0.006959243
0.03957027
0.006693234
0.0332156
0.0154494
0.01585765
0.004878574
0.006349633
0.003710073
0.0003828797
0.04701107
0.004255105
0.05767024
0.005291377
0.05483261
0.001051032
0.07639415
0.01531501
0.03207589
0.02577444
0.04378716
0.0121445
0.02436721
0.0009174627
0.03854209
0.03663516
0.005200019
0.01339702
0.002332294
0.02920257
0.007604258
0.005757238
0.05979553
0.006548909
0.03606347
0.07726973
0.006164272
0.01192038
0.01413754
0.03005179
0.001238867
0.02825551
0.02974482
0.003580832
0.01984507
0.006756431
0.01374269
0.01025193
0.0330054
0.05309754
0.08753364
0.003738048
0.002556692
0.02399791
0.01402488
0.02822402
0.005487772
0.03873163
0.005461145
0.01135877
0.03220265
0.009754891
