0.01688272
0.001269991
0.002489341
0.00531718
0.02398261
0.01990675
0.01822934
0.02695872
0.0236684
0.01054448
0.04088353
0.005970723
0.003061495
0.01944468
0.006420346
0.01658367
0.01744207
0.01965276
0.01006673
0.01903275
0.02572849
0.009207436
0.03077541
0.03436256
0.02396482
0.02381474
0.01602784
0.02119798
0.03327929
0.003814667
0.02752827
0.01601741
0.04927952
0.002781108
0.02987622
0.0435561
0.004211975
0.05073922
0.01880881
0.02754258
0.001442216
0.02337696
0.012308
0.009996971
0.0004606506
0.03797019
0.02267006
0.05651911
0.04661018
0.03773991
0.04906569
0.008451669
0.01894414
0.04253063
0.01314182
0.01783371
0.02535636
0.001855356
0.03207919
0.04260732
0.04327119
0.0005921187
0.03853806
0.03351757
0.001688109
0.003485338
0.004964846
0.02965587
0.04107181
0.04235046
0.009397286
0.01444875
0.03713735
0.03291464
0.02581295
0.03164079
0.07535803
0.03346237
0.01521685
0.03091324
0.01953731
0.02134623
0.03029215
0.03626999
0.04742902
0.05497019
0.03717744
0.02371256
0.033804
0.01703421
0.01046558
0.02728907
0.009969046
0.0738972
0.03308038
0.0236075
0.03985421
0.03809683
0.008928121
0.03782681
0.007888993
0.06841972
0.02326147
0.02331029
0.005039065
0.05424386
0.01100071
0.06034455
0.05960988
0.004098143
0.02305073
0.009240771
0.006862572
0.004102384
0.03951249
0.02157676
0.005861097
0.02330434
0.04098611
0.03687356
0.01105659
0.03341924
0.001895139
0.001194339
0.01018485
0.02853831
0.01569406
0.02956785
0.01057886
0.01869957
0.01628333
0.06079516
0.01522463
0.03160251
0.06929937
0.004424333
0.05007942
0.0248377
0.03111515
0.01331729
0.04664803
0.005077885
0.01599458
0.04740591
0.03424756
0.04783643
0.0574493
0.02063436
0.002732731
0.01392148
0.007361929
0.02067872
0.01542714
0.02813176
0.02356875
0.03891936
0.02876546
0.008336197
0.004325293
0.02510318
0.05461599
0.06857322
0.05616807
0.005631142
0.01331842
0.02655308
0.004373365
0.003123701
0.06365601
0.06983328
0.02727548
0.002282604
0.05799922
0.05116493
0.03126064
0.003948176
0.006957687
0.02227327
0.0688946
0.004458442
0.01953183
0.003582619
0.005446019
0.03797912
0.02607663
0.03672254
0.02237958
0.009784065
0.004775394
0.006690093
0.01376864
0.007984586
0.03157474
0.003567444
0.02091229
0.002881131
0.002929672
0.01377136
0.009397417
0.02813361
0.01572647
0.02953955
0.0173488
0.009640726
0.004340597
0.009291851
0.006205533
0.00853276
0.01648819
0.01165365
0.0007242973
0.02127238
0.02196909
0.01314355
0.0491601
0.03913103
0.03091745
0.02624107
0.01024192
0.01373281
0.01910345
0.003337356
0.02077865
0.001268772
0.06643819
0.04927822
0.002375244
0.04145652
0.01367618
0.01059393
0.07809928
0.01376785
0.004697336
0.02256884
0.007684115
0.01994305
0.01048042
0.04572556
0.005932524
0.02152487
0.008221374
0.03219427
0.05742746
0.005592136
0.0003416428
0.003968146
0.004449465
0.01632124
0.02584613
0.02338028
0.009300586
0.008158373
0.01890702
0.02058349
0.04622699
0.01863979
0.02711796
0.03298301
0.01715506
0.001307368
0.00386737
0.0157827
0.04355641
0.01216292
0.006338805
0.06949051
0.0126423
0.05605003
0.05534103
0.01620441
0.04444203
0.0110522
0.04365345
0.052965
0.0530056
0.02649362
0.0340444
0.02011291
0.02847151
0.02431412
0.02116335
0.06010917
0.02269601
0.004206017
0.01213779
0.07496045
0.02175114
0.0236837
0.006334296
0.01203948
0.03016005
0.06409159
0.004500527
0.03635942
0.03925017
0.0150147
0.03009522
0.000582818
0.003959215
0.01764448
0.04336024
0.01469954
0.02115647
0.06127253
0.02071422
0.01426058
0.007605779
0.02558498
0.01816487
0.006168253
0.04263714
0.003458707
0.07730628
0.03374963
0.009280823
0.009450445
0.08745602
0.0002260506
0.02990689
0.04485006
0.03937577
0.04943884
0.04301932
0.05209287
0.007164877
0.03215587
0.0127605
0.03665069
0.0008326224
0.01498938
0.03087944
0.02616871
0.003931247
0.0005466258
0.03667899
0.01494748
0.0352423
0.05430187
0.04962761
0.0100861
0.01132684
0.003524934
0.03284181
0.06035
0.0128665
0.0002082082
0.006917776
0.03189912
0.01851924
0.004928925
0.01159918
0.005175969
0.0327902
0.01210601
0.02035826
0.02426999
0.02351219
0.0133322
0.01334244
0.01543403
0.02338369
0.04658268
0.02847657
0.04468958
0.05028037
0.01917293
0.01886565
0.01753515
0.009081272
0.03709983
0.02628617
0.02889744
0.01215726
0.005879514
0.02960491
0.01641857
0.01709457
0.02045643
0.008559714
0.02343612
0.01384852
0.03329926
0.06169116
0.02162506
0.02427002
0.04243105
0.01326042
0.03721344
0.05722007
0.03215267
0.06116531
0.01935065
0.006639182
0.02221757
0.004391713
0.02398051
0.02770871
0.04631856
0.03069088
0.01419155
0.03272818
0.001495915
0.02062954
0.04409442
0.07568136
0.01044006
0.02362268
0.01558747
0.02914977
0.04732672
0.01525861
0.02365665
0.05074986
0.02705605
0.01278334
0.01336071
0.02267412
0.01724325
0.05050375
0.007105055
0.006514313
0.01339039
0.014783
0.02258699
0.03850313
0.02149579
0.006055767
0.008175053
0.002563999
0.04715406
0.04792446
0.01321493
0.08329947
0.003207486
0.0137736
0.03680981
0.01401839
0.01388529
0.03453594
0.03556577
0.02731678
0.01374033
0.02863871
0.03347941
0.05644825
0.01832528
0.009133492
0.009182856
0.01082442
0.002353906
0.003099823
0.04450191
0.01838355
0.0004159066
0.007367392
0.02826145
0.01221825
0.0467954
0.01907763
0.02615113
0.0002883599
0.02070111
0.008273971
0.007347546
0.03361458
0.005668796
0.05976484
0.01530498
0.00604976
0.03646194
0.03204058
0.05158795
0.03482767
0.02250598
0.0007008977
0.01236946
0.02334224
0.06667288
0.06455369
0.01875293
0.02506533
0.0363042
0.05315324
0.04122134
0.01622474
0.004508337
0.02499409
0.004238515
0.04126976
0.003285346
0.0290987
0.03661429
0.01642989
0.02909902
0.06061153
0.01041595
0.001960678
0.0171055
0.0311463
0.06361388
0.01715491
0.02165212
0.01539925
0.07167395
0.05188269
0.04013192
0.008385501
0.003102353
0.003484921
0.04486514
0.04546608
0.0116764
0.02023432
0.0298691
0.02109515
0.02762623
0.03782424
0.04659259
0.03221429
0.02246127
0.02449412
0.003380982
0.02435658
0.003221689
0.005387891
0.02799741
0.004230654
0.001847571
0.01898364
0.04690084
0.02502162
0.02299173
0.02730718
0.005586201
0.05415719
0.02565687
0.02101248
0.003532852
0.05874406
0.03274627
0.0338064
0.03516481
0.05777306
0.07416642
0.04767741
0.0221845
0.003214743
0.07758594
0.007569828
0.01314659
0.0398007
0.006098608
0.05805146
0.001383803
0.02184966
0.06149461
0.03260431
0.01667752
0.02759107
0.03013102
0.08158871
0.02027957
0.0254844
0.04216454
0.01875203
0.04212047
0.001408826
0.02210191
0.04694766
0.003409431
0.005535748
0.01803829
0.01492741
0.05058365
0.03261827
0.01203661
0.01111199
0.007368262
0.01307497
0.01764094
0.01510212
0.04312897
0.01806944
0.0183986
0.03604299
0.0004081871
0.01807379
0.004984315
0.03663191
0.03127166
0.04922274
0.03789481
0.005947001
0.003534503
0.005942057
0.007431589
0.01314739
0.05137678
0.02680986
0.009596732
0.001243942
0.02444085
0.0002670541
0.06503441
0.0330897
0.03565421
0.02457564
0.008085754
0.04867179
0.03487278
0.01512887
0.007470734
0.03877378
0.06411617
0.001989383
0.0367936
0.001088568
0.02954707
0.04607547
0.03716937
0.02244317
0.02104281
0.06261889
0.02739331
0.03903992
0.00343357
0.01370608
0.01033908
0.01843278
0.02759113
0.01547709
0.02000361
0.004028804
0.01762891
0.01539869
0.01472545
0.0001187927
0.03568027
0.00105329
0.01007734
0.01361057
0.01597158
0.04703874
0.02296502
0.01581127
0.006853544
0.01183514
0.0227929
0.005837415
0.03655792
0.02227201
0.01910927
0.03711483
0.05720709
0.008975564
0.03584934
0.008988926
0.07393401
0.02233651
0.001845546
0.04995887
0.0764934
0.02694452
0.009537546
0.03715179
0.03158138
0.02548723
0.0004166735
0.01364977
0.009781268
0.02691529
0.0004215085
0.01382629
0.03055313
0.04141049
0.02719889
0.04394876
0.01596044
0.01211014
0.03144221
0.05542662
0.05052104
0.03594706
0.005414466
0.01423175
0.007870946
0.02959943
0.02217257
0.005602079
0.0009416734
0.004127044
0.01048541
0.08309953
0.003917731
0.03040805
0.00466443
0.04367141
0.03600777
0.02727364
0.01524066
0.00199585
0.06987725
0.02706011
0.05181282
0.0009016789
0.007315361
0.001806496
0.05811588
0.01279314
0.004469635
0.006293765
0.04856904
0.04131748
0.01287655
0.002941463
0.02302931
0.005764481
0.0112842
0.01305987
0.03669143
0.009380728
0.03154199
0.001213408
0.03683738
0.05547581
0.0008442698
0.01328897
0.01796724
0.0378649
0.01788401
0.02624482
0.003866434
0.005355165
0.01404681
0.02251242
0.002130932
0.03419321
0.01845716
0.05783317
0.007800589
0.01496942
0.006450042
0.04544165
0.01726266
0.01306795
0.04898634
0.005017191
0.02153942
0.04419793
0.0299315
0.00268269
0.05916016
0.008554389
0.02291059
0.01524381
0.01586514
0.0237347
0.06237174
0.01301044
0.008237576
0.00103493
0.01855319
0.03494484
0.03409841
0.003676772
0.03080457
0.05481808
0.04023326
0.001931361
0.00362303
0.001797231
0.008479774
0.002819215
0.01708651
0.04830146
0.006687765
0.02210068
0.0002228214
0.00114655
0.02766569
0.01326435
0.02258917
0.04019737
0.02435116
0.08720889
0.03195468
0.004086095
0.04868766
0.009372942
0.01044598
0.01260605
0.01917067
0.005651541
0.01190052
0.03344234
0.02474906
0.02276458
0.02452262
0.01030934
0.004568396
0.03264686
0.05338827
0.01569771
0.04590588
0.05247057
0.02806645
0.03715843
0.008840874
0.04765003
0.02509594
0.0410545
0.02420242
0.01544334
0.009996137
0.01483522
0.01291302
0.02846258
0.06072326
0.02472018
0.0425511
0.006687371
0.05768813
0.03351801
0.05214499
0.03740826
0.008447501
0.03606839
0.0189582
0.02543247
0.03907807
0.0343225
0.01435248
0.01312523
0.02437178
0.003849618
0.0514116
0.06025241
0.04087072
0.003929548
0.02805239
0.0231251
0.005288929
0.04178846
0.04597413
0.06195554
0.02138346
0.02864212
0.0416998
0.002714092
0.0453365
0.008068254
0.01494496
0.0003726689
0.03255193
0.04460715
0.002682387
0.03339669
0.03698641
0.04845806
0.01286448
0.001175815
0.006205335
0.05794068
0.01045866
0.001204024
0.009290998
0.04194082
0.01854635
0.009451785
0.01836039
0.00518189
0.0001451093
0.02987245
0.04510227
0.01531453
0.008113575
0.01758376
0.005709558
0.0192496
0.01798505
0.01206515
0.02433149
0.007238378
0.01272743
0.005356136
0.06009553
0.006888598
0.01799925
0.005197941
0.0609868
0.0188284
0.003026745
0.0491475
0.02615553
0.04617937
0.03276125
0.02053858
0.001623907
0.06621906
0.01924491
0.5110733
0.9488842
0.9830231
0.07183471
0.4780608
0.5342676
0.5158756
0.00471449
0.02609765
0.9974182
0.524472
0.0682148
0.5165762
0.9960646
0.03176741
0.9995579
0.522403
0.9889751
0.01116092
0.008708393
0.5577747
0.9754004
0.4924917
0.00497878
0.9998735
0.008942968
0.05683542
0.4735819
0.04548723
0.9619845
0.9964052
0.9911649
0.02993997
0.9990773
0.9787758
0.5048143
0.5177927
0.03827989
0.5305868
0.01853977
0.0182357
0.02642687
0.5153436
0.9830613
0.4972036
0.5251607
0.9992582
0.5321925
0.4833102
0.9834313
0.01597721
0.4798978
0.003401381
0.4521348
0.5517945
0.469352
0.4741395
0.005287148
0.5057706
0.9240353
0.510436
0.9602296
0.9422364
0.04013023
0.01047633
0.9712533
0.5260829
0.01866547
0.4653544
0.003332196
0.9756047
0.9219093
0.9860285
0.5585805
0.005917926
0.007069542
0.4941178
0.9401189
0.9979831
0.974215
0.935396
0.05099896
0.04634325
0.9151977
0.9726272
0.9650179
0.9657332
0.5172812
0.9588854
0.04382231
0.0585525
0.04143243
0.004217813
0.02520082
0.008133969
0.9972056
0.5411473
0.5042398
0.5153145
0.4967941
