0.06452675
0.9797684
0.01059486
0.9596853
0.006550614
0.0005595097
0.08584911
0.003478557
0.006093425
0.02546207
0.03762802
0.942351
0.9948
0.996684
0.04746623
0.9689392
0.03006825
0.06381624
0.9618178
0.9770192
0.02369334
0.9748662
0.9822334
0.008098117
0.9994843
0.002977214
0.958784
0.02200587
0.01381218
0.9692015
0.9904328
0.01982303
0.01384389
0.9808025
0.003261056
0.01034037
0.9860901
0.9585142
0.9863865
0.003847132
0.9614936
0.9807831
0.996576
0.976822
0.007805117
0.02062117
0.009859944
0.02504858
0.9363654
0.02434611
0.00204878
0.9710665
0.9490092
0.983357
0.01112582
0.9915874
0.9865676
0.9838457
0.01840894
0.9758387
0.9973089
0.9771297
0.01743987
0.9889001
0.007960995
0.005405401
0.990268
0.01171103
0.9956952
0.03446714
0.02683738
0.02510259
0.9838296
0.001025693
0.04010163
0.01155646
0.02567976
0.03013408
0.05012531
0.9533143
0.06241626
0.9964654
0.03142799
0.9739616
0.9907139
0.996125
0.9959817
0.9638586
0.9953965
0.9450818
0.9954162
0.003481936
0.03779227
0.9860739
0.000715175
0.04752918
0.9390022
0.9974275
0.037822
0.9723821
0.001335169
0.9912301
0.4721937
0.9914679
0.4538626
0.4953504
0.06192268
0.995966
0.9457561
0.9618407
0.4531542
0.02834257
0.5048948
0.09920129
0.002366873
0.4878844
0.9896478
0.00532441
0.01076729
0.03391071
0.05574422
0.01816577
0.9798114
0.9538626
0.982187
0.0008345385
0.5412119
0.991621
0.4752049
0.9873656
0.5654669
0.9997729
0.4627617
0.5588529
0.5086855
0.4942067
0.9676617
0.4974112
0.5251519
0.5367385
0.9682356
0.9761245
0.5346049
0.9407088
0.5025865
0.9480134
0.5185532
0.03337071
0.961977
0.03127089
0.9747768
0.02731107
0.04403936
0.9582894
0.9628002
0.9429064
0.01391311
0.004984669
0.0008057999
0.002571905
0.9768213
0.5255918
0.5294862
0.9643218
0.00776255
0.4581229
0.5173659
0.9634342
0.01318988
0.008788388
0.9624237
0.4500627
0.5354459
0.004124229
0.9860763
0.5132903
0.9783842
0.9891231
0.02138277
0.004343917
0.0165677
0.9667786
0.9664116
0.4980137
0.9675335
0.5538599
0.5242863
0.5486399
0.001599461
0.02177137
0.001344399
0.04735213
0.06754016
0.9378117
0.9835806
0.9650774
0.979014
0.007402421
0.002307368
0.5301437
0.01676902
0.9694036
0.03970488
0.9607142
0.02208756
0.5218024
0.4919233
0.4911432
0.01168568
0.9433874
0.5555662
0.9808721
0.9777449
0.9960621
0.002110243
0.9388894
0.01299785
0.0189615
0.004126669
0.02880129
0.009630333
0.01009298
0.02493827
0.01442774
0.9920467
0.9973575
0.01291453
0.9523091
0.4536815
0.9969303
0.02660512
0.04503144
0.9739921
0.5222267
0.5085901
0.9744264
0.9951307
0.4691548
0.03638905
0.9635557
0.5241348
0.05280011
0.4757221
0.9786903
0.9746609
0.9798274
0.9855848
0.4722549
0.4859447
0.02575423
0.9600912
0.009060659
0.9641075
0.4543294
0.5217269
0.5231572
0.496546
0.5184373
0.9853502
0.4737027
0.4761626
0.9954916
0.5318029
0.5398799
0.5386175
0.9755352
0.99859
7.33763e-05
0.007112577
0.02256064
0.005701761
0.9883424
0.976446
0.4710428
0.03574951
0.01980483
0.04231563
0.9753443
0.006192499
0.9927775
0.9761355
0.4409493
0.03840934
0.9839557
0.916913
0.4888508
0.02803757
0.9772002
0.9333103
0.03647502
0.4781603
0.999621
0.04414945
0.5272088
0.4970823
0.9956172
0.03669456
0.007643624
0.003850257
0.5070586
0.5225567
0.01362573
0.9851774
0.9570139
0.9618532
0.9789796
0.988048
0.946968
0.9761218
0.5353094
0.08764716
0.4925728
0.02160557
0.9477665
0.00444427
0.9525943
0.5018565
0.982596
0.5711842
0.9733911
0.9638212
0.02388026
0.4930963
0.04699593
0.9655863
0.06697988
0.4976524
0.0632783
0.01205999
0.0509214
0.9681194
0.5499812
0.9939412
0.9888734
0.4924015
0.9695415
0.4830034
0.5590981
0.4791184
0.5303195
0.06473674
0.4857929
0.9922106
0.04171688
0.02011688
0.9892466
0.01438471
0.008896071
0.5174277
0.03534592
0.04257474
0.01051842
0.02598252
0.04966097
0.9732335
0.9739065
0.984496
0.009178657
0.4691482
0.9660528
0.4407692
0.002887871
0.9393238
0.04180567
0.02797897
0.01373235
0.4204246
0.4928261
0.0326692
0.965425
0.5365919
0.99332
0.4818379
0.02053779
0.03585053
0.4935927
0.4540307
0.9818041
0.01503869
0.9989083
0.480047
0.9919257
0.4461914
0.04528739
0.9877689
0.9935082
0.001664942
0.0146395
0.9895562
0.987654
0.04793484
0.4544262
0.9607518
0.003101214
0.9599355
0.9673087
0.5242034
0.02658033
0.470083
0.9931306
0.01315021
0.5020024
0.5149337
0.516129
0.4979796
0.01390978
0.9697829
0.008924714
0.977576
0.9920555
0.5304179
0.009521571
0.9982374
0.5177885
0.008106599
0.4352204
0.9342689
0.01004693
0.02697673
0.02449475
0.4514647
0.5209727
0.9720852
0.5660513
0.519054
0.5029384
0.9738812
0.9531656
0.5499847
0.02798192
0.4837961
0.4574563
0.9996095
0.5072508
0.4836754
0.03001897
0.02331752
0.9896872
0.03705671
0.512988
0.4762472
0.4862616
0.4731102
0.5180073
0.9913389
0.5427715
0.4929533
0.5060949
0.4902163
0.5117672
0.4946785
0.5245275
0.4971031
0.9734917
0.0268219
0.03257986
0.9535686
0.4991999
0.5344784
0.9752013
0.9541436
0.9861335
0.4314613
0.97472
0.03539318
0.03672767
0.002111082
0.5019609
0.004660062
0.005031885
0.009502656
0.4904163
0.9851344
0.002593149
0.01572188
0.004859569
0.0007949652
0.9991639
0.04984912
0.004505885
0.5056133
0.9748184
0.5194575
0.9785583
0.5088382
0.5384332
0.9938546
0.4619214
0.9934813
0.4932301
0.4473339
0.5762829
0.9911046
0.04484344
0.4525357
0.4621004
0.9576786
0.05389896
0.4959114
0.9947667
0.5124561
0.5061842
0.9446441
0.9828075
0.9760753
0.01250542
0.9615272
0.9542159
0.01059294
0.991342
0.4667946
0.01045622
0.0001886718
0.02144247
0.9410496
0.02834208
0.9591734
0.9702851
0.5257099
0.991693
0.02551329
0.001386247
0.02995417
0.5053705
0.99281
0.5089303
0.4269867
0.01996744
0.5337928
0.02831714
0.9545288
0.9242002
0.04312418
0.9967927
0.03238553
0.01775572
0.99052
0.9875569
0.5261001
0.9719485
0.9965474
0.9761767
0.03109109
0.4785293
0.4973655
0.99003
0.4977652
0.9864482
0.4894022
0.02677827
0.9554223
0.4606552
0.492328
0.9804563
0.9879672
0.02622892
0.02484142
0.5001384
0.9807669
0.04106468
0.9998511
0.03294852
0.9827741
0.001931397
0.02999585
0.02087666
0.4897124
0.9935928
0.4957818
0.5073244
0.9876665
0.010967
0.9801987
0.4516238
0.02335409
0.5396636
0.4797486
0.04671383
0.999338
0.5027864
0.02864852
0.5093466
0.01815983
0.9762171
0.9631139
0.03957391
0.4945659
0.9791959
0.513113
0.94256
0.4798091
0.01828756
0.9636846
0.984997
0.5164078
0.5629765
0.01087948
0.05104728
0.4583905
0.9841622
0.463849
0.4868324
0.03783969
0.9847873
0.01150468
0.08195892
0.998572
0.5068757
0.5302763
0.01706704
0.03800274
0.03065524
0.008915979
0.05001365
0.006957063
0.951934
0.5315588
0.463764
0.9664244
0.4577094
0.03834225
0.5200602
0.526606
0.9906875
0.03450978
0.5402825
0.03853109
0.9819787
0.433986
0.01263315
0.5210329
0.4615584
0.4444811
0.05256207
0.9776894
0.9878029
0.04532017
0.9918131
0.4597982
0.9887056
0.03057679
0.99187
0.9993248
0.9762753
0.989982
0.9878592
0.008404617
0.005895195
0.5310965
0.4950226
0.4843169
0.01113132
0.9790809
0.007460086
0.9937447
0.05280736
0.5424174
0.01002056
0.9838224
0.4696463
0.4862869
0.01244115
0.4866535
0.0262634
0.9737123
0.4979962
0.03486375
0.4798021
0.9998631
0.9701578
0.97383
0.4850782
0.5270658
0.00800147
0.5194886
0.06207807
0.526393
0.9557553
0.03618788
0.5620491
0.5338097
0.4878629
0.4755695
0.9978075
0.9786553
0.02326953
0.01302246
0.9489972
0.9425783
0.01186036
0.9777565
0.4914443
0.003631003
0.005734159
0.05699259
0.5657546
0.04068111
0.005289068
0.9972548
0.5585737
0.001373739
0.4789234
0.4627464
0.998494
0.9822838
0.4849189
0.9636757
0.9627594
0.9530821
0.02922605
0.9904709
0.993055
0.01403038
0.005567945
0.9863072
0.006323461
0.9478635
0.9417193
0.5423972
0.5532658
0.9622398
0.4990787
0.9542912
0.00904614
0.5081298
0.9874021
0.943064
0.4529415
0.003738674
0.02621623
0.9998151
0.4704805
0.4918932
0.04771473
0.5354457
0.002368582
0.4793843
0.5157152
0.5268117
0.4886343
0.9890843
0.5109788
0.5360843
0.5125868
0.01324692
0.0486114
0.4757985
0.01095428
0.4568931
0.9516415
0.9600045
0.9925803
0.01180288
0.06983111
0.02247504
0.4698282
0.0133487
0.9944735
0.01094174
0.4467451
0.4971361
0.03623759
0.463991
0.4541778
0.003947775
0.5483941
0.5055955
0.02020246
0.4804191
7.752496e-05
0.4670518
0.9977934
0.03595391
0.99582
0.4484532
0.5371826
0.07431553
0.004282124
0.9709853
0.9885869
0.02218003
0.4457462
0.02194359
0.007563156
0.02726663
0.9396314
0.9435774
0.4760622
0.02671337
0.5282179
0.493765
0.001476915
0.01409093
0.04685711
0.9669393
0.4984616
0.9950858
0.007996086
0.9951919
0.03172562
0.002939887
0.9964093
0.02626418
0.9824991
0.5036035
0.4928418
0.9873003
0.0005698703
0.969372
0.5051218
0.9776955
0.008924028
0.9917948
0.4952358
0.9676427
0.00016076
0.533442
0.5083841
0.02520373
0.973889
0.05011542
0.9983641
0.01556968
0.04440218
0.975093
0.9649719
0.03444808
0.9686808
0.009885037
0.9718639
0.00990982
0.5046798
0.03184311
0.4571082
0.9914253
0.04391126
0.4604435
0.9940422
0.9962856
0.4585205
0.9627524
0.4830392
0.005944266
0.9867032
0.9905981
0.05656231
0.5217567
0.9345081
0.4831345
0.472116
0.9884423
0.02848102
0.4704186
0.5305856
0.9696664
0.02726025
0.06248182
0.9664025
0.04092861
0.517653
0.5174418
0.5079198
0.4999674
0.968693
0.9928177
0.9687797
0.04252751
0.03884595
0.9950027
0.008551094
0.05581413
0.500893
0.9785128
0.9896049
0.5013291
0.5444207
0.9624237
0.9881275
0.002232109
0.9795508
0.003440039
0.5134589
0.4474368
0.01330852
0.9511427
0.02525954
0.9854095
0.000300063
0.5085398
0.4911498
0.9806354
0.4549158
0.5174396
0.006482557
0.5133489
0.4977087
0.0006264323
0.5196078
0.97852
0.9851466
0.5499537
0.9865371
0.491154
0.02412438
0.4790151
0.004502559
0.9787474
0.4634756
0.9889716
0.4912772
0.9967607
0.5256111
0.9467703
0.986457
0.9156733
0.9956785
0.03802883
0.000355844
0.9660527
0.9982849
0.9960254
0.5108324
0.03152037
0.4866581
0.5085613
0.02925614
0.03415085
0.9679815
0.008652421
0.968704
0.9301309
0.4870667
0.01637235
0.9633458
0.4530988
0.02004213
0.4911038
0.4632181
0.0128308
0.07301975
0.0122182
0.01426129
0.5162491
0.4692441
0.01237611
0.02037273
0.991834
0.02120608
0.545171
0.9841625
0.5512765
0.4996215
0.9894457
0.9922663
0.0252016
0.987509
0.02762847
0.5183883
0.9676338
0.9973821
0.00380289
0.4817712
0.004387967
0.4469187
0.02548209
0.005849697
0.5120258
0.06703388
0.02390711
0.03647092
0.03135831
0.5170146
0.06481434
0.4754033
0.9769209
0.0235496
0.5112092
0.9406901
0.0124826
0.9787207
0.9900236
0.00869565
0.01675005
0.475582
0.5210535
0.9799617
0.996315
0.9840334
0.5530296
0.4667415
0.5046922
0.02702611
0.02052848
0.9508528
0.02568626
0.9641005
0.4805633
0.5043305
0.4454945
0.9888373
