0.3966094
0.02361232
0.3594413
0.9692143
0.6714074
0.5945178
0.3814706
0.3967729
0.9373012
0.553959
0.02046033
0.9940639
0.01479202
0.9625077
0.5978568
0.393181
0.539804
0.4326304
0.5916423
0.972486
0.3806368
0.679896
0.4704527
0.9895092
0.05555633
0.01398894
0.9882469
0.04464513
0.3957727
0.02264818
0.9712662
0.9088392
0.6343234
0.4020422
0.5909465
0.9863477
0.948477
0.01002272
0.5893611
0.002170151
0.4236183
0.9947221
0.01409785
0.01679289
0.3947453
0.9598631
0.02355122
0.993706
0.5887375
0.01629837
0.9932132
0.01087822
0.3904613
0.6581069
0.5510167
0.03851563
0.4212379
0.01485222
0.5515315
0.9771556
0.9995874
0.9700647
0.01797044
0.5959446
0.0399755
0.5719146
0.4152512
0.01031484
0.622666
0.4059276
0.5954066
0.635824
0.9912091
0.9968111
0.4014264
0.642519
0.3825824
0.3942507
0.9849967
0.9924147
0.3557136
0.9940619
0.6118727
0.02173445
0.9516561
0.03576629
0.415256
0.631244
0.420655
0.04911848
0.3984578
0.4014198
0.9967506
0.01716167
0.6103558
0.3735204
0.035333
0.008943647
0.6256986
0.6014187
0.9466816
0.5084193
0.9973289
0.9947361
0.01802963
0.5071368
0.5245297
0.9844027
0.9604009
0.5661654
0.005531204
0.5157062
0.00737877
0.9511855
0.01620537
0.01268901
0.9997369
0.01996109
0.02397215
0.02118978
0.5128692
0.9807532
0.990187
0.480432
0.4543302
0.01161027
0.4927911
0.9873267
0.4269291
0.5000418
0.5463195
0.0482565
0.9484388
0.9637717
0.9303757
0.02035063
0.9707444
0.506148
0.007753081
0.9232641
0.04724552
0.4990704
0.06177666
0.9951025
0.9849973
0.025756
0.9924634
0.01241135
0.9296944
0.04305347
0.9892896
0.006458395
0.9706825
0.01011007
0.4940951
0.01588589
0.9926279
0.5077053
0.436748
0.4768643
0.4417312
0.01810515
0.9882922
0.9974876
0.4920129
0.9682753
0.9967225
0.02378337
0.5125476
0.009991888
0.4811234
0.4851911
0.9437911
0.9623988
0.4654176
0.9492406
0.5261302
0.9771596
0.9690979
0.9917291
0.02920064
0.006243269
0.04125225
0.9763898
0.01640453
0.995274
0.4719449
0.4895829
0.006805699
0.9572034
0.5043677
0.994257
0.9845597
0.9828885
0.03293048
0.9817894
0.9902869
0.9776001
0.007156987
0.9781048
0.9837018
0.9982337
0.9706575
0.9835505
0.9736403
0.9770999
0.9997747
0.943169
0.0326162
0.0137383
0.04905162
0.008232482
0.9775054
0.5544388
0.00464379
0.9720507
0.9649137
0.4785445
0.008029814
0.9693552
0.9780796
0.02407339
0.9895056
0.9664049
0.4924796
0.5241821
0.9977911
0.9921222
0.9694643
0.5027933
0.9951938
0.03209519
0.9895148
0.446337
0.5122883
0.4800034
0.002917475
0.4818005
0.9937229
0.4813784
0.4927166
0.003506944
0.02297954
0.006652366
0.06125898
0.9694815
0.5232852
0.9875852
0.9675731
0.5292041
0.4482619
0.05894816
0.01592607
0.583558
0.9714803
0.4585703
0.9903459
0.496814
0.4402962
0.004351421
0.9806215
0.967298
0.9826859
0.5280854
0.02082283
0.4756706
0.0004149361
0.06992091
0.484595
0.5344167
0.01218639
0.4741086
0.03375929
0.02476367
0.5196183
0.9778954
0.0204205
0.9512231
0.01390838
0.9924427
0.4747273
0.5326543
0.02111466
0.03780169
0.05342405
0.0004353621
0.5142111
0.9620414
0.9848658
0.5022919
0.4711359
0.007385694
0.01203712
0.966044
0.04724255
0.03716838
0.4899909
0.04546378
0.03899503
0.01417085
0.9753758
0.4747686
0.03273848
0.9790062
0.5092565
0.01207014
0.5185664
0.4581312
0.5078341
0.001534025
0.01060776
0.97673
0.9888718
0.4840816
0.9930704
0.4978634
0.05559943
0.9998603
0.01703296
0.94968
0.07442416
0.9776448
0.4953929
0.9467576
0.4936763
0.9924403
0.01349669
0.009086609
0.02547437
0.5483526
0.9799698
0.03866306
0.5136615
0.038156
0.06444044
0.9522269
0.998868
0.9869536
0.9915726
0.02040186
0.9986588
0.9847989
0.5166788
0.01976153
0.4823301
0.495379
0.005007255
0.006635064
0.05677159
0.9911327
0.0138163
0.5061677
0.996996
0.9950371
0.5064998
0.4275781
0.0770993
0.9835601
0.05111261
0.9804825
0.0072083
0.4670955
0.003561091
0.9663506
0.4977588
0.4921085
0.008489676
0.9700435
0.9557957
0.9835261
0.0324077
0.5040143
0.9768462
0.01531683
0.4700352
0.4638979
0.01449724
0.9712153
0.9940027
0.5351891
0.0298768
0.9898203
0.519444
0.5437518
0.492194
0.005303684
0.462795
0.9635215
0.970716
0.9969578
0.007824781
0.009036893
0.956078
0.0663707
0.464651
0.9649358
0.038179
0.5031888
0.0343575
0.04382023
0.4899948
0.4769329
0.4642495
0.01488797
0.02773371
0.001921464
0.5309762
0.08818768
0.9798239
0.5083971
0.9945697
0.9565241
0.5172077
0.4820636
0.5032216
0.975377
0.4848847
0.5173285
0.4989005
0.5122985
0.964329
0.02162951
0.4511864
0.05652413
0.009855546
0.01197698
0.4961356
0.9688807
0.01108134
0.9654684
0.4824945
0.008714881
0.9888759
0.00641031
0.5013214
0.972675
0.003070616
0.02578335
0.9806431
0.9995077
0.5045087
0.9967305
0.05093236
0.0105597
0.0362351
0.4693789
0.4996278
0.02880794
0.4563013
0.9794459
0.05319422
0.5045024
0.06032045
0.9864178
0.04055398
0.9343393
0.01577814
0.02078408
0.00649795
0.005007035
0.02205337
0.5119354
0.9859697
0.5192044
0.9908771
0.9575158
0.009021209
0.4923367
0.9622638
0.01845336
0.4606336
0.4730129
0.4812046
0.9913776
0.001356417
0.9793414
0.04671077
0.004572883
0.02938319
0.9882693
0.9872183
0.9970819
0.5257349
0.01012132
0.0267058
0.5237589
0.5336072
0.9234031
0.9778193
0.9960424
0.5167564
0.001179906
0.4709059
0.03977707
0.03730446
0.992393
0.9885392
0.4554414
0.9776823
0.9891407
0.5637234
0.9556176
0.5183344
0.01616302
0.5121515
0.4888997
0.5885229
0.9789917
0.4839789
0.03461243
0.9694421
0.01013944
0.9494096
0.001248531
0.5355861
0.003903239
0.00549942
0.4891617
0.4926127
0.5419078
0.5266939
0.9925549
0.4991841
0.4460792
0.02794283
0.4796075
0.07676532
0.02533795
0.03158532
0.99133
0.01465124
0.9879152
0.9918976
0.5029375
0.03852725
0.9605896
0.4937488
0.9660787
0.9647542
0.4658064
0.9870339
0.9982339
0.4900358
0.02961853
0.006298076
0.9383335
0.01390473
0.0004918818
0.4899035
0.5131691
0.536579
0.9782664
0.9693776
0.5181316
0.4772145
0.5113109
0.9561217
0.04553175
0.9589143
0.9723713
0.4969579
0.03775472
0.01005755
0.5302384
0.5250507
0.5554891
0.9892398
0.4646913
0.06528272
0.9860035
0.009696834
0.01198691
0.5179861
0.04677371
0.9813344
0.01431317
0.4874336
0.4419983
0.9950859
0.5168763
0.04939784
0.9501687
0.02687775
0.5217612
0.4619298
0.4723859
0.07382181
0.5555462
0.4945295
0.5640953
0.0443965
0.4836581
0.9753551
0.9837667
0.5002479
0.0211359
0.5129265
0.963016
0.4587976
0.04138061
0.9455282
0.01803726
0.01337319
0.008882015
0.00198754
0.001542101
0.01923969
0.9667295
0.0163707
0.9829462
0.009550867
0.5191274
0.4929832
0.4615442
0.07743761
0.9630274
0.03567082
0.01213957
0.5117229
0.5436936
0.020574
0.9714717
0.05566261
0.9913171
0.9830643
0.001388955
0.9923119
0.944627
0.979217
0.9983579
0.00379184
0.03716245
0.4848216
0.4906956
0.4922433
0.5245719
0.03303061
0.5364243
0.9759023
0.4281335
0.06812718
0.01886161
0.9523443
0.991969
0.005920474
0.5004548
0.9736205
0.06554673
0.01378355
0.4692405
0.421838
0.9852932
0.4673622
0.5027529
0.04458663
0.4651554
0.9647885
0.03901931
0.002820953
0.04080167
0.02108619
0.01035091
0.006161199
0.493896
0.01487585
0.4445515
0.03265864
0.4539889
0.06663483
0.02218854
0.004740179
0.9410728
0.9699751
0.4681621
0.5341405
0.5014142
0.9838299
0.9707798
0.02384164
0.5176914
0.007608394
0.9578431
0.03810005
0.008230559
0.5097421
0.9770517
0.4787079
0.9766516
0.9704775
0.5104155
0.9879625
0.5236842
0.9969422
0.005620825
0.01413544
0.970155
0.9679239
0.973601
0.493663
0.476465
0.4578284
0.01160812
0.003922864
0.5213716
0.9815268
0.9998112
0.9723111
0.9859889
0.9796588
0.9991346
0.9806894
0.4704365
0.9754048
0.5424996
0.01656257
0.03638068
0.9612182
0.05951697
0.9832503
0.03601562
0.001448966
0.002919027
0.01686044
0.9943169
0.9540462
0.4966011
0.4950739
0.5057781
0.9972461
0.0600453
0.4974816
0.4875833
0.4699157
0.995848
0.9903496
0.9654684
0.9987125
0.4491741
0.007385051
0.9684505
0.01850855
0.9856282
0.5085984
0.549599
0.9965424
0.5432157
0.5604377
0.9929789
0.06237673
0.01593177
0.981265
0.9674218
0.4673571
0.9620016
0.001818628
0.4434025
0.9699271
0.9635551
0.991995
0.02032642
0.04603206
0.4612107
0.5358846
0.4685596
0.9744609
0.9568551
0.006177054
0.9473094
0.5174116
0.5191462
0.02703698
0.03001915
0.9879481
0.9837261
0.007746845
0.9948358
0.5375412
0.005426265
0.03182562
0.01013827
0.5217568
0.002409626
0.4426903
0.975351
0.5107219
0.47439
0.9232508
0.4864941
0.9146277
0.9587437
0.4566597
0.02251546
0.04499995
0.4359378
0.9897637
0.001235654
0.01119012
0.4911012
0.4873892
0.9440645
0.5255603
0.5202405
0.9780653
0.5269162
0.9772691
0.002434397
0.01643919
0.4677209
0.9944674
0.4604815
0.06525661
0.02316184
0.05172794
0.5064438
0.4990602
0.005430535
0.990971
0.4653453
0.03367972
0.9972482
0.04618179
0.5015026
0.9983016
0.4908078
0.4677023
0.9691907
0.5062329
0.9263278
0.9965334
0.4466412
0.9723551
0.001640102
0.4582291
0.03350373
0.04282333
0.9693145
0.4978509
0.4544961
0.09360378
0.003705924
0.4614098
0.9840811
0.9752669
0.01367431
0.4474679
0.05420276
0.002040227
0.007296935
0.9783967
0.9921828
0.008356606
0.02243556
0.0118369
0.4756338
0.02808392
0.9994905
0.4988459
0.06547176
0.4862949
0.9994642
0.9953306
0.9630687
0.05834742
0.9503736
0.01116776
0.009160468
0.9964016
0.003347671
0.4533841
0.9895142
0.0215906
0.002689477
0.9965533
0.002323711
0.9482141
0.4205359
0.04519461
0.9535167
0.9776505
0.5054291
0.997364
0.9883383
0.01315046
0.9872493
0.02704852
0.5118627
0.4757011
0.4810421
0.02335809
0.02989943
0.9856566
0.5542968
0.9924741
0.4832082
0.4978042
0.5185497
0.9940121
0.9954038
0.4687875
0.5483662
0.5002609
0.5091494
0.4544429
0.4610389
0.01666946
0.9609868
0.4574485
0.01221994
0.05170593
0.9935597
0.5334994
0.9917186
0.03871443
0.4959441
0.5628898
0.02587142
0.02383282
0.4923317
0.5020504
0.9530563
0.4627421
0.5245445
0.01536286
0.9855527
0.99108
0.4984873
0.9989371
0.5036458
0.9771004
0.5017844
0.4825967
0.008124514
0.9799781
0.4735517
0.5240388
0.5697207
0.004078183
0.01483151
0.5126531
0.9812618
0.9356414
0.01707685
0.01190724
0.960022
0.01510425
0.02747299
0.9808305
0.009725544
0.9956148
0.9641897
0.4962147
0.03944235
0.9810096
0.03470472
0.007191435
0.4901739
0.5082701
0.9969832
0.496798
0.02698754
0.4831247
0.006288696
0.5014642
0.5033827
0.5004868
0.4865865
0.0584631
0.976952
0.01514927
0.9661431
0.9756667
0.9779481
0.9549826
0.4585533
0.9914111
0.9705899
0.9979787
0.02810886
0.9728853
0.0001450589
0.4759563
0.01148979
0.4452756
0.5328592
0.01967549
0.5157024
0.9951201
0.5598722
0.04381193
0.4850484
0.5271764
0.9671588
0.008012632
0.01374704
0.5065806
0.4606897
0.01034457
0.5394393
0.4872432
0.05128024
