0.9562349
0.9591477
0.0003169829
0.5899371
0.5898351
0.06400155
0.4230233
0.9963454
0.6111945
0.4113749
0.9788729
0.617266
0.99104
0.5736447
0.01731193
0.5956332
0.3670999
0.9994783
0.642938
0.9514642
0.07474957
0.6077664
0.4009193
0.3885446
0.3850999
0.5691656
0.6304556
0.6264345
0.605679
0.3700681
0.9589349
0.5766916
0.3708309
0.3821524
0.3529398
0.9873907
0.4360553
0.9589388
0.6411837
0.9984685
0.01206598
0.9991673
0.3799182
0.3757853
0.9801411
0.6012867
0.9744254
0.5954759
0.03306019
0.9707889
0.3788251
0.03809507
0.009073854
0.5994201
0.5656863
0.9429228
0.9722891
0.6050903
0.9829096
0.03771898
0.6011547
0.01238841
0.9616275
0.9860269
0.5656897
0.3748111
0.5690428
0.6034467
0.9923242
0.9808902
0.3378923
0.5944966
0.9570218
0.01979139
0.9726491
0.02273692
0.3654399
0.9853385
0.9872377
0.4653029
0.974388
0.9590857
0.9943119
0.4208735
0.01146322
0.03283399
0.01660567
0.4209081
0.03782043
0.3656077
0.995412
0.9829615
0.0243901
0.3920716
0.004184696
0.962791
0.6164903
0.362444
0.5945285
0.9711178
0.381937
0.02476205
0.5731359
0.4410545
0.3807132
0.009713626
0.01865059
0.9562235
0.6392326
0.3773317
0.5775308
0.3494844
0.0007772
0.5932212
0.0007875379
0.4100308
0.06114212
0.3686556
0.9407389
0.6106358
0.349444
0.9727454
0.006495571
0.9613361
0.4433225
0.4192106
0.3809825
0.620063
0.6104564
0.9949605
0.9917565
0.385249
0.01943734
0.5879804
0.01042577
0.01890812
0.004368367
0.3928499
0.6377741
0.5935562
0.02253039
0.6131611
0.006014561
0.004600695
0.6075015
0.5920367
0.5916581
0.4333085
0.6134309
0.4606233
0.9571618
0.03815916
0.3573106
0.976595
0.4413347
0.04565887
0.4052657
0.5831041
0.9555209
0.5859358
0.5357241
0.01748494
0.01593448
0.007487445
0.002112522
0.5775636
0.3512539
0.4395598
0.04646431
0.01902634
0.6030808
0.3909628
0.9584829
0.008658632
0.6170962
0.6053252
0.5863282
0.6371082
0.004464078
0.4093585
0.00310392
0.5739643
0.6223348
0.6163873
0.9656994
0.6138371
0.4315796
0.4001365
0.02053495
0.4144273
0.04764842
0.0278538
0.9699482
0.3961885
0.3868347
0.3607108
0.3825875
0.9739397
0.008468128
0.6572496
0.9878225
0.02980059
0.6241072
0.4330405
0.5725089
0.6268699
0.01712262
0.5912977
0.5889837
0.962813
0.5582458
0.04001275
0.0017023
0.5978852
0.55842
0.5765464
0.001181055
0.003319081
0.6333362
0.9913164
0.4288258
0.392775
0.6171153
0.9678349
0.9318763
0.6291103
0.005584032
0.4325537
0.5797214
0.01992488
0.02114874
0.5788285
0.5819487
0.03788778
0.9708089
0.3986023
0.6128873
0.9300283
0.9720993
0.5952567
0.6181545
0.006781727
0.6033809
0.5883222
0.3776197
0.6201946
0.6007987
0.9674351
0.01670076
0.6531003
0.6276308
0.04947418
0.3865367
0.9669151
0.002789151
0.9279144
0.9743783
0.9473991
0.9916292
0.03031897
0.9361727
0.4081027
0.3695187
0.6221059
0.6146958
0.4535898
0.01885547
0.3782353
0.5938536
0.02999559
0.9990017
0.3889467
0.01006592
0.03809735
0.3972565
0.5691827
0.3957991
0.03744386
0.9282457
0.004897401
0.3902431
0.3815814
0.6089623
0.06740713
0.3907058
0.4173821
0.9584936
0.09686566
0.3909018
0.9841712
0.9856743
0.3767116
0.02632195
0.0390247
0.03335961
0.9673698
0.9800153
0.5674916
0.9830004
0.9891126
0.5850541
0.9691263
0.008385874
0.00239404
0.5959392
0.6617529
0.000775098
0.02069883
0.4690112
0.4094272
0.4197701
0.4093479
0.0009050983
0.6186436
0.4152075
0.02225662
0.04739948
0.6164888
0.9863984
0.6263702
0.5972049
0.4269806
0.4200086
0.03334892
0.9318791
0.3854386
0.007772626
0.5933103
0.03400248
0.001732975
0.9693478
0.0104747
0.4470269
0.4426324
0.5809027
0.9973564
0.4446562
0.01346475
0.961592
0.9851044
0.9911781
0.9991951
0.4037067
0.4023018
0.6319364
0.9799481
0.4314794
0.99549
0.619271
0.0447073
0.9687208
0.4092731
0.01785965
0.5660825
0.9654051
0.01142606
0.9376245
0.9856423
0.983244
0.03273305
0.5755483
0.0244015
0.3622027
0.01209371
0.3890244
0.6217015
0.008061126
0.603062
0.3963255
0.5761357
0.9929009
0.017589
0.3765357
0.9688055
0.965235
0.9657154
0.002961809
0.01742429
0.02340164
0.4195952
0.3585927
0.05034262
0.6310113
0.4043238
0.3781442
0.9922183
0.5700536
0.5777139
0.60482
0.02504501
0.9866697
0.3922078
0.4317637
0.6406843
0.4173341
0.5305394
0.01529768
0.9710427
0.02651079
0.6044418
0.9766262
0.9951888
0.9637667
0.5910329
0.3907173
0.03773578
0.621047
0.9917471
0.3392903
0.989982
0.4379121
0.6480182
0.998672
0.5820781
0.9408372
0.4103661
0.02247918
0.9894059
0.9991636
0.6007514
0.01147572
0.4411132
0.588756
0.9393348
0.6167533
0.9859863
0.9968414
0.4121855
0.3863914
0.00986675
0.4254843
0.03148424
0.3955884
0.4402784
0.5926373
0.01854628
0.08840082
0.9753265
0.9911389
0.9670463
0.008976598
0.4171122
0.3400014
0.9571201
0.4315624
0.01361542
0.5720773
0.5507256
0.5901119
0.9836824
0.01523333
0.4148161
0.3652082
0.9775109
0.5744279
0.02190195
0.03267414
0.4496369
0.3659266
0.9609593
0.9967017
0.578305
0.4046819
0.6325619
0.6245205
0.02957408
0.9581595
0.01916544
0.04173284
0.6121476
0.03085778
0.9889609
0.02138889
0.4221798
0.03301301
0.6190097
0.01574534
0.6072161
0.03833678
0.968287
0.3508585
0.3839642
0.5531065
0.9774421
0.03802771
0.5719058
0.3384088
0.5584374
0.3810825
0.5640209
0.9751588
0.04485343
0.003254227
0.9912815
0.5985261
0.9871978
0.9933561
0.01418062
0.994067
0.9919449
0.6231235
0.9863926
0.5898662
0.3756171
0.61475
0.440758
0.02137969
0.450589
0.002169707
0.002836445
0.03331413
0.6116848
0.3840917
0.9620607
0.03664911
0.6325424
0.0133258
0.9879248
0.008870899
0.9962044
0.3785878
0.563397
0.3869863
0.5528392
0.4046722
0.9995948
0.3468193
0.06173224
0.4079073
0.005765945
0.004041612
0.9787865
0.3429467
0.4013803
0.4087859
0.990803
0.02312714
0.9652378
0.3449045
0.975135
0.0563937
0.3785831
0.4121144
0.9957059
0.9976529
0.5910973
0.9685807
0.3564072
0.00871168
0.007847622
0.4146015
0.9690084
0.3693262
0.9790413
0.9873153
0.4385216
0.9836327
0.05232408
0.6168633
0.9499859
0.9876576
0.9919151
0.9919646
0.9860711
0.001367419
0.9932503
0.9978672
0.9785923
0.02449162
0.01386589
0.9591853
0.9981165
0.9481817
0.9475007
0.01905705
0.9706864
0.005937396
0.002734023
0.03277286
0.984168
0.9981604
0.9916338
0.9974505
0.9803014
0.9790026
0.01957926
0.02460485
0.9900942
0.9756502
0.009571821
0.9907307
0.977979
0.9555006
0.01056015
0.03435986
0.03349282
0.02495841
0.9515979
0.008894504
0.9639747
0.9589098
0.02417575
0.03685446
0.9701461
0.01278045
0.9866171
0.03452802
0.01992049
0.985748
0.9775906
0.9372437
0.001543951
0.9776457
0.990717
0.01031759
0.02397935
0.9676661
0.9828738
0.05497879
0.996135
0.9756972
0.9869765
0.9953347
0.9702348
0.0186904
0.9682317
0.003265991
0.9890109
0.01143523
0.9827946
0.997456
0.9224083
0.9505143
0.9819428
0.9420473
0.9965019
0.008447708
0.9889385
0.9762959
0.9953218
0.01675006
0.05040324
0.003845587
0.9744777
0.009853315
0.9468739
0.02219788
0.01048241
0.9887302
0.9564508
0.9854884
0.9992187
0.02789815
0.07778505
0.03856633
0.001771494
0.9742045
0.03311033
0.9667308
0.02955137
0.972489
0.01805097
0.003395469
0.03272547
0.9838344
0.9917028
0.06463991
0.9806229
0.9975226
0.00382538
0.0314264
0.01565726
0.05284789
0.04221032
0.9683241
0.05817259
0.9439373
0.02343835
0.977597
0.9590717
0.05586159
0.006481841
0.04074088
0.01364363
0.04236434
0.9640257
0.04400231
0.01547109
0.04414986
0.9978838
0.982694
0.03428129
0.9518604
0.006014498
0.9971396
0.003837695
0.9987473
0.9943826
0.03205885
0.05517276
0.006359948
0.9970875
0.002017053
0.003515644
0.03035789
0.9562538
0.9865418
0.04068325
0.03208847
0.01337826
0.04219964
0.03114354
0.02571857
0.9865334
0.987048
0.9722008
0.9772783
0.997129
0.9821345
0.971319
0.9933397
0.03439784
0.9959781
0.9849156
0.9869651
0.05073694
0.9967899
0.004389977
4.089159e-05
0.004142244
0.9987232
0.9948507
0.9880096
0.01185522
0.01132149
0.04042113
0.0118299
0.9952699
0.9972369
0.004994704
0.99422
0.9791515
0.9621444
0.0308059
0.9970429
0.9794828
0.01193275
0.9969452
0.01880106
0.9400843
0.009807588
0.984459
0.00659954
0.02911011
0.03671938
0.03804039
0.002390907
0.02995372
0.9980504
0.02413123
0.007892992
0.03949731
0.0004183347
0.990718
0.9460422
0.9898693
0.9991234
0.002919917
0.9944591
0.9509727
0.06995638
0.004322819
0.9860662
0.9436721
0.02422304
0.0255207
0.999005
0.9546103
0.02219636
0.9699304
0.972476
0.07666467
0.004105359
0.994298
0.9845972
0.9483309
0.9797589
0.9568654
0.001887674
0.01769723
0.004195156
0.9664058
0.9877765
0.9973907
0.04823166
0.05739818
0.002310958
0.04727177
0.9594006
0.9834333
0.0181482
0.9014408
0.9918503
0.96333
0.02955392
0.05018596
0.02258571
0.994387
0.04117563
0.02986014
0.9885392
0.02258208
0.006952302
0.006812174
0.02909253
0.01837268
0.01645523
0.06673516
0.9837278
0.02702846
0.9897398
0.01985116
0.03128982
0.9591894
0.01868106
0.9592208
0.9729914
0.9510418
0.02905402
0.9620018
0.01375279
0.9695212
0.9834645
0.02198042
0.9389201
0.02552977
0.01376061
0.03679828
0.983427
0.01113873
0.9607216
0.03839033
0.009735859
0.9883735
0.994479
0.03351046
0.9638383
0.9982416
0.04888474
0.9857032
0.003614105
0.01080822
0.0620022
0.9890148
0.01047902
0.9648702
0.05202445
0.03575956
0.002227611
0.04280759
0.002426907
0.02553736
0.9551489
0.003300008
0.03945622
0.9765124
0.004122687
0.9566586
0.003300647
0.03201441
0.9809606
0.008403582
0.9829226
0.9819794
0.04818603
0.9973281
0.9578613
0.9682104
0.9945958
0.0306882
0.9690531
0.9331481
0.03691251
0.9988919
0.02044843
0.01331493
0.02921711
0.02283567
0.01674489
0.001507666
0.9667098
0.04325208
0.9801702
0.9853732
0.03301768
0.02776156
0.9503435
0.9752703
0.0516711
0.9922085
0.6137999
0.04943626
0.4106336
0.01008578
0.01773069
0.364014
0.9687712
0.9718443
0.9969434
0.03969936
0.9502164
0.02604269
0.593432
0.6446659
0.005762939
0.5672306
0.0002442659
0.01613303
0.9995632
0.9410342
0.6103898
0.3755841
0.5536209
0.3478408
0.5560871
0.5907731
0.4163999
0.3881378
0.3565491
0.9662355
0.39825
0.5286035
0.6069442
0.9956559
0.3373344
0.9333045
0.5852497
0.394422
0.4445363
0.4347191
0.3492741
0.05850014
0.008116802
0.4076098
0.02697415
0.9714365
0.003122576
0.01343833
0.6488693
0.9906912
0.07243442
0.9855245
0.4369974
0.552374
0.3875054
0.9980809
0.004527582
0.3735319
0.01165751
0.4271333
0.0254709
0.4433667
0.03956825
0.3574856
0.5788085
0.991947
0.5848366
0.9880651
0.007935339
0.02450692
0.998562
0.4283726
0.5904773
0.571769
0.02858033
0.6249239
0.5718526
0.9681857
0.0003268155
0.4389555
0.01649948
0.9567178
0.5853686
0.6153584
0.6040707
0.9863451
0.0167122
0.9921312
0.9979308
0.628883
0.9573791
0.9573799
0.3667147
0.9833459
0.6011825
0.4186864
0.4099788
0.9877292
0.6042288
0.01671715
