0.9868403
0.0186025
0.01380959
0.005171301
0.05844576
0.9979534
0.9590536
0.02698032
0.06373159
0.0004553699
0.004416121
0.9725394
0.05505919
0.0262325
0.9782185
0.9858196
0.971728
0.02211017
0.007416439
0.02104452
0.01481177
0.06494694
0.01900679
0.9651145
0.007312113
0.9786282
0.005682305
0.03308737
0.04777933
0.9599261
0.9766913
0.0131671
0.005777429
0.9788497
0.9577925
0.9695007
0.01113109
0.9656376
0.962316
0.02686375
0.01904518
0.007393713
0.9843497
0.002943627
0.0474547
0.01767065
0.9633064
0.03678629
0.04642296
0.001635154
0.9482803
0.006490968
0.9628174
0.9540688
0.9972297
0.01747204
0.98605
0.9950636
0.9842568
0.01883437
0.9951196
0.9796328
0.9940106
0.967226
0.03226108
0.9586637
0.02214189
0.01998342
0.9915273
0.9509823
0.9810244
0.9989273
0.02200248
0.9967279
0.01490278
0.9504016
0.9965281
0.9867667
0.9828619
0.9856373
0.9732498
0.959961
0.9767454
0.9974298
0.01391494
0.02195879
0.9740796
0.9992819
0.02786666
0.01837874
0.01071802
0.06805665
0.0183362
0.996597
0.9955431
0.003746429
0.04805594
0.9878799
0.9734453
0.986495
0.03775188
0.004828162
0.006273876
0.03859395
0.9812751
0.9731937
0.01541074
0.002171136
0.9715745
0.02958067
0.006018061
0.9791274
0.02344095
0.9930993
0.02215127
0.04275439
0.9803297
0.9834936
0.03761619
0.9848341
0.9938548
0.04836764
0.9886386
0.9854962
0.02411249
0.02700067
0.996502
0.006030721
0.008453573
0.9789733
0.9982484
0.9771993
0.0321272
0.9978505
0.9760121
0.01774329
0.01242582
0.03945588
0.008501586
0.01125281
0.01073374
0.9775074
0.919912
0.004858364
0.0001969977
0.03590787
0.03027496
0.01388755
0.9631862
0.9916777
0.9426752
0.02423335
0.01851883
0.987523
0.996117
0.9830234
0.03775013
0.0004048559
0.9877577
0.04338303
0.03282766
0.03648552
0.9850609
0.0112643
0.02567672
0.9642576
0.9920637
0.9867889
0.006591705
0.04999703
0.02496915
0.9652467
0.988869
0.9908839
0.01539641
0.9638406
0.9542219
0.9463664
0.01091675
0.05172484
0.05353456
0.03024591
0.01335052
0.9946679
0.04004326
0.9443493
0.0307924
0.007719493
0.005008632
0.9763933
0.9500215
0.9717612
0.9812503
0.04915165
0.9653251
0.03058432
0.0005668553
0.9762413
0.05211572
0.9410579
0.9601141
0.0134438
0.0255069
0.9835971
0.02960295
0.01345245
0.01094132
0.9833331
0.9994153
0.9852444
0.9970607
0.006756718
0.001294838
0.9630998
0.9745737
0.02916511
0.004677984
0.9627314
0.9758506
0.00366151
0.9753315
0.02257952
0.99141
0.9757905
0.9717325
0.009085734
0.973442
0.04645669
0.084111
0.006384738
0.979481
0.9922589
0.9943373
0.03493314
0.01558325
0.03690135
0.9727225
0.9712544
0.03248271
0.9775401
0.002520923
0.00245474
0.9936909
0.983513
0.9876123
0.9764271
0.0232707
0.007097948
0.006109476
0.03019268
0.976257
0.002047311
0.05907546
0.9847728
0.02631013
0.9932536
0.01905136
0.9651027
0.9943963
0.009299899
0.02186524
0.9897835
0.008189944
0.9916838
0.9861312
0.9770002
0.9821868
0.9704204
0.03025503
0.9881388
0.01704565
0.9679682
0.0320443
0.9356594
0.9994481
0.01229678
0.0007856671
0.9483514
0.01737716
0.00168782
0.04561916
0.9795515
0.9749698
0.942857
0.981258
0.007198023
0.9984363
0.9501045
0.972795
0.06231029
0.9633215
0.01362738
0.0007053001
0.06965498
0.01139297
0.06299095
0.009494568
0.01411634
0.9822421
0.9715062
0.06866574
0.01262119
0.02342143
0.03802059
0.003005532
0.005837144
0.00513113
0.9836707
0.01386842
0.00138139
0.9768722
0.02507729
0.02543416
0.03530844
0.02366546
0.9632072
0.01357067
0.004794017
0.03287197
0.004165315
0.002136393
0.03808185
0.9930754
0.9921131
0.980271
0.0160651
0.9338048
0.003073729
0.9497526
0.9951545
0.982313
0.9782873
0.02010775
0.9865543
0.02969423
0.9727806
0.980882
0.04484212
0.05347184
0.008854754
0.9587406
0.0387168
0.02543933
0.02317827
0.9759026
0.9696716
0.01601708
0.9932517
0.9967188
0.9820081
0.01926205
0.02623681
0.9580618
0.9775669
0.02979255
0.9463751
0.05527991
0.001473008
0.9949738
0.02373257
0.04920244
0.07710658
0.9985767
0.9663141
0.978177
0.9916291
0.9921905
0.02527765
0.01344668
0.05445242
0.9724148
0.9972942
0.9482359
0.9784482
0.03775649
0.9975466
0.967821
0.9785069
0.9789203
0.9596464
0.03095849
0.01733806
0.998142
0.9334247
0.9687886
0.004289031
0.9808361
0.9838642
0.02297132
0.9948038
0.01110871
0.9968124
0.9553798
0.972652
0.02391547
0.03017304
0.9666484
0.9939131
0.9979203
0.01517954
0.9784419
0.9812678
0.9785221
0.9918243
0.9839457
0.8897135
0.9658427
0.01712955
0.03288507
0.9346395
0.04892983
0.9295283
0.9999204
0.9817374
0.9950993
0.07051049
0.05319949
0.9764997
0.002054211
0.9720839
0.06351849
0.9468583
0.9994817
0.04789552
0.0213731
0.9745167
0.04907027
0.9966713
0.004536692
0.9958167
0.02721227
0.03008717
0.9877696
0.9284032
0.99856
0.02934383
0.9773459
0.9915884
0.02718428
0.01269715
0.06308869
0.01819613
0.01667726
0.9841479
0.9830071
0.9953533
0.001444866
0.007377741
0.9440956
0.05512875
0.9903416
0.9982286
0.06186422
0.9455431
0.9870394
0.006377693
0.03004103
0.9814746
0.9738441
0.9877999
0.9971731
0.9831737
0.009508379
0.04725002
0.9817627
0.9751006
0.9822282
0.01280334
0.003975618
0.9921614
0.9882526
0.9665248
0.9569957
0.9873139
0.9848578
0.06634779
0.007765741
0.9945164
0.01504273
0.04823877
0.0292703
0.9535612
0.984157
0.02344676
0.9620242
0.9908545
0.01411203
0.03990595
0.01122966
0.02047465
0.03184549
0.9644511
0.02835546
0.01071115
0.9723625
0.0499614
0.05229831
0.000205419
0.9880811
0.05020372
0.9915774
0.9629836
0.03719053
0.004974618
0.02402297
0.002884059
0.04133193
0.005085679
0.97839
0.01468077
0.04920822
0.0470968
0.9620189
0.00628938
0.009879607
0.9747294
0.9902567
0.9990311
0.9662555
0.002529064
0.9731073
0.9728838
0.9882687
0.003329466
0.963815
0.01826872
0.005516486
0.04398603
0.05060836
0.01261351
0.007569056
0.9924078
0.01857388
0.9654365
0.9866026
0.9952189
0.05624816
0.03428004
0.9350331
0.02454379
0.9447303
0.9935161
0.001744773
0.955561
0.9936989
0.008034734
0.9725981
0.9838321
0.9345717
0.03270115
0.001488168
0.01271015
0.02878612
0.0181724
0.9958164
0.1149848
0.9777222
0.9972746
0.9193522
0.9981646
0.9814413
0.4965354
0.02887401
0.5495739
0.4666482
0.02582457
0.9948427
0.960594
0.05613106
0.5304793
0.0240003
0.03616852
0.50221
0.9879761
0.9143131
0.003722124
0.5312634
0.531076
0.5112225
0.9789072
0.5206219
0.5527604
0.0312041
0.00337395
0.5023494
0.03862741
0.02388666
0.00632635
0.02736042
0.4942072
0.9766413
0.5295563
0.4983887
0.9619622
0.5131739
0.01794912
0.9592479
0.02629956
0.523794
0.002874406
0.9932608
0.9952252
0.5485925
0.5140614
0.9957304
0.9741786
0.9958842
0.007664815
0.4732206
0.007993492
0.5005784
0.9621446
0.003032914
0.9787173
0.5095628
0.9734147
0.5034685
0.02160951
0.9765961
0.01197317
0.02503038
0.9686705
0.5116788
0.01004765
0.4874289
0.9651913
0.5350231
0.01701869
0.9387871
0.003301136
0.9853852
0.9772792
0.966969
0.021558
0.4737986
0.5256173
0.01997779
0.0243845
0.9965745
0.50214
0.007637199
0.9904789
0.03060487
0.5164558
0.02236649
0.5363138
0.5103983
0.005191925
0.9979867
0.9816872
0.5097653
0.03691051
0.02898786
0.9786242
0.5154664
0.5079051
0.5068382
0.02973167
0.4310054
0.02782775
0.991678
0.5179993
0.5431851
0.9985923
0.04843504
0.9677127
0.5238
0.5117338
0.006340404
0.495711
0.007358424
0.4506468
0.9533342
0.00779575
0.9715797
0.4993886
0.00506155
0.5499003
0.5262039
0.992571
0.002453375
0.5362252
0.02539027
0.5567196
0.996771
0.002282429
0.9706098
0.4893722
0.00998186
0.4952883
0.01574645
0.9858511
0.4882679
0.01039567
0.01830487
0.5244753
0.5000243
0.5276077
0.4834088
0.01305335
0.01223012
0.4864893
0.4607049
0.4800756
0.5338482
0.4612642
0.9677718
0.4845241
0.5455028
0.9786571
0.03367014
0.04173528
0.9783662
0.998415
0.002558039
0.5110655
0.5141965
0.9707023
0.001086756
0.9855736
0.01898591
0.4947223
0.02479325
0.01774581
0.01854367
0.477236
0.9937908
0.9864832
0.04324539
0.03213282
0.9918858
0.02293639
0.05297414
0.5103298
0.01183309
0.9646492
0.4675117
0.005892903
0.5062971
0.03532152
0.4902621
0.002309295
0.03956331
0.9696674
0.02731375
0.9626967
0.02616656
0.4983718
0.9363989
0.01302121
0.9403326
0.03594891
0.4995448
0.03039089
0.02617254
0.4924146
0.01587115
0.9783172
0.9780743
0.9806703
0.9823773
0.5197302
0.0215533
0.5648233
0.9778945
0.4928172
0.9530879
0.5191417
0.02257164
0.9723187
0.4946508
0.06188092
0.06938138
0.03882347
0.4930032
0.9418383
0.4954861
0.001504313
0.485715
0.009866738
0.9884163
0.935611
0.04236249
0.002453623
0.5047676
0.01170006
0.9823478
0.9944801
0.9708791
0.5260822
0.9943339
0.04269224
0.5634727
0.01667934
0.9742749
0.03046345
0.9815226
0.9950227
0.9702293
0.9872271
0.9399246
0.9943881
0.9705445
0.9684453
0.9801233
0.02169425
0.9946734
0.5306724
0.9921543
0.5094476
0.99756
0.4897209
0.9710942
0.5027124
0.976415
0.008090516
0.9646409
0.5236291
0.9839234
0.01471238
0.9977289
0.5329369
0.9612061
0.5149489
0.5071221
0.9672607
0.5022854
0.9447539
0.02776044
0.5156809
0.01659445
0.9908055
0.03764226
0.525706
0.02006827
0.002798031
0.02268041
0.002113883
0.5438946
0.02167469
0.9792555
0.9699321
0.5023446
0.06897933
0.9043608
0.9698017
0.969378
0.9835304
0.987803
0.02167172
0.9782835
0.9729321
0.4726896
0.5433249
0.4656244
0.4787975
0.9314747
0.5448414
0.9700135
0.9612966
0.9458819
0.03476652
0.5338471
0.0468987
0.5017035
0.9354726
0.4980663
0.489034
0.4183102
0.03649562
0.01616345
0.9678028
0.966691
0.9929437
0.4850128
0.03618513
0.5237653
0.002914532
0.5048028
0.01688078
0.04458599
0.5464658
0.01782939
0.4522421
0.9956568
0.9784831
0.9654839
0.9764286
0.479384
0.0123664
0.05407375
0.06774028
0.9351226
0.4598399
0.525429
0.03532869
0.9733204
0.95696
0.9823933
0.01802635
0.995645
0.9747825
0.970747
0.03685048
0.0540026
0.9327933
0.009763369
0.05138051
0.02124733
0.9691388
0.9901952
0.02142418
0.03029146
0.9701781
0.03077023
0.9779721
0.03953431
0.9708727
0.9874143
0.9861516
0.9380509
0.9693993
0.02422899
0.9944638
0.03538431
0.9729423
0.003208822
0.005087245
0.9898643
0.03854494
0.960989
0.9811316
0.004174788
0.01476223
0.9753878
0.9458563
0.9838948
0.9558746
0.002635917
0.9677009
0.9665437
0.01535078
0.01023357
0.02198798
0.9575895
0.02601111
0.996982
0.9756824
0.0008605537
0.007122385
0.02185485
0.9935616
0.001288645
0.03641576
0.9550189
0.9812845
0.02516731
0.9816009
0.9820731
0.006082177
0.009078025
0.9561239
0.01811774
0.0309826
0.9688544
0.07441944
0.06484711
0.02720837
0.9767632
0.05355122
0.8814057
0.9984099
0.007476744
0.02029961
0.9836281
0.9831716
0.03742812
0.02889348
0.9978684
0.9734367
0.02917713
0.01085724
0.9780194
0.9869814
0.001896088
0.9992959
0.9824455
0.9759413
0.002093741
0.006746927
0.04401114
0.9805265
0.9796229
0.01038733
0.001273319
0.06178325
0.0513271
0.009742787
0.9522322
0.9961696
