0.001526732
0.01830986
0.05866748
0.006629878
0.02260676
0.01455371
0.007666349
0.05641798
0.02983842
0.02730144
0.005602462
0.01881756
0.02014973
0.01328544
0.02593295
0.02032785
0.01714361
0.05890682
0.04664261
0.001066823
0.03080945
0.0006025284
0.0460008
0.009638942
0.02801378
0.01046464
0.006459364
0.04915812
0.01175453
0.01870308
0.007640833
0.02829475
0.06211133
0.02771617
0.001734914
0.0363265
0.003094657
0.06541132
0.06565716
0.01544338
0.04334346
0.00694132
0.07999971
0.01675008
0.01451794
0.04704596
0.03163569
0.007746568
0.01587225
0.02081647
0.06646619
0.01778881
0.002736493
0.05084586
0.02349673
0.02417568
0.01070735
0.02289215
0.002094494
0.0364967
0.03169104
0.01550351
0.008864124
0.015
0.05041788
0.06060813
0.01426902
0.009002078
0.01386519
0.0234934
0.06342247
0.02207124
0.04257784
0.04356149
0.04520408
0.008360583
0.002331021
0.002227146
0.007813083
0.01490789
0.006774677
0.005187479
0.009203396
0.02467455
0.001958806
0.03025721
0.02304478
0.04063801
0.005847066
0.0562092
0.02449388
0.03531666
0.02325752
0.0307799
0.06944662
0.0511776
0.02887144
0.002835359
0.003857397
0.01545273
0.02679792
0.004441926
0.02065491
0.0005895648
0.006123336
0.0371472
0.02161631
0.01136306
0.04951263
0.06509709
0.0248105
0.03929361
0.01088083
0.01370916
0.04596865
0.02616779
0.04029143
0.06070037
0.06763357
0.01595296
0.04884329
0.01317293
0.02091792
0.0185494
0.005172605
0.006174585
0.04397295
0.07931378
0.02900604
0.01202003
0.02471317
0.0288377
0.00900321
0.001519993
0.0204841
0.08102965
0.006939894
0.02353981
0.008858226
0.04359897
0.01172624
0.02021621
0.02471104
0.0239762
0.02549963
0.006297474
0.03820628
0.02852806
0.05007504
0.05608026
0.003023395
0.04121808
0.0281141
0.0316957
0.008100286
0.03950537
0.03107604
0.007985291
0.03545341
0.01507321
0.07313139
0.06310282
0.01325683
0.008925121
0.02282573
0.01876947
0.005460565
0.02791582
0.04907753
0.02858324
0.0285299
0.01984939
0.01484984
0.006097751
0.04292293
0.01186149
0.04872113
0.02681864
0.05176666
0.0008011445
0.01664024
0.06092726
0.01810981
0.02791037
0.009152043
0.02574253
0.0074776
0.003234577
0.04138528
0.01043196
0.006504449
0.004699566
0.008072192
0.02032337
0.02214297
0.01390889
0.03145793
0.03596792
0.01152553
0.02271617
0.005910189
0.01217724
0.03512325
0.04991205
0.05774402
0.0301987
0.01690707
0.00124068
0.03174631
0.02081399
0.04999631
0.00988869
0.0446968
0.008397644
0.04422617
0.03107479
0.01094462
0.008507624
0.03097328
0.005425837
0.03861057
0.0464663
0.03804506
0.001992615
0.001549495
0.04184773
0.0633786
0.03612916
0.007006907
0.03552523
0.03964682
0.001034465
0.04527403
0.000458302
0.02204214
0.02571386
0.02832695
0.02164541
0.03207693
0.01366846
0.003901316
0.03667395
0.01618373
0.03218328
0.02162813
0.009081899
0.0711619
0.004587619
0.05418571
0.009357369
0.01879619
0.03396002
0.0009178669
0.04543605
0.02593957
0.01202942
0.006995839
0.01477565
0.01550922
0.01185938
0.04473521
0.01290964
0.05164269
0.0224125
0.02761125
0.02003587
0.03293082
0.03609583
0.02465809
0.01127464
0.008450483
0.04717206
0.02679043
0.005264213
0.006113327
0.02756206
0.03959446
0.02311089
0.03856577
0.02926229
0.0001077578
0.00817905
0.04619907
0.02097588
0.0141986
0.01628423
0.01046819
0.03920522
0.04931301
0.05459599
0.0007238887
0.02525165
0.02885236
0.03577942
0.01438584
0.03660503
0.009766956
0.02555962
0.05336602
0.0079735
0.01359302
0.02867438
0.005221129
0.07221783
0.002374281
0.05355123
0.01947582
0.01503771
0.01510416
0.008540231
0.02311185
0.01125442
0.0131128
0.01098179
0.02950433
0.003696056
0.004607961
0.03665866
0.01946541
0.001049172
0.02950242
0.03968512
0.04744065
0.05063741
0.04949123
0.04255433
0.02711465
0.008034599
0.03814789
0.02604843
0.02040009
0.05446324
0.01504636
0.01358494
0.002724471
0.002170945
0.005680833
0.03957491
0.04218779
0.02918406
0.02835711
0.01357217
0.01698328
0.01721622
0.06829966
0.03848787
0.01344786
0.004418186
0.05227418
0.02254776
0.005802396
0.01838752
0.006646536
0.008960779
0.02069235
0.02218448
0.01762025
0.009751288
0.00983701
0.0107378
0.02281895
0.01736411
0.04688376
0.03560016
0.01941781
0.01247635
0.07353123
0.01328423
0.05954745
0.008254093
0.02358499
0.05363916
0.03114397
0.01759976
0.002498024
0.03986132
0.008045584
0.0220155
0.004894537
0.03166883
0.009640974
0.01015458
0.03041751
0.004538038
0.01297351
0.04450352
0.02126519
0.03387489
0.03369484
0.02365389
0.01229074
0.008916924
0.07592344
0.005105351
0.06884443
0.008883663
0.01941563
0.009890596
0.03077972
0.02288925
0.02462009
0.01373079
0.02284338
0.02962548
0.02266985
0.0007905881
0.03916473
0.005806074
0.04615955
0.0452973
0.006349562
0.01835706
0.03483087
0.003134049
0.02031339
0.00175207
0.04725579
0.01367485
0.03457078
0.05472375
0.02457564
0.004219999
0.01653447
0.04044265
0.01359244
0.0296415
0.03567291
0.05673957
0.006051664
0.02696461
0.02164956
0.0624939
0.04162331
0.05243738
0.01730423
0.04113236
0.02573293
0.02580058
0.0295105
0.037069
0.0299824
0.01612085
0.01936136
0.02491882
0.01907098
0.01359975
0.02735123
0.03122659
0.03734038
0.0301683
0.04786225
0.03340946
0.002328521
0.005024624
0.004236092
0.02449845
0.01535623
0.005697572
0.01813632
0.01025353
0.004280928
0.02580067
0.01307774
0.03049104
0.05155753
0.01111791
0.01536509
0.01688197
0.03497415
0.0003944018
0.01856714
0.002429892
0.01987246
0.02712083
0.02699525
0.07639094
0.01217842
0.04633576
0.01027031
0.02615212
0.04455266
0.002076891
0.02340873
0.01391539
0.03503313
0.05537998
0.0485862
0.04485556
0.0794229
0.006467274
0.01440306
0.01433524
0.06212162
0.06230926
0.008392276
0.01639254
0.02353072
0.01683782
0.0947731
0.02571822
0.00352384
0.03086903
0.02448946
0.04104299
0.06038885
0.01627261
0.04928972
0.03174057
0.0003771483
0.0247399
0.01497712
0.02628651
0.10416
0.001375953
0.0113469
0.02083165
0.05459962
0.03479312
0.004193954
0.007924768
0.06851847
0.01543029
0.04325908
0.01413081
0.05007807
0.03592889
0.0355028
0.02295315
0.04769516
0.05452358
0.009873939
0.01113941
0.03952561
0.009985987
0.01555657
0.005503233
0.001126743
0.03043255
0.004890024
0.02329098
0.0309778
0.01195649
0.0446995
0.002528031
0.005020066
0.02744019
0.01562686
0.005803372
0.02454729
0.0198273
0.0004645673
0.007257704
0.02395175
0.0002880106
0.0606169
0.009083398
0.005564143
0.01334972
0.03087143
0.02124327
0.03969698
0.01537509
0.01233439
0.002430372
0.03208182
0.007386112
0.01496141
0.03773098
0.006829335
0.05858499
0.03058871
0.01090658
0.03234162
0.01094864
0.01173618
0.04664099
0.05847029
0.02632505
0.03581927
0.0222817
0.005870667
0.002301197
0.02954309
0.01052752
0.01210489
0.01127879
0.01198492
0.02138616
0.00901612
0.003955632
0.02021517
0.04014663
0.01886361
0.008773572
0.07165748
0.0233791
0.03026948
0.005771155
0.03606401
0.0003045298
0.01112689
0.01456628
0.03359699
0.02332342
0.008981993
0.07457085
0.04419417
0.03694371
0.01057673
0.007077747
0.002855239
0.02098551
0.01854691
0.00721873
0.002007246
0.002259611
0.03111726
0.004110786
0.04914833
0.03381441
0.03530933
0.02687797
0.04618408
0.01778025
0.04048587
0.0133649
0.006174841
0.0440035
0.0255519
0.002969156
0.0146926
0.039002
0.01639082
0.008460573
0.0344206
0.02183917
0.0001606148
0.002396331
0.002319658
0.01002162
0.07435608
0.002775706
0.05492472
0.032915
0.02680366
0.04807762
0.02308794
0.03452958
0.03574178
0.004279184
0.01865324
0.00658398
0.03064455
0.05347887
0.02907173
0.01043506
0.01284763
0.01202136
0.04081913
0.06926299
0.02928666
0.04048956
0.001591868
0.03744312
0.0009651405
0.03129163
0.06682279
0.01180055
0.04434368
0.02617047
0.02347848
0.008641589
0.01169319
0.01753472
0.03149058
0.04426349
0.001203038
0.02028245
0.004815082
0.01559208
0.001733438
0.01864917
0.01775171
0.002932072
0.02101501
0.03617164
0.01114208
0.002260096
0.002876551
0.01378299
0.004838405
0.01923927
0.006372637
0.003113255
0.02600069
0.002860036
0.0416663
0.002746175
0.0177055
0.04920509
0.0167841
0.006008388
0.0242582
0.06953473
0.01636599
0.0546768
0.06631009
0.01595807
0.01057048
0.03859658
0.004262184
0.02970235
0.05058667
0.00951418
0.03941236
0.02826162
0.02002494
0.009805924
0.001084274
0.02675591
0.06078958
0.0393741
0.03893809
0.001686822
0.04339742
0.005033471
0.04832285
0.03535313
0.01875295
0.05532696
0.03434222
0.003276386
0.006942569
0.02670404
0.001217415
0.01212708
0.03134931
0.02187781
0.01787389
0.02547853
0.009674041
0.02989283
0.03133033
0.0006494198
0.04024036
0.03455853
0.06739667
0.03227099
0.05295168
0.01840489
0.02235447
0.04193866
0.01093516
0.0177495
0.02362178
0.006343146
0.01694059
0.01494388
0.001812628
0.02227809
0.01532208
0.005038887
0.005827036
0.02236674
0.001756684
0.0308725
0.04684827
0.03356692
0.02642894
0.004675715
0.05259292
0.05410839
0.0003601195
0.00467899
0.001362906
0.05531853
0.02300175
0.0001122231
0.04574978
0.02079782
0.004999026
0.06119766
0.01521949
0.02478823
0.006210521
0.005987266
0.02064367
0.01301595
0.006604292
0.02454227
0.002586335
0.004888138
0.01464911
0.05826344
0.00694268
0.006397551
0.08124795
0.03939639
0.007729073
0.01134059
4.15592e-05
0.0134646
0.05148955
0.01971582
0.02449809
0.006619186
0.03872081
0.03494377
0.01494312
0.03866974
0.03196527
0.000722549
0.04116395
0.002978652
0.01198117
0.01155742
0.00859723
0.04527267
0.02142504
0.05048098
0.01031156
0.01544171
0.03241084
0.01965301
0.03105772
0.03126433
0.06403599
0.05652221
0.02850546
0.02055484
0.02510256
0.008620941
0.001992071
0.02053565
0.02167919
0.001195979
0.006472765
0.0199017
0.01000832
0.0008915807
0.04016355
0.00414572
0.01558783
0.01569126
0.0159104
0.05135072
0.03665161
0.03077017
0.008421115
0.0137457
0.001568719
0.01090346
0.0218393
0.03631925
0.02800608
0.004560257
0.03548749
0.01077313
1.047418e-05
0.01286604
0.006695526
0.0001141194
0.003857865
0.03027398
0.04919089
0.01284983
0.01162818
0.004157751
0.02665077
0.005384186
0.01103847
0.04381711
0.05389379
0.008156181
0.05570547
0.02483598
0.02655596
0.03155156
0.005231647
0.051322
0.004870938
0.05682116
0.03392185
0.02241702
0.01735455
0.03615049
0.01174221
0.02568832
0.01674596
0.02544922
0.02401424
0.01943644
0.01953979
0.006619904
0.02561872
0.02800162
0.0005302193
0.001916881
0.04611437
0.0381432
0.02390698
0.02286614
0.9847723
0.003488872
0.9872542
0.967496
0.01556401
0.02086436
0.01864939
0.001653875
0.03776371
0.02436572
0.9621428
0.03826556
0.06487243
0.01090923
0.01392425
0.01508877
0.03117952
0.001770836
0.004901191
0.9868812
0.9405244
0.002223547
0.9670594
0.953009
0.9737623
0.9981202
0.001613457
0.02032172
0.9837223
0.0142783
0.977804
0.02234162
0.9863505
0.9703152
0.002589517
0.9886368
0.9897348
0.03570239
0.9406607
0.9430175
0.01102934
0.9779967
0.9653883
0.04536547
0.02566198
0.05920723
0.9513603
0.9838061
0.04916004
0.9733811
0.003260106
0.9481819
0.9794039
0.9880208
0.9621518
0.005409879
0.9941713
0.03002237
0.9836161
0.001532658
0.9885007
0.999708
0.9785029
0.9634632
0.944448
0.03821671
0.9868305
0.9756524
0.9910815
0.9998826
0.04603132
0.003956211
0.9625377
0.9902123
0.008700087
0.9883396
0.03166453
0.9791954
0.9634255
0.9684008
0.03112517
0.0204527
0.03700449
0.08371904
0.9999337
0.01790867
0.9882764
0.07353028
0.04520236
0.9363353
0.943818
0.9681072
0.9460126
0.01682069
0.01639337
0.03801969
0.02109756
0.02663076
