0.9800131
0.987098
0.3875066
0.3960508
0.5581329
0.4440191
0.9622778
0.9803823
0.6444112
0.9683042
0.5953649
0.6167857
0.02397095
0.003882945
0.004284408
0.9908373
0.9999754
0.3600567
0.616068
0.0002334919
0.02015314
0.53225
0.4022274
0.5554671
0.5961705
0.9732467
0.01570144
0.01697088
0.5967729
0.003189714
0.5586265
0.9212172
0.9506844
0.4152841
0.01700264
0.02087914
0.994777
0.6575095
0.5900805
0.5839213
0.6186505
0.03578939
0.5537675
0.632862
0.9807258
0.05604408
0.04312196
0.000685284
0.3738311
0.9471727
0.367591
0.4183653
0.9799722
0.4023791
0.4030609
0.9529991
0.007036527
0.0004486852
0.4132035
0.408267
0.9782426
0.3903267
0.958477
0.9767293
0.9831144
0.6279491
0.4175652
0.6088668
0.9889051
0.5793739
0.9569875
0.9756197
0.3964547
0.9299144
0.647776
0.4291538
0.007556392
0.3622218
0.6137689
0.01504581
0.3798172
0.008990555
0.02809632
0.02052831
0.385873
0.3483282
0.4158602
0.371724
0.6173544
0.6004594
0.01141093
0.3723168
0.6233948
0.0100651
0.4417922
0.97601
0.01164788
0.01155034
0.6192301
0.9691208
0.01190343
0.002180435
0.0505636
0.02062425
0.0008205163
0.0514031
0.003499175
0.02480665
0.07070904
0.02344905
0.01316168
0.03625444
0.03733201
0.02949426
0.04038142
0.0157434
0.008803622
0.03030473
0.02842209
0.007818206
0.05338664
0.00953394
0.01702912
0.0180445
0.04636371
0.06289592
0.06232585
0.001905623
0.0798712
0.0008140372
0.05511997
0.01584721
0.006019509
0.03120313
0.01610814
0.03613768
0.005104072
0.05446404
0.02676996
0.03691749
0.005868985
0.02120901
0.003301227
0.002588767
0.03757525
0.05214188
0.05740719
0.01416234
0.01969298
0.0213117
0.005792747
0.0004612499
0.04226658
0.009783103
0.0139502
0.01458379
0.05334026
0.008097699
0.04047285
0.05436858
0.01618297
0.01099756
0.02380713
0.04172572
0.0300999
0.02138849
0.02018598
0.04094726
0.006087349
0.008843911
0.02153435
0.01778818
0.02512114
0.0151476
0.03468028
0.003669748
0.02016155
0.01191276
0.03967609
0.03087231
0.02017039
0.00984423
0.026378
0.01303425
0.01380055
0.03997742
0.02557605
0.02860363
0.0004702367
0.05752268
0.005465155
0.01407066
0.05340718
0.008238677
0.02604522
0.01343677
0.01141221
0.02943631
0.01803558
0.01729005
0.0004772588
0.03819889
0.01984124
0.002201487
0.03245732
0.001907442
0.02142313
0.03731085
0.007866077
0.01971929
0.01719341
0.01889136
0.01577128
0.04622231
0.008709456
0.01820186
0.03002155
0.02745743
0.02193556
0.09218974
0.04308116
0.007051217
0.02033919
0.003209482
0.06542844
0.01920669
0.04269492
0.01971005
0.03674623
0.000250344
0.008497461
0.001449562
0.02470498
0.034805
0.01812461
0.01136332
0.0008119368
0.03260686
0.04520136
0.03317195
0.01572067
0.006877547
0.01121198
0.0004454419
0.068982
0.01087087
0.006551833
0.04609147
0.06537324
0.0006418148
0.002748002
0.02119409
0.02252331
0.007566467
0.03876188
0.03094946
0.03222242
0.0233239
0.08721974
0.003462469
0.01123197
0.03668147
0.0101465
0.00363047
0.01929948
0.01301567
0.006879182
0.01074621
0.009154691
0.002186391
0.04393444
0.001615986
0.05291748
0.03791505
0.01005434
0.0005008229
0.008771402
0.01558076
0.04826118
0.005322877
0.006208025
0.009105657
0.02835413
0.02346525
0.06366349
0.03815261
0.003393365
0.05931775
0.04208027
0.0216899
0.006669496
0.05461893
0.005967344
0.04283185
0.02704978
0.01653334
0.04739359
0.02908301
0.04058155
0.0310741
0.04060148
0.006621199
0.04488831
0.01647816
0.02549218
0.0329947
0.01043538
0.0127649
0.007352407
0.01510944
4.644128e-05
0.00707617
0.02713358
0.005518908
0.04429977
0.02193969
0.002045762
0.008582411
0.03577405
0.02025178
0.06901907
0.01566134
0.0003084608
0.03711204
0.01580776
0.01976995
0.0215324
0.0331255
0.008976354
0.02739447
0.002391497
0.06197359
0.006707539
0.02409811
0.03082212
0.06307158
0.0006731323
0.03266772
0.01766609
0.01669836
0.004888859
0.01660219
0.05943646
0.02869044
0.01720982
0.03195537
0.03385368
0.02331641
0.01943385
0.01219698
0.03425645
0.05243156
0.02346066
0.01266848
0.03119204
0.02690882
0.0002466561
0.02555488
0.009171213
0.01747029
0.01138748
0.03813231
0.02874554
0.05573543
0.05448441
0.005313915
0.01154634
0.01401566
0.02424823
0.006131135
0.01156784
0.03716368
0.01401634
0.003578896
0.07129844
0.02973973
0.02461619
0.0168948
0.02640689
0.006930928
0.002085614
0.04179166
0.01073738
0.02402423
0.04331065
0.01782388
0.0152412
0.06029892
0.008915458
0.01240573
0.05120921
0.05525743
0.004137902
0.01991066
0.01329279
0.008112719
0.002891946
0.069559
0.04511855
0.03296678
0.01137664
0.0176193
0.00482789
0.03043851
0.05394319
0.02319188
0.03320415
0.0307966
0.05008938
0.02474657
0.02067234
0.002525657
0.01563144
0.03990898
0.0097291
0.01810914
0.01130593
0.03625803
0.06229867
0.009895313
0.04716487
0.02556733
0.002080234
0.01126436
0.01572701
0.04441824
0.004076
0.03633256
0.01232415
0.01094825
0.02594037
0.003919868
0.01160239
0.02681615
0.007618617
0.02043417
0.03331178
0.06337279
0.003251641
0.004218341
0.03704452
0.02182392
0.01311231
0.03528515
6.866693e-06
0.02651234
0.0164954
0.01812519
0.03992063
0.002228139
0.02876275
0.02259497
0.03816257
0.0230113
0.05361148
0.01511833
0.01817687
0.02093837
0.06274945
0.03179809
0.05606146
0.002843391
0.0327153
0.003340595
0.02238165
0.01047368
0.008665969
0.06569709
0.01505929
0.01933629
0.02465799
0.00833442
0.02825243
0.02490167
0.01018328
0.01130644
0.00653485
0.02115428
0.02126585
0.03054977
0.008774179
0.01973155
0.03234798
0.02546889
0.006315435
0.05142012
0.008622638
0.008016929
0.02232405
0.006750593
0.01324434
0.00506166
0.04142452
0.04992404
0.05659212
0.007092111
0.03904529
0.02121693
0.008940476
0.04873203
0.04241009
0.009634159
0.00891994
0.02695011
0.03161806
0.0385982
0.02339624
0.03157244
0.05172695
0.05608489
0.03281089
0.01273712
0.05210739
0.08564067
0.01193925
0.006625912
0.0356697
0.01767768
0.01456209
0.02059674
0.009881536
0.01892563
0.0771694
0.02554056
0.01618596
0.02006883
0.05635428
0.04725306
0.0359557
0.01648888
0.03739551
0.01490894
0.002091871
0.05268775
0.04236906
0.02295738
0.008065044
0.03355738
0.003000181
0.01746278
0.003541219
0.004780878
0.0143034
0.01011662
0.01751456
0.02145488
0.01812806
0.02315434
0.01335907
0.0262383
0.005777266
0.01989994
0.03554655
0.05422046
0.02638277
0.006919539
0.02402681
0.009316777
0.001059432
0.08032068
0.00182478
0.02503804
0.02617124
0.00718248
0.01141792
0.04589243
0.04089172
0.001049288
0.007822451
0.01451483
0.008638982
0.009731458
0.03439488
0.04951345
0.001168668
0.02028608
0.004738585
0.01306065
0.06998515
0.04655956
0.01372413
0.005945449
0.01662918
0.009315472
0.009788965
0.03509011
0.00104175
0.008044503
0.01977859
0.02377025
0.02742612
0.0154942
0.02062575
0.02380715
0.00145363
0.001655183
0.01450937
0.03272422
0.03114968
0.02443853
0.0005441001
0.01451651
0.02859172
0.03784446
0.02298396
0.05354644
0.01309557
0.006017811
0.009061757
0.04958204
0.01880773
0.02228673
0.009032556
0.008800595
0.01623013
0.056875
0.03303885
0.0390688
0.008047628
0.003905005
0.03934583
0.01655118
0.004851972
0.02841503
0.03611774
0.023556
0.01884387
0.03641077
0.009769037
0.05746429
0.005088265
0.02927197
0.03603367
0.06312063
0.03554782
0.02971527
0.03076217
0.01405595
0.002176249
0.06284995
0.01292913
0.02709173
0.02788007
0.001959496
0.03782997
0.008280293
0.03244137
0.03771756
0.004206174
0.03091987
0.0336559
0.01048442
0.01308832
0.03067037
0.02336391
0.0460231
0.0250985
0.01601823
0.002915588
0.03314978
0.03352841
0.01092423
0.005214827
8.590029e-05
0.01339935
0.02994843
0.01619123
0.02151196
0.01442274
0.007316941
0.01051858
0.01990318
0.01861568
0.03143997
0.029785
0.00813074
0.03481916
0.02258283
0.002033567
0.0189862
0.006707505
0.0191034
0.002283706
0.02791805
0.03696626
0.02204541
0.01211303
0.0451426
0.04041535
0.04098899
0.007169374
0.004234545
0.03337583
0.02700227
0.004637591
0.02646792
0.0005442197
0.002212435
6.71872e-05
0.0697344
0.02834859
0.004060168
0.002581064
0.02997019
0.03630954
0.03894906
0.01874224
0.01606114
0.0001719343
0.003810744
0.0140707
0.04423084
0.02445275
0.04221564
0.0354272
0.05334983
0.01440204
0.02352432
0.01024736
0.03865192
0.016023
0.06529869
0.008652825
0.004789808
0.005737013
0.01263932
0.02721144
0.01217373
0.03013888
0.009504483
0.03757527
0.01758372
0.01956637
0.05656444
0.01647327
0.0380632
0.0568489
0.04840012
0.02105535
0.0482498
0.008409025
0.004579232
0.01797409
0.08403916
0.01490102
0.03107165
0.01164425
0.05364723
0.02029576
0.007966578
0.004370667
0.03232246
0.009463868
0.07581924
0.04558171
0.01291285
0.02557884
0.01780298
0.0009786473
0.01983288
0.06058103
0.02059239
0.02801077
0.06637047
0.02139276
0.003690388
0.02371883
0.05962213
0.0284742
0.03227489
0.03085921
0.05147772
0.03158215
0.002077711
0.03027441
0.01024132
0.04215763
0.01045997
0.03872441
0.01375113
0.01046697
0.04503615
0.001653486
0.04493453
0.09363881
0.04306446
0.02123018
0.02370886
0.02473206
0.02089697
0.001586394
0.0195954
0.005040461
0.03788854
0.0567146
0.0408962
0.01864355
0.04013513
0.01465734
0.02159311
0.005241758
0.00575083
0.002944645
0.004640863
0.005540943
0.04370225
0.0002210504
0.0627433
0.04549995
0.005454054
0.01821214
0.009628151
0.01387357
0.03071571
0.01793475
0.001012645
0.0236144
0.01712111
0.04070464
0.007930679
0.02204734
0.06440033
0.03303851
0.01470278
0.01468836
0.02841082
0.08832809
0.01115549
0.03412569
0.01606202
0.01150758
0.03126836
0.02336545
0.005532147
0.02547186
0.00872078
0.04617245
0.01607031
0.0195365
0.02060752
0.04430515
0.004501327
0.003530928
0.00721617
0.03223006
0.002511544
0.01566055
0.02567003
0.04232251
0.02427133
0.004052189
0.006647767
0.02703793
0.03542546
0.02969031
0.03454091
0.08163806
0.002769102
0.02740485
0.02122749
0.01921784
0.02319306
0.0001079712
0.01023034
0.008483798
0.03636132
0.02009029
0.0128314
0.001401888
0.0008197082
0.01279672
0.0463519
0.02020645
0.01701067
0.09854304
0.01112201
0.002550041
0.02677385
0.01049344
0.002475764
0.04611374
0.02402985
0.002847325
0.0121919
0.01111041
0.02639224
0.03367845
0.023405
0.004168574
0.0209847
0.0106858
0.002957777
0.02063416
0.00935899
0.003304234
0.002341236
0.04843833
0.01837257
0.01076024
0.09465205
0.01291152
0.008678392
0.04205714
0.04201134
0.02767331
0.01357766
0.05777708
0.01281518
0.06439631
0.0004098424
0.01120229
0.04644683
0.05198026
0.0195603
0.01132136
0.02840979
0.03008674
0.01601272
0.008286983
0.04313206
0.02834632
0.01894107
0.002074684
0.003542084
0.01261215
0.007318144
0.01128762
0.03665462
0.01432006
0.03599999
0.01330437
0.0006217062
0.04739669
0.02247271
0.05329921
0.008328688
0.01184436
0.01927408
0.03899366
0.007363876
0.002419146
0.004585869
0.04879744
0.006463101
0.006769496
0.005362952
0.005274544
0.03527433
0.01279555
0.04811034
0.004005216
0.0006898672
0.01125401
0.02421392
0.02220956
0.03713573
0.02988178
0.07988045
0.004114977
0.02699553
0.03842059
0.02267823
0.03887023
0.02214618
0.0496953
0.06569973
0.00777415
0.02589105
0.01894921
0.01832653
0.02901552
0.02541291
0.02360345
0.006164093
0.03295817
0.001671893
0.03088523
0.007584527
0.0331992
0.00111627
0.01923887
0.03908982
0.05235388
0.008993448
0.0107064
0.02120042
0.004109286
0.004017924
0.04584796
0.04427549
0.02641836
0.03562875
0.04348944
0.01893843
0.001270337
0.0069283
0.04974517
0.01687789
0.04027198
0.005754791
