0.012581
0.9858455
0.004115979
0.9867446
0.01014861
0.9269461
0.01425247
0.9922732
0.03280983
0.9762478
0.02218694
0.03312448
0.01637402
0.9731555
0.9920342
0.05654001
0.9671001
0.9506697
0.005772096
0.03010006
0.07558201
0.0002186601
0.01613951
0.9466246
0.9214509
0.01987342
0.03304053
0.9894955
0.9956376
0.9914099
0.006444305
0.9574622
0.9663888
0.9958943
0.9752291
0.0221336
0.02727669
0.05785202
0.9854648
0.01469705
0.005451208
0.9941403
0.9808895
0.03490254
0.01774885
0.01020671
0.01432198
0.03089428
0.9513959
0.01159943
0.04028382
0.9720232
0.01141024
0.9826833
0.0155756
0.9400556
0.006579794
0.9797774
0.9776587
0.01443178
0.9767064
0.9680364
0.0047328
0.02520391
0.06194713
0.05384637
0.9782561
0.999477
0.9804631
0.9651455
0.02965025
0.0130468
0.9864627
0.009512569
0.9987629
0.9964561
0.04424409
0.970048
0.9882467
0.007651738
0.9492994
0.02836151
0.9917451
0.02453738
0.9943193
0.9326436
0.9992366
0.01853286
0.03279836
0.9515011
0.9893876
0.9560896
0.03522068
0.008998875
0.01101138
0.008820104
0.9925417
0.02106263
0.02013279
0.9921627
0.02941984
0.07649401
0.03597882
0.07064937
0.9413671
0.03602099
0.01317999
0.9846503
0.976457
0.0147132
0.9889339
0.9331625
0.9937689
0.9825019
0.9710536
0.002885914
0.04551164
0.9801146
0.007003827
0.995631
0.972026
0.9542419
0.966256
0.9697082
0.02956926
0.006301572
0.9772154
0.9683016
0.9928269
0.9512478
0.9973745
0.9934269
0.03819032
0.0003086054
0.009168965
0.9894317
0.01684813
0.9759205
0.9837567
0.01991867
0.03208528
0.9591409
0.03767481
0.01183189
0.02580471
0.9709808
0.9877645
0.9682839
0.9707763
0.02202365
0.06064264
0.9752169
0.04319151
0.03788942
0.02561723
0.9744474
0.9903237
0.02154885
0.02119278
0.03605935
0.03452118
0.9609516
0.01642129
0.0170858
0.9972169
0.05693068
0.04956443
0.01333709
0.02901296
0.9520632
0.01520635
0.983892
0.9742123
0.0008775795
0.03977979
0.02178491
0.003952726
0.9491232
0.05283484
0.01280845
0.976962
0.007294011
0.9887573
0.02202872
0.9834769
0.03694091
0.0343576
0.02662346
0.9984273
0.01680375
0.04037798
0.9690285
0.03492162
0.06138282
0.0240718
0.003967199
0.9549982
0.9853088
0.9947399
0.9676611
0.009276797
0.9771403
0.9744616
0.9761189
0.9821018
0.9875251
0.9969783
0.02707958
0.03350338
0.9730491
0.9575629
0.05421096
0.06678861
0.02946631
0.9867695
0.9504911
0.01987037
0.06874492
0.9875528
0.9991843
0.9817284
0.01076882
0.0228474
0.9865982
0.03096471
0.04391982
0.03500719
0.9963101
0.005824656
0.9886926
0.9910811
0.007795706
0.04410655
0.02084983
0.04531087
0.9817658
0.04239523
0.9947556
0.9526648
0.9887557
0.08420488
0.9743304
0.02816734
0.01600446
0.03748055
0.006308873
0.9495943
0.9996336
0.01600773
0.978979
0.02942709
0.006388065
0.9614497
0.001077381
0.9826841
0.9918336
0.03398065
0.9795099
0.002824299
0.03016938
0.02938406
0.9308033
0.02357998
0.01364233
0.9959091
0.9298184
0.962358
0.05169602
0.9732668
0.05879617
0.001111775
0.9919845
0.960523
0.0171833
0.937038
0.992097
0.03085384
0.01334292
0.01450552
0.02041991
0.008271625
0.0057746
0.01480064
0.9991099
0.02096246
0.9807062
0.9947063
0.01201536
0.9935489
0.9973966
0.9879134
0.9523501
0.01530724
0.01854698
0.9871546
0.01193823
0.9512208
0.9887881
0.9697608
0.04127034
0.9737902
0.9591057
0.9966402
0.02659621
0.9748105
0.01160613
0.005985153
0.02651458
0.988273
0.9656754
0.04656522
0.9945242
0.9918275
0.01325199
0.9932549
0.964506
0.9824682
0.01777059
0.9917099
0.9332593
0.01158833
0.01875065
0.0777748
0.9738122
0.002496153
0.05837663
0.008258852
0.03414319
0.9906076
0.9816938
0.9569239
0.01304947
0.03621957
0.9920002
0.001327977
0.9864235
9.138986e-05
0.9569211
0.9800071
0.9737043
0.01716747
0.9969645
0.9552635
0.9960698
0.04720167
0.03734468
0.02866651
0.004916251
0.9990258
0.05473301
0.9611611
0.0167106
0.9797613
0.9404572
0.005424279
0.9686011
0.03368612
0.02307216
0.9570724
0.9584283
0.01689742
0.9899077
0.9881877
0.9624626
0.04653789
0.00126328
0.005224406
0.9167909
0.01410457
0.9889153
0.998299
0.9889109
0.9703474
0.8725043
0.002603328
0.9969481
0.9959063
0.9848312
0.9861426
0.01516873
0.05084381
0.9870331
0.02915109
0.9967531
0.00638533
0.9475705
0.006191713
0.959257
0.004276512
0.02752952
0.9745653
0.9794058
0.05022972
0.9654468
0.03203074
0.9622159
0.9754597
0.007215186
0.05004385
0.9963126
0.9639459
0.9940531
0.03553145
0.04302241
0.004167764
0.9354785
0.982329
0.05052945
0.9682845
0.9787172
0.02955859
0.03188561
0.0124683
0.0005822354
0.01885498
0.9389261
0.9840904
0.9840397
0.9548452
0.9777766
0.02766957
0.04285251
0.01817195
0.9882304
0.003833735
0.01623673
0.971249
0.001211659
0.9359767
0.01385857
0.005805567
0.9686959
0.04858201
0.01330456
0.0040636
0.01811357
0.01383104
0.9680357
0.9801072
0.9800465
0.05047014
0.03194366
0.9340877
0.03915142
0.9797673
0.9866653
0.9777149
0.003808984
0.9495551
0.01039064
0.9868094
0.9742801
0.9677287
0.004764101
0.9791625
0.001976614
0.01805307
0.9981391
0.02783726
0.9686398
0.9445073
0.01554346
0.9637791
0.001326346
0.990712
0.9935545
0.9718099
0.003509494
0.03675074
0.9566561
0.9914464
0.9967821
0.9660575
0.9620859
0.03493399
0.9998057
0.05608518
0.01824636
0.005659335
0.9752605
0.9800144
0.9564454
0.03092722
0.9882739
0.9900454
0.9785031
0.9893296
0.007060475
0.9436282
0.005763052
0.02631249
0.02242058
0.9688623
0.01917455
0.9571383
0.01422624
0.9403446
0.9547715
0.01207416
0.005364744
0.02663861
0.008068118
0.00978419
0.02770495
0.01507516
0.009408303
0.0454158
0.03837451
0.01904135
0.008207235
0.04228171
0.08499658
0.02531104
0.02996241
0.03264516
0.02686946
0.0932999
0.06987722
0.04812247
0.04415948
0.01765666
0.01258784
0.001533009
0.007217631
0.06485366
0.03307599
0.002274932
0.01221117
0.02775713
0.03656502
0.04050591
0.0514031
0.01358396
0.01416746
0.005279125
0.004093699
0.006035882
0.01623578
0.008802624
0.03115299
0.03474214
0.0009310315
0.001374427
0.01492104
0.01500996
0.02783502
0.01371276
0.06549509
0.01131666
0.04633515
0.05789714
0.01539016
0.04569703
0.02336933
0.06720279
0.01295734
0.01489529
0.01486833
0.03629753
0.01095105
0.04457245
0.02019382
0.02090275
0.00700857
0.03999941
0.04449824
0.01523799
0.02565943
0.002740643
0.002647537
0.004899045
0.02905074
0.0001717517
0.06347331
0.0248733
0.02580265
0.02955275
0.009244677
0.03034482
0.02070657
0.02198273
0.01269051
0.009734622
0.003396001
0.05500188
0.0142483
0.001806849
0.03585366
0.03362994
0.007279411
0.003125383
0.02343264
0.02669089
0.03955375
0.06526276
0.02663197
0.08620364
0.01765333
0.03146121
0.03600053
0.04566643
0.01134488
0.08583025
0.01771953
0.001909708
0.01664971
0.002627261
0.008465703
0.04380593
0.0047594
0.02387149
0.02510043
0.01246239
0.007038509
0.06971203
0.01651868
0.01815739
0.01922026
0.01933276
0.01361432
0.02272853
0.01691669
0.04022752
0.01227678
0.02226529
0.02706182
0.01954136
0.02188649
0.05191967
0.05141899
0.03356006
0.008139991
0.008063225
0.002165854
0.04903083
0.02398258
0.02306721
0.001792884
0.03764032
0.003156362
0.008165871
0.002445629
0.004327176
0.01426374
0.02633578
0.02278895
0.0008408135
0.007859573
0.01418832
0.04275637
0.01843155
0.02461021
0.01620412
0.008688514
0.008572385
0.05032747
0.0415168
0.01810061
0.04843417
0.01484646
0.0007647891
0.01193407
0.0424905
0.005359579
0.01054563
0.0138857
0.005624919
0.05036849
0.02459532
0.0193953
0.008451488
0.02860939
0.01186972
0.03960652
0.01265454
0.01376848
0.04985528
0.03294054
0.03779021
0.008958719
0.01414484
0.06605733
0.03671394
0.05442991
0.02300124
0.01305229
0.05456094
0.005806864
0.01801624
0.01975278
0.04170737
0.006436202
0.03168385
0.01635915
0.01797312
0.05752725
0.0356269
0.04208691
0.01303847
0.03697361
0.006716512
0.009666631
0.01066908
0.01826906
0.02727831
0.03555315
0.004627667
0.01435005
0.01000176
0.04626477
0.02897695
0.01990631
0.0292129
0.001349247
0.01603436
0.0006281463
0.009909497
0.03103446
0.08909563
0.0136793
0.03316662
0.008063698
0.00256484
0.002310826
0.0373979
0.0234877
0.03997009
0.02757912
0.00707655
0.01834839
0.0141662
0.02793325
0.002869175
0.03063791
0.03440825
0.01363935
0.02679635
0.01790215
0.02070596
0.02256089
0.03015053
0.0289181
0.003251727
0.02721139
0.03392937
0.04407715
0.008112045
0.0189325
0.01762535
0.002604188
0.01030934
0.05300913
0.001574513
0.04350094
0.02375186
0.01058663
0.03723204
0.03945895
0.01639311
0.01454736
0.04928074
0.009266114
0.03636672
0.0159376
0.01831375
0.03500853
0.009235363
0.04342357
0.04699962
0.01203289
0.02863846
0.03011111
0.02689664
0.0003479954
0.01688803
0.05200855
0.0186952
0.01210242
0.009832253
0.00576071
0.006230447
0.02137798
0.005104318
0.006584555
0.04152412
0.01017515
0.002891394
0.01347086
0.0184169
0.007526589
0.03445093
0.0228566
0.0008945685
0.04015815
0.0410441
0.02564449
0.004903914
0.01294935
0.03320414
0.01756232
0.01280236
0.0188755
0.003996452
0.03910908
0.02834546
0.02401218
0.01058927
0.01273383
0.002153111
0.01448057
0.0253809
0.04693372
0.02516205
0.06547698
0.0138401
0.04524612
0.01292307
0.02211787
0.0004431011
0.03549656
0.003895712
0.008914002
0.01837925
0.001986359
0.002006696
0.01940587
0.02536193
0.009971862
0.04718366
0.01344716
0.06391987
0.01125089
0.01159436
0.02153418
0.02585899
0.01573044
0.02853307
0.00964145
0.03970726
0.007255033
0.05080528
0.04419886
0.005847486
0.03891089
0.0117477
0.01886005
0.03066066
0.00521207
0.0766516
0.05168299
0.007403599
0.04777919
0.007001532
0.0006663456
0.01493729
0.009323883
0.01734641
0.02316793
0.04191961
0.001546861
0.008727079
0.01257655
0.01823695
0.02767589
0.02736252
0.04884336
0.02202616
0.01252642
0.01388657
0.0180031
0.01831542
0.01605517
0.05563712
0.009899398
0.00850972
0.00616137
0.03107916
0.01649587
0.08121963
0.04940806
0.06618395
0.04826076
0.01260974
0.005281087
0.01018319
0.04030344
0.02945579
0.02231715
0.01674712
0.04212271
0.01162773
0.04479633
0.008887786
0.002651864
0.04734657
0.02736855
0.00511437
0.01573789
0.03931244
0.01255417
0.05995659
0.01267294
0.04322462
0.02952562
0.03966097
0.02259704
0.02410767
0.04675277
0.008830684
0.02880713
0.03425533
0.002344549
0.02428944
0.026385
0.02843857
0.004777263
0.03447784
0.006673721
0.001712092
0.01497585
0.01666987
0.01645862
0.009720861
0.007737611
0.02184158
0.01111927
0.01252875
0.02876181
0.02132696
0.02883478
0.03261948
0.01809659
0.01134065
0.01362315
0.03381783
0.0125295
0.04615707
0.004815301
0.0462624
0.02589495
0.01888717
0.06957373
0.01425463
0.01476677
0.001566048
0.04972337
0.002381489
0.02568042
0.01905599
0.02359792
0.02263126
0.02619964
0.02328834
0.0008866479
0.03334471
0.07862762
0.0394646
0.04557788
0.0217274
0.01202579
0.01123444
0.03413399
0.009231923
0.01647134
0.02569723
0.02139039
0.03205234
0.01741097
0.02268167
0.01053635
0.0145201
0.02379701
0.001468068
0.01014276
0.001572627
0.03443906
0.01486295
0.002234113
0.02061483
0.05164937
0.03091878
0.02578798
0.03454718
0.007644037
0.006132386
0.01751789
0.03103514
0.02846993
0.004247418
0.02954999
0.007930983
0.03078574
0.01763474
0.02015661
0.02213409
0.002913253
0.01909097
0.05043748
0.0224717
0.04859989
