0.06072089
0.968009
0.008394311
0.9384146
0.4492511
0.9729382
0.4760644
0.4751889
0.4697735
0.02375576
0.4750671
0.9822879
0.4890929
0.4834268
0.0109246
0.9951442
0.01768966
0.4971954
0.4880168
0.969284
0.9932685
0.9640999
0.0127527
0.0440523
0.4749899
0.544506
0.9501367
0.9908846
0.01835814
0.0009683356
0.9575873
0.4784155
0.004937105
0.9837747
0.01334666
0.9937337
0.9789857
0.00593237
0.01308094
0.02108263
0.9709606
0.9893433
0.9913676
0.01392737
0.9923279
0.5287972
0.9680602
0.9522215
0.4994984
0.9100873
0.06400562
0.4770085
0.03045
0.4759069
0.5047493
0.07077168
0.9823166
0.005515778
0.485009
0.009040154
0.4870219
0.9956169
0.4926783
0.9955463
0.05072981
0.001970697
0.0009705732
0.9734798
0.02670088
0.4836551
0.9996537
0.9931299
0.9559746
0.0141122
0.4988857
0.515589
0.9841715
0.4706444
0.520233
0.4875292
0.9935572
0.5298933
0.9757987
0.5092524
0.4804637
0.9611505
0.04487534
0.9879963
0.5171114
0.0116689
0.03687539
0.9696225
0.9958603
0.02160054
0.9855632
0.9587927
0.4654371
0.5247303
0.0332959
0.4787368
0.9820765
0.5112276
0.01190607
0.9677356
0.9660843
0.5021596
0.5108695
0.950287
0.988762
0.9846173
0.03803193
0.04825144
0.9799651
0.5135664
0.03686393
0.002975089
0.523403
0.478386
0.9982012
0.5069614
0.02659127
0.01080774
0.5009591
0.9697676
0.5321949
0.5171444
0.9523593
0.08389166
0.9698521
0.9923319
0.4847001
0.5169114
0.4804859
0.9807619
0.04607448
0.0230594
0.01580454
0.4885984
0.01047626
0.02788306
0.9900839
0.4915207
0.01333732
0.5309204
0.0678924
0.007455891
0.5407522
0.4956627
0.03415772
0.01198521
0.5113978
0.04276868
0.9839886
0.03554886
0.9929328
0.4896857
0.9569999
0.9630571
0.9438265
0.5318685
0.9451384
0.4579535
0.968433
0.5506727
0.4893308
0.9654184
0.01267647
0.9564756
0.9981768
0.02623196
0.4479966
0.5332085
0.4962793
0.004227551
0.01625604
0.01280857
0.4457498
0.45946
0.4919966
0.031256
0.9934696
0.9793822
0.9835978
0.03928085
0.4966215
0.006609345
0.02523853
0.01483087
0.9945285
0.4791467
0.5326706
0.5024638
0.05320381
0.002656262
0.01187696
0.987095
0.02525708
0.9824253
0.9812887
0.4855191
0.9893699
0.01091376
0.004309685
0.0361481
0.9572837
0.9985144
0.002837555
0.5296963
0.4945254
0.9342953
0.9834824
0.992904
0.006304653
0.9981048
0.516954
0.03949291
0.9610161
0.03045729
0.02857086
0.9789196
0.5443537
0.9923366
0.02682459
0.5559057
0.005024529
0.0007902265
0.9811474
0.9436712
0.9676253
0.5207617
0.4840531
0.02634345
0.01725754
0.983445
0.019104
0.5230756
0.979019
0.9829886
0.06614709
0.4785934
0.001210461
0.008256365
0.5196084
0.5246609
0.5525169
0.5371251
0.5527527
0.4879608
0.4947603
0.005330544
0.9643133
0.9915747
0.51424
0.5053223
0.5242309
0.9749275
0.5758077
0.01507456
0.943457
0.9427339
0.4994029
0.9974367
0.03786655
0.4867618
0.4689437
0.005662842
0.0576147
0.02628499
0.02845052
0.4928227
0.43457
0.9896285
0.4795628
0.9739135
0.9551745
0.9495071
0.9712244
0.5250631
0.9950005
0.4861739
0.06180248
0.4598413
0.4739801
0.9792806
0.9897027
0.4805283
0.9996847
0.008116648
0.4552164
0.9702771
0.02278725
0.4703233
0.5053358
0.4793977
0.02558445
0.5220911
0.4756512
0.5390151
0.9802693
0.008880897
0.9844861
0.9976521
0.0145315
0.5066766
0.4573431
0.9446025
0.5163566
0.01792744
0.9995029
0.4776354
0.0102692
0.5131389
0.01164637
0.5154238
0.5069924
0.5394583
0.5097731
0.0200106
0.53323
0.999077
0.5292109
0.4709728
0.9628424
0.9509617
0.0309533
0.0411138
0.9592266
0.9683058
0.5505552
0.9810498
0.4750413
0.5076023
0.001335753
0.01573632
0.4663182
0.9453589
0.9756239
0.9877416
0.02871531
0.5213058
0.9380935
0.06073928
0.01470373
0.979271
0.5209787
0.5235674
0.9703023
0.04374113
0.9837811
0.04505185
0.9691548
0.01547807
0.5331061
0.5092261
0.4918314
0.0003063474
0.9740786
0.006983553
0.9835978
0.5000985
0.9656643
0.01673562
0.01747274
0.4632142
0.03624284
0.9889207
0.9983574
0.001680827
0.01616973
0.5310598
0.9708243
0.05577973
0.000243611
0.007708949
0.5216833
0.529555
0.4976495
0.4787901
0.03763077
0.5080498
0.480856
0.4948115
0.9591763
0.01232332
0.9660604
0.4865978
0.01688065
0.960287
0.9929432
0.5000741
0.5059302
0.5332129
0.5303833
0.9790369
0.4847619
0.9564892
0.4953745
0.5344104
0.02061851
0.02820545
0.5350349
0.4726973
0.5544066
0.4821242
0.008012719
0.9872991
0.492758
0.00588264
0.05755899
0.02754958
0.009131061
0.001962055
0.006937935
0.9724329
0.002393932
0.0489235
0.01353315
0.9507358
0.004605813
0.5283905
0.04306873
0.4667349
0.4872558
0.01166227
0.01321291
0.01369032
0.4748035
0.4671003
0.01430045
0.03637114
0.4260025
0.4775184
0.0444672
0.4517311
0.9724366
0.9924554
0.02273176
0.02858518
0.5306697
0.001066049
0.9919836
0.97382
0.5215971
0.9696538
0.05239182
0.5774113
0.05204822
0.01333858
0.5296488
0.0201453
0.514116
0.02226561
0.996753
0.4895016
0.50434
0.9431715
0.9882553
0.4499317
0.009598589
0.04910659
0.4363639
0.5367048
0.9782132
0.02939933
0.005079504
0.5305797
0.5026298
0.5223707
0.002516639
0.01726847
0.0009846038
0.4918299
0.01264495
0.042583
0.9977286
0.9832074
0.4809751
0.4932211
0.007328242
0.9932495
0.04021887
0.01920777
0.9526498
0.9793134
0.02102427
0.5208213
0.9959841
0.04064965
0.9408908
0.9987413
0.9332422
0.00362953
0.0117055
0.9926048
0.9907783
0.08513878
0.02612537
0.9759774
0.9801295
0.4929264
0.545491
0.9902636
0.9718537
0.01094788
0.9929814
0.02911572
0.01665574
0.0649965
0.01373062
0.9808981
0.9608768
0.5505002
0.001929904
0.9575523
0.9698108
0.4938406
0.4734042
0.9965281
0.4906736
0.01749395
0.460444
0.9211662
0.984264
0.9986256
0.02762393
0.9423583
0.04380934
0.5141638
0.962141
0.9780052
0.01655614
0.0250217
0.5203031
0.9907261
0.008259187
0.9128132
0.04788626
0.9947249
0.0359175
0.5287915
0.0264897
0.4750301
0.4549777
0.9977669
0.4780545
0.5278933
0.4697799
0.008282389
0.02188175
0.9886082
0.04221847
0.5007322
0.4585932
0.473869
0.5318224
0.9552747
0.9906436
0.4896153
0.509226
0.9687241
0.005778525
0.970313
0.5180667
0.9621281
0.9492767
0.004625298
0.9808645
0.9983623
0.008267946
0.5443164
0.02767833
0.996293
0.9430774
0.02981317
0.01032367
0.04058716
0.04086615
0.02068745
0.9747865
0.955924
0.5213012
0.5034033
0.5133724
0.0103881
0.4898843
0.9987055
0.991792
0.5725089
0.508069
0.07845796
0.005256227
0.9829008
0.9787601
0.5226316
0.002529149
0.5266177
0.05073907
0.0240695
0.03138021
0.9486201
0.02346706
0.02329053
0.02916416
0.9507042
0.9977657
0.4996112
0.478694
0.9490973
0.01202541
0.9878693
0.9772021
0.04400897
0.5451557
0.9919101
0.9692399
0.01918448
0.9974618
0.521509
0.4924973
0.9879092
0.5400307
0.009548836
0.0443394
0.007780463
0.9445337
0.5069768
0.4919979
0.04251411
0.50122
0.4812437
0.468215
0.01268828
0.5153898
0.9892198
0.508277
0.008949846
0.5316835
0.03964943
0.9369945
0.9816995
0.03068764
0.004031812
0.02353283
0.01864278
0.07275673
0.9929185
0.5014816
0.4961718
0.01225501
0.01936001
0.9739893
0.001107816
0.5286188
0.5472539
0.452379
0.9933393
0.01162127
0.5183371
0.5036537
0.4589935
0.02681213
0.9863013
0.002784681
0.502936
0.9638299
0.501341
0.9963138
0.943551
0.0465095
0.004540768
0.01430901
0.9910617
0.9331185
0.4851812
0.02198891
0.9756304
0.9929795
0.0245638
0.976709
0.9532965
0.0007939064
0.005998065
0.4498438
0.9828723
0.0007311367
0.0008154153
0.02379889
0.9588289
0.4808873
0.9889659
0.515131
0.4783899
0.4901321
0.9962176
0.4197894
0.9767063
0.9898877
0.9895537
0.005972679
0.4987856
0.9857393
0.006906658
0.985042
0.01868646
0.02169979
0.003215793
0.4989018
0.03607065
0.966388
0.0235471
0.4554543
0.5885019
0.05241122
0.9668116
0.9639634
0.9986187
0.003357325
0.533608
0.9843923
0.007133817
0.4989904
0.04362292
0.001947787
0.4607513
0.9976373
0.00070266
0.4880311
0.5141647
0.4753289
0.005699053
0.016229
0.4865632
0.9621811
0.03776154
0.924163
0.5264896
0.4628224
0.4942007
0.9790337
0.005751768
0.9952618
0.5381018
0.9910354
0.9763032
0.5292384
0.9770864
0.9964174
0.9971746
0.9703896
0.506558
0.514644
0.03199944
0.005030163
0.4926107
0.003424622
0.986114
0.01969619
0.4754631
0.5071605
0.9527396
0.02661613
0.06878032
0.9917022
0.02522068
0.03968563
0.9503827
0.9903029
0.02044044
0.5343165
0.994698
0.9891798
0.5083528
0.9961704
0.03999162
0.04227823
0.9688386
0.967283
0.5047931
0.4855615
0.4932598
0.5231668
0.02540535
0.05342489
0.002657843
0.9764111
0.4447078
0.03312197
0.9455305
0.9849595
0.965503
0.9473557
0.4966553
0.0005376591
0.05212904
0.9453089
0.01330718
0.9370657
0.9665228
0.4461575
0.4900304
0.01827029
0.5218913
0.05143209
0.5291181
0.9924709
0.9856885
0.9678882
0.4838579
0.9989414
0.5212296
0.04543908
0.03478418
0.9984668
0.9682532
0.003334254
0.4794518
0.4661799
0.9762561
0.494654
0.4902022
0.5232004
0.5354618
0.04803825
0.02548636
0.4349218
0.9826607
0.01027859
0.5083632
0.005427875
0.9908036
0.9881023
0.5579512
0.437825
0.9618813
0.02092896
0.09096096
0.9680953
0.9574324
0.9906024
0.9865838
0.9593312
0.001144801
0.9983023
0.4478013
0.9745463
0.004171224
0.9962003
0.9977703
0.4992606
0.9827442
0.9731287
0.4884839
0.4799883
0.9921794
0.5825499
0.9218309
0.01457833
0.9909449
0.9863255
0.03021439
0.9975727
0.980328
0.5136792
0.981606
0.4635861
0.9781351
0.9780418
0.015259
0.465811
0.4899833
0.04055216
0.02410447
0.01127915
0.9650321
0.9532602
0.9806478
0.9784582
0.006773718
0.9657207
0.003306755
0.02595193
0.4549913
0.4573127
0.009198273
0.5421164
0.06312366
0.01599049
0.4444607
0.001899825
0.000998643
0.02088936
0.966764
0.5592737
0.01237812
0.4927397
0.03320826
0.9974579
0.5258581
0.5418692
0.9918073
0.005597952
0.01618199
0.00854916
0.01831042
0.01538051
0.02769151
0.0323064
0.04936972
0.02987363
0.01072747
0.04020883
0.02406897
0.002648361
0.03157725
0.02199098
0.006465188
0.05077515
0.009984434
0.02088377
0.03939817
0.05464466
0.04565069
0.02578991
0.02174367
0.01686744
0.0227214
0.01164292
0.03587341
0.00211651
0.009359734
0.06087221
0.006433444
0.03968576
0.03279041
0.01110335
0.02202797
0.03499438
0.003552914
0.026299
0.0253511
0.007378489
0.0112572
0.009127331
0.0148256
0.009506465
0.01482095
0.06107273
0.0514641
0.006559313
0.04307106
0.02205821
0.007538076
0.008129264
1.182293e-05
0.04494542
0.02325167
0.06640777
0.0008634295
0.03585324
0.007825277
0.05629332
0.01812535
0.03314226
0.07553654
0.0423329
0.05457608
0.003987358
0.020189
0.002053549
0.01320431
0.003742115
0.06785632
0.06256292
0.02764795
0.01336185
0.005921918
0.003063593
0.03098098
0.01310348
0.02643318
0.0003007059
0.03787319
0.03428565
0.01404337
0.01482648
0.01288106
0.0007615371
0.04104723
0.0216285
0.01456389
0.001864638
0.04274361
0.002819702
0.01593216
0.001534131
0.01691805
0.04953045
0.02292718
0.03746685
0.00995514
