0.9462972
0.9645876
0.9627009
0.4557905
0.4217133
0.9743647
0.3740734
0.4060667
0.3970907
0.3939477
0.6349821
0.6343885
0.6195011
0.009249845
0.6168115
0.5719334
0.4275244
0.6688963
0.02358433
0.6144035
0.5478097
0.01842669
0.5369797
0.9635517
0.4314544
0.6145055
0.9809643
0.9986964
0.9661609
0.005449311
0.9830873
0.575269
0.9970299
0.4084399
0.01157083
0.3733649
0.3975934
0.9859922
0.01642817
0.9948112
0.01089362
0.6093395
0.5708987
0.02366854
0.3947238
0.6240355
0.03295329
0.01046757
0.9865408
0.4442174
0.9894021
0.02564679
0.9717039
0.3782231
0.5761011
0.923698
0.5980722
0.02446909
0.3729894
0.005085998
0.9913656
0.9668465
0.5446915
0.5606108
0.9816178
0.4147442
0.5948801
0.3407604
0.002621422
0.02342888
0.6205096
0.4100525
0.5894572
0.005473794
0.9562611
0.9639936
0.005347156
0.6142702
0.3738546
0.03084838
0.03528431
0.0335235
0.01080874
0.3946198
0.632679
0.5824325
0.02149451
0.01353955
0.6639086
0.5869212
0.593761
0.5906735
0.4366824
0.05018305
0.3739935
0.3995711
0.01553036
0.5914499
0.6317723
0.9787777
0.431306
0.0373256
0.607913
0.4208921
0.4119521
0.9852651
0.002532303
0.6400368
0.9837599
0.9910037
0.4106353
0.00900662
0.9935062
0.9793077
0.02307393
0.9965093
0.005479262
0.4111169
0.0593889
0.6026856
0.0146941
0.9513852
0.4077806
0.06983107
0.004353378
0.3964065
0.5873357
0.6409857
0.4510701
0.3874402
0.9646918
0.6281111
0.9964472
0.4094549
0.01489008
0.9741611
0.1102491
0.01891833
0.02855322
0.4382312
0.05322857
0.006201117
0.3289932
0.9620697
0.4357289
0.9775093
0.3914484
0.9627598
0.04190836
0.3768861
0.6073784
0.4200342
0.974154
0.02323965
0.9853553
0.5082988
0.5817167
0.6136543
0.0439561
0.9631034
0.3285429
0.6160084
0.5461327
0.5688534
0.9781715
0.589764
0.6426728
0.6196996
0.4111478
0.9818722
0.01410781
0.9964138
0.6077228
0.406652
0.9976201
0.9865779
0.4247449
0.9681774
0.3941454
0.0268744
0.6005968
0.967453
0.5954944
0.978755
0.3754559
0.000944431
0.4530182
0.01606759
0.4117108
0.05733948
0.4148979
0.933135
0.04965548
0.02167462
0.3410122
0.00586546
0.586118
0.6076635
0.001516672
0.5680106
0.9878324
0.01621115
0.9789883
0.5966747
0.9721886
0.9742303
0.6286638
0.45255
0.9281799
0.3987071
0.9852247
0.3823826
0.4280597
0.987874
0.3965288
0.5716321
0.5484207
0.6350284
0.6280998
0.4030747
0.6223168
0.02166014
0.5975403
0.6711302
0.007872769
0.3852346
0.3980133
0.9682562
0.3449565
0.5884849
0.9893187
0.4176425
0.5631491
0.5703881
0.6081276
0.3944274
0.9972898
0.04087631
0.6009511
0.3972887
0.421536
0.9512439
0.9809971
0.9788019
0.05212458
0.003167602
0.01307775
0.4376867
0.9928308
0.03022916
0.993183
0.6498666
0.05148033
0.688424
0.4644626
0.3662542
0.4502244
0.6336956
0.6238111
0.4227558
0.0347997
0.02594127
0.6382808
0.5832511
0.6211549
0.9710132
0.9953098
0.05853714
0.5700938
0.01312604
0.0002031481
0.5917679
0.617167
0.9750186
0.5639308
0.02247588
0.3998916
0.5751611
0.03743832
0.9983014
0.9845907
0.4170856
0.6243424
0.03202568
0.4175706
0.0242197
0.03404391
0.01787956
0.5877813
0.579676
0.9669884
0.3427129
0.9921858
0.627181
0.5912158
0.9494163
0.009319569
0.9943105
0.5415404
0.4212149
0.3804202
0.01748884
0.03961902
0.4459676
0.01157199
0.03653317
0.6084016
0.9671118
0.03150346
0.5995216
0.9851104
0.03008638
0.671929
0.01656922
0.9849913
0.9721616
0.03398713
0.9631645
0.5650774
0.9540461
0.3663112
0.6176446
0.430956
0.9696866
0.9563459
0.3753747
0.005653179
0.4186671
0.58149
0.9862971
0.584929
0.9923574
0.6510513
0.3811281
0.4389602
0.3866895
0.03574512
0.02367598
0.5856255
0.3413113
0.4511222
0.4047761
0.3778073
0.03415083
0.9858032
0.6215045
0.998563
0.5823273
0.4141132
0.3816765
0.407481
0.03403168
0.6282867
0.3730004
0.4063025
0.6379183
0.6242258
0.04742732
0.02706906
0.4457903
0.9937808
0.004090189
0.9943415
0.05432952
0.3554966
0.01600775
0.0261724
0.01743293
0.9782608
0.5716842
0.9986297
0.5995757
0.4406835
0.9581357
0.6182272
0.3773166
0.4151208
0.01549155
0.5925717
0.597324
0.01270235
0.9885495
0.002712155
0.407699
0.9815626
0.04083761
0.05171595
0.6452179
0.9668102
0.01536978
0.9507328
0.5999402
0.9999783
0.4179036
0.06768996
0.5851938
0.4483901
0.9782502
0.01835545
0.3975204
0.003115665
0.02978085
0.4258255
0.957272
0.6080689
0.9684915
0.9993511
0.3915565
0.008186927
0.000913107
0.9979664
0.626875
0.3929544
0.9735243
0.923261
0.02374197
0.04226808
0.6409091
0.9950101
0.658998
0.6098232
0.9807028
0.0001254338
0.5989182
0.008584799
0.006585774
0.9473858
0.5793171
0.6144663
0.03003566
0.3773961
0.9857811
0.9821885
0.3825103
0.9702331
0.01902365
0.4159686
0.4296247
0.9805498
0.6093186
0.01048693
0.4097262
0.3722734
0.4093833
0.3717294
0.02699158
0.6030487
0.9840716
0.4629973
0.5951719
0.6216653
0.0242006
0.3662764
0.9692982
0.5940731
0.9816292
0.4315077
0.01944976
0.3610112
0.9821978
0.624389
0.9769116
0.04204852
0.4029715
0.5984837
0.6238783
0.01581042
0.4199101
0.3181607
0.006801322
0.9834567
0.9873557
0.9969071
0.9503049
0.0404461
0.9797902
0.002737328
0.0109561
0.5688624
0.5980623
0.6566417
0.03651794
0.9932499
0.3912654
0.02921457
0.5943732
0.9289974
0.995299
0.9859622
0.01100368
0.01302692
0.05444977
0.02056693
0.994282
0.4109007
0.001453503
0.9877882
0.993649
0.4096304
0.6680304
0.6112532
0.02886702
0.9961776
0.6215009
0.631371
0.3802372
0.001314383
0.4292175
0.9800192
0.006264105
0.4097772
0.6600785
0.9555853
0.02720154
0.9935533
0.4311216
0.4133042
0.350426
0.001454531
0.3934216
0.9886326
0.01460522
0.06425093
0.4490313
0.04422055
0.4057679
0.4104822
0.9906156
0.03042246
0.02149675
0.9886108
0.9575408
0.9821115
0.04775328
0.3900793
0.900187
0.5897448
0.9570783
0.5702446
0.5815091
0.006644611
0.6025106
0.9952623
0.3473718
0.5863467
0.9666353
0.001924788
0.4405115
0.01342022
0.6236182
0.05665502
0.9897164
0.4392843
0.03765663
0.6038272
0.3244194
0.6096792
0.621996
0.6127646
0.9670205
0.02096024
0.9687207
0.6284642
0.4785425
0.003568377
0.02678012
0.5763395
0.4178457
0.0101981
0.006510528
0.4257722
0.0482589
0.9961327
0.9966116
0.440356
0.9872937
0.3880422
0.9805459
0.6206979
0.3796924
0.9896892
0.01315467
0.4056863
0.398747
0.5972252
0.5545289
0.6227252
0.6156204
0.007152269
0.9574837
0.9938752
0.4032388
0.9786392
0.4082025
0.376446
0.9835621
0.004022702
0.9794094
0.00422212
0.001426916
0.4192946
0.01075002
0.9886204
0.5985168
0.02206609
0.951796
0.4073933
0.3610107
0.5869447
0.9829273
0.5835369
0.6088965
0.4207017
0.3997878
0.04491223
0.5870729
0.001515825
0.6059919
0.9807735
0.4192185
0.9618312
0.3831774
0.03023196
0.05129718
0.965101
0.6194685
0.9749886
0.3902421
0.6524412
0.9513584
0.3734434
0.6114088
0.5892277
0.0278555
0.9922921
0.04643185
0.6452628
0.02094908
0.3830512
0.9443583
0.01535221
0.9908084
0.041574
0.4352728
0.413124
0.03384898
0.6038448
0.03178521
0.01902827
0.005929122
0.008381028
0.6548141
0.606372
0.9671297
0.4084282
0.008762482
0.9909306
0.3926062
0.5612447
0.9791751
0.4089832
0.05936208
0.3633582
0.432512
0.3869866
0.01808182
0.01690119
0.6327185
0.6573254
0.01735213
0.9582048
0.4227863
0.4811181
0.601951
0.3882115
0.6113609
0.9942118
0.5472198
0.003858071
0.007961924
0.4490395
0.544432
0.3812848
0.01149636
0.9662967
0.005523651
0.6236452
0.5743231
0.3790385
0.9678032
0.5822048
0.01613012
0.007044234
0.05163498
0.3834717
0.3860746
0.4706968
0.05750083
0.9957843
0.9674498
0.3766203
0.02577569
0.01648723
0.9624109
0.9831324
0.5797206
0.9780782
0.3918232
0.02769755
0.5992072
0.02889556
0.605083
0.9991477
0.01336179
0.9723266
0.5681439
0.9739751
0.612052
0.6200203
0.378718
0.4090286
0.608157
0.9850529
0.9860833
0.3706403
0.4335669
0.5726447
0.375401
0.5610677
0.3783234
0.03485828
0.6049326
0.5851753
0.6624422
0.3738538
0.0003670138
0.008311373
0.3718871
0.02448349
0.5918423
0.9373298
0.06567039
0.01108142
0.6095785
0.02590018
0.4461429
0.9938796
0.6085085
0.02092028
0.401921
0.9937158
0.006243595
0.4955344
0.3972595
0.5553709
0.0326944
0.9906687
0.3617201
0.01957096
0.001982116
0.04212544
0.429507
0.9858085
0.9849881
0.340586
0.5966361
0.5984528
0.9740354
0.6224391
0.01861384
0.3876154
0.574876
0.6063688
0.9966592
0.4210679
0.9876504
0.05651663
0.9962661
0.9917247
0.6494417
0.5917105
0.01108192
0.3646223
0.4351712
0.4111121
0.9633109
0.05807373
0.3715011
0.4135173
0.3928291
0.6301613
0.9683834
0.4683727
0.03723063
0.9990471
0.007294949
0.3629589
0.3858607
0.6003248
0.4018141
0.01981636
0.998959
0.5820788
0.01514028
0.6271497
0.3865739
0.5989456
0.4075844
0.9417452
0.03127676
0.4003639
0.4220796
0.9960564
0.3908743
0.9550182
0.9832176
0.3939966
0.6162122
0.9317842
0.009384938
0.02512321
0.9911286
0.4378813
0.4210903
0.550428
0.9676791
0.6291728
0.5786916
0.02926876
0.9720177
0.5535285
0.07698221
0.005252394
0.3863934
0.3434475
0.9659483
0.01273568
0.4010685
0.9672995
0.9972865
0.9297536
0.5791338
0.6005096
0.5991499
0.01070215
0.9448047
0.3707859
0.4411594
0.5846121
0.0126513
0.02214965
0.03599118
0.6252334
0.01117565
0.002118309
0.4131261
0.9946557
0.6419001
0.414635
0.003402236
0.005561425
0.04318223
0.604286
0.4051825
0.626351
0.9504797
0.9809307
0.930712
0.5980081
0.4500091
0.3971672
0.9424009
0.9700507
0.3510345
0.01556781
0.9600273
0.5547612
0.3454403
0.4348714
0.5996712
0.001637079
0.01573034
0.9709402
0.03017759
0.03562589
0.5904881
0.6120421
0.4558351
0.02811793
0.4010663
0.9758333
0.001539715
0.4075689
0.4214187
0.3894843
0.5859651
0.4011007
0.6292996
0.4373266
0.4180265
0.6588412
0.5744894
0.4367045
0.4228487
0.4195414
0.01329237
0.3899349
0.5827063
0.9704652
0.01091169
0.05978786
0.5998314
0.9907763
0.02369335
0.01450216
0.5803664
0.4471552
0.5868988
0.3795696
0.003810254
0.3823313
0.9894491
0.5993644
0.03583054
0.937921
0.5839481
0.5687893
0.9742175
0.9941006
0.9790021
0.04600133
0.6100083
0.9876802
0.6272096
0.981178
0.4336239
0.9659032
0.6184797
0.02432093
0.4007124
0.5782967
0.666645
0.9792766
0.3771591
0.02836427
0.5691964
0.3780116
0.4779232
0.9969558
0.9775707
0.5936466
0.9843327
0.973625
0.01507409
0.995121
0.6416975
0.5919558
0.9700074
0.400367
0.5939877
0.03711473
0.5502332
0.5993767
0.9691841
0.3749625
0.4023628
0.9725732
0.02162055
0.003343115
0.5444116
0.9835028
0.9873276
0.9704499
0.6453661
0.6062959
0.9757242
0.9778537
0.6010224
0.6202937
0.3322875
0.3918112
0.9885183
0.9986499
0.00656413
0.4128922
0.4150323
0.3503682
0.9804286
0.9987523
0.9606071
0.600639
0.9797571
0.01144836
0.9968319
0.5866953
0.9904664
0.6109993
0.9531024
0.9802157
0.9680924
