0.6872833
0.9944381
0.6014043
0.4165665
0.6311109
0.5972641
0.006111665
0.6233793
0.9749466
0.00539313
0.9539776
0.5873641
0.5971713
0.6599387
0.3761775
0.02905168
0.388929
0.3676059
0.9661151
0.02031364
0.3760526
0.984187
0.9897808
0.4037264
0.6158692
0.4162477
0.620552
0.3914922
0.9714573
0.4079413
0.4141648
0.3816729
0.5803614
0.06409559
0.007355488
0.9788858
0.9729078
0.02258583
0.04089328
0.4299181
0.9987573
0.02549235
0.3952247
0.9986641
0.6519564
0.3625705
0.6053982
0.4151154
0.01542134
0.3865342
0.03192728
0.001516056
0.6438731
0.4115025
0.9776536
0.993545
0.4207658
0.9728851
0.3270943
0.6247409
0.5872447
0.006492659
0.5868685
0.5805815
0.5876503
0.02712407
0.6036269
0.3509816
0.9654243
0.637999
0.07844842
0.6430281
0.003140024
0.4099824
0.9971905
0.3382788
0.9725539
0.0262182
0.9860837
0.01880216
0.6690752
0.4013504
0.04892577
0.9997318
0.5979917
0.0168875
0.03058928
0.03705282
0.4168025
0.9963575
0.08045325
0.3783465
0.634485
0.9547643
0.04964801
0.9767687
0.9689723
0.9700353
0.9803398
0.02219073
0.007494429
0.01176324
0.6198858
0.1602673
0.7912397
0.004591416
0.3893919
0.9954814
0.05317516
0.4421624
0.8262995
0.4202069
0.6214326
0.9804836
0.9831956
0.8518071
0.4039515
0.3883541
0.6392314
0.1765124
0.02175783
0.3527273
0.0413407
0.1777582
0.003619725
0.3563899
0.04053493
0.5627227
0.2673435
0.9619574
0.6179718
0.3419818
0.7748708
0.4045696
0.3809298
0.8293564
0.9639238
0.3324546
0.5600782
0.117187
0.4072411
0.06182
0.9905396
0.829631
0.6220262
0.1810882
0.2315984
0.03386599
0.9976239
0.8215408
0.1902002
0.9698804
0.1869167
0.3769575
0.5620091
0.9919449
0.8133135
0.003684325
0.7973386
0.54883
0.5787558
0.9846569
0.3898175
0.8185682
0.6133191
0.2678783
0.6133863
0.7743056
0.619646
0.805857
0.4329274
0.9921563
0.6381098
0.9937123
0.3382874
0.5795131
0.9725542
0.02340599
0.8056088
0.02622968
0.199397
0.04895819
0.3754069
0.6188698
0.8203961
0.1977723
0.607222
0.775541
0.6223051
0.3674748
0.4254471
0.3840781
0.4557503
0.4032362
0.7903153
0.6246635
0.6373321
0.6621537
0.008049581
0.5586162
0.4510807
0.6102348
0.1906751
0.5549754
0.7306064
0.4267457
0.7722554
0.9817531
0.4156948
0.5604253
0.6520895
0.2666385
0.2383532
0.1772914
0.9889843
0.9595717
0.2210812
0.02479556
0.9970021
0.9593576
0.3810618
0.0006155354
0.5985141
0.1158029
0.03566325
0.1813735
0.7686144
0.9965972
0.06848894
0.7949366
0.798154
0.05107554
0.4061895
0.4084165
0.2399636
0.6030567
0.769039
0.6639643
0.032165
0.8019725
0.01690516
0.005549033
0.636756
0.7911119
0.9821264
0.995476
0.7566397
0.8083813
0.7911164
0.393126
0.9893876
0.4252377
0.5780624
0.01501731
0.9635937
0.2377386
0.1959651
0.19501
0.03592435
0.7968161
0.9982474
0.2154903
0.6370058
0.01162492
0.5817851
0.8416613
0.9852374
0.01402443
0.01791549
0.8213609
0.9962303
0.6034947
0.551106
0.9892568
0.2178779
0.5748589
0.580081
0.01122683
0.01552667
0.9776157
0.5734717
0.01268302
0.4130682
0.9453305
0.8288579
0.8126768
0.9121459
0.6229153
0.007469429
0.2130089
0.03132222
0.05081835
0.9780328
0.3701088
0.5727227
0.5758576
0.5622992
0.9829451
0.8119181
0.2175052
0.7502046
0.8021225
0.4564915
0.57443
0.5949917
0.1938543
0.9974474
0.03146444
0.599696
0.6274928
0.01533971
0.5931803
0.7443917
0.9776283
0.009009001
0.8184614
0.01549907
0.2415896
0.9933955
0.3841615
0.5671485
0.6513976
0.2114735
0.6236462
0.9697718
0.6146521
0.5156224
0.3624912
0.01773912
0.6258944
0.8050457
0.8065091
0.01248283
0.5796554
0.3664694
0.5825063
0.9179774
0.4034196
0.9945785
0.9858376
0.5733725
0.1981973
0.2473985
0.02502742
0.1561565
0.1944376
0.1902615
0.05559171
0.6056041
0.1656726
0.2563646
0.7762196
0.6294541
0.9521941
0.8291921
0.2260992
0.8076748
0.6175402
0.3900396
0.03988672
0.9903303
0.9990179
0.9717985
0.9722142
0.4108312
0.9583593
0.4027384
0.00685621
0.4420532
0.8229843
0.01776623
0.4254884
0.1661836
0.9683906
0.6365482
0.002698001
0.222093
0.5734577
0.9787715
0.17885
0.9846798
0.8392475
0.803401
0.802733
0.01398524
0.3310176
0.7535761
0.5579655
0.9789811
0.00624268
0.6151485
0.9867818
0.3807116
0.2146798
0.8118381
0.2273125
0.8056235
0.6044432
0.7780462
0.5427483
0.5839373
0.7964653
0.8593442
0.3946467
0.8096928
0.2025205
0.007836721
0.8100264
0.02906213
0.9883156
0.3708383
0.5682159
0.9605914
0.9812254
0.9637947
0.5961562
0.2040167
0.8212556
0.5940193
0.7987396
0.7613699
0.01923982
0.03521721
0.8070582
0.662809
0.5903712
0.159216
0.6118991
0.1919929
0.9823054
0.6118825
0.6077906
0.3620302
0.9810723
0.2417711
0.3625171
0.5481533
0.7929991
0.5879045
0.9874659
0.2242173
0.009442723
0.765455
0.02743382
0.7814679
0.5776349
0.3563897
0.5667011
0.01006014
0.8185311
0.5968692
0.2625575
0.3984438
0.3797753
0.9537475
0.2050172
0.6249521
0.9110448
0.2187303
0.00396815
0.7805031
0.9924486
0.9876944
0.1633448
0.8297
0.816405
0.9903155
0.4128728
0.7701884
0.6137833
0.01977313
0.5840179
0.03512866
0.947614
0.9788094
0.8286439
0.383112
0.3805037
0.1953186
0.6304064
0.9592814
0.03081087
0.006862694
0.1771798
0.2167711
0.219802
0.00674596
0.6396027
0.5974157
0.2375249
0.9956289
0.561828
0.1753118
0.3875616
0.7853782
0.7829442
0.5406136
0.00528676
0.4305322
0.5878023
0.3622641
0.6126671
0.7473755
0.1626705
0.3924182
0.9992211
0.8290518
0.4199813
0.7824719
0.620598
0.7933596
0.1521486
0.785051
0.8081149
0.1756081
0.02367342
0.2109474
0.01490901
0.4226881
0.1611109
0.9952291
0.3828032
0.7690635
0.3923458
0.4219359
0.8014586
0.9982022
0.02895535
0.2057329
0.1843904
0.1552037
0.03477188
0.3976571
0.2046696
0.8140398
0.4363613
0.7641228
0.3858829
0.03340714
0.222709
0.9620191
0.1901295
0.9965166
0.1850861
0.9901141
0.01262106
0.3836901
0.4289553
0.230065
0.1446954
0.2238926
0.0005589
0.6260217
0.3828104
0.8519846
0.3635432
0.9934007
0.6661753
0.6345695
0.2690312
0.2000394
0.03541401
0.8099302
0.3856187
0.1692421
0.9327436
0.974523
0.007102004
0.3874406
0.3778284
0.6151478
0.03404928
0.9815002
0.9778028
0.4218865
0.7643885
0.4472095
0.9950442
0.2136355
0.01701616
0.02451135
0.3201164
0.7932336
0.3873223
0.2010047
0.9957229
0.01128679
0.803861
0.6118145
0.4174227
0.165981
0.3767669
0.01316626
0.1371613
0.1867769
0.9489497
0.3394311
0.5980626
0.593862
0.8061948
0.9960014
0.9888373
0.1788228
0.4332048
0.7616308
0.5283605
0.01387799
0.9694615
0.9807984
0.005643779
0.8092256
0.3849077
0.7675431
0.2510986
0.4212176
0.7961884
0.4178411
0.9639214
0.9834786
0.9984092
0.9552556
0.2335266
0.8167595
0.5828927
0.2155738
0.206776
0.2882232
0.8505812
0.9743484
0.3543871
0.8133069
0.02762864
0.9531888
0.371258
0.9939697
0.02436712
0.4301047
0.4011707
0.998346
0.6425336
0.1785189
0.589836
0.00527253
0.02570645
0.3926543
0.9437689
0.5582627
0.7930292
0.6033447
0.1879299
0.1821753
0.6328721
0.9729953
0.3837532
0.01292664
0.3617783
0.3189277
0.9584016
0.6380741
0.01105242
0.4109751
0.8244021
0.9883644
0.9977018
0.01591213
0.008342843
0.01452666
0.0144888
0.7436552
0.9776649
0.9926783
0.1424147
0.2071775
0.8023241
0.01166916
0.9802629
0.7901094
0.6110916
0.5683286
0.8085076
0.02775115
0.9563637
0.4094913
0.008098045
0.7818733
0.8196535
0.6152922
0.1570835
0.9731796
0.7947723
0.2347664
0.5995829
0.2344601
0.4407869
0.9657116
0.0411374
0.4059375
0.9714535
0.7759224
0.2312957
0.5718964
0.4082564
0.792512
0.5840669
0.01148313
0.3651805
0.6448928
0.9982128
0.4029831
0.224351
0.8467779
0.2122518
0.7970249
0.02547187
0.9854787
0.765043
0.8280794
0.2491834
0.211196
0.4625232
0.1763016
0.6030966
0.3728295
0.7907404
0.8079048
0.2266898
0.407809
0.763768
0.4337587
0.1587091
0.7914415
0.02292932
0.1873761
0.4399683
0.8116744
0.5696814
0.03078607
0.3799706
0.9986563
0.5943497
0.000391511
0.2017346
0.6099849
0.7774507
0.6175564
0.8134701
0.653735
0.98766
0.208744
0.6031091
0.003888457
0.6299618
0.8132644
0.03125449
0.1964822
0.2168162
0.8336625
0.9661913
0.9657251
0.2415248
0.6269595
0.02648337
0.8517446
0.04029644
0.6627265
0.3635891
0.1783595
0.5790124
0.02394052
0.03559642
0.8231593
0.01590615
0.2291506
0.5491347
0.4434289
0.2024865
0.002454927
0.18399
0.9732591
0.7470089
0.235946
0.8344479
0.02421782
0.2263235
0.2129292
0.2075856
0.04991383
0.9635861
0.1836731
0.8126336
0.1715075
0.02428903
0.7834886
0.990848
0.009849167
0.363094
0.01829452
0.9822523
0.008780646
0.01059416
0.4141585
0.4106071
0.2449136
0.3970034
0.01049923
0.01692019
0.7949494
0.9613306
0.3546298
0.6210079
0.9696798
0.1966742
0.5810228
0.588315
0.364925
0.8003883
0.1709991
0.8048622
0.04447831
0.9531782
0.2162675
0.7915695
0.9436727
0.05893369
0.3976549
0.4197988
0.208762
0.2107962
0.5507174
0.3858787
0.6179847
0.6662475
0.01303662
0.220853
0.7659998
0.7493242
0.7999523
0.4193925
0.4009034
0.9576852
0.941351
0.0195484
0.007854793
0.9654742
0.4298672
0.001869083
0.611004
0.1688739
0.02982755
0.8080076
0.9608182
0.6277636
0.4476844
0.8043491
0.3863776
0.01021242
0.9763459
0.005266406
0.8112476
0.03030602
0.4765419
0.05562103
0.03505516
0.3913353
0.2018479
0.1492592
0.5819282
0.9742128
0.8444192
0.01307369
0.1752613
0.009859282
0.5979374
0.3948947
0.7596062
0.2449118
0.5981886
0.04610172
0.6178413
0.4807491
0.973679
0.4217468
0.5286109
0.5458123
0.2038654
0.1668188
0.9735128
0.9992667
0.2130954
0.5993181
0.3576574
0.3921919
0.9941042
0.9953081
0.9812086
0.6282587
0.3612604
0.05086403
0.8021771
0.3886517
0.03140325
0.9726409
0.4165911
0.2189641
0.2008938
0.02634993
0.240204
0.826626
0.4672685
0.394359
0.7833596
0.192171
0.9367152
0.9843481
0.2085082
0.2249716
0.01245526
0.6208147
0.7987848
0.3985683
0.9984983
0.004310152
0.390753
0.6223215
0.3808794
0.440222
0.02245574
0.3760455
0.4680975
0.9795933
0.9944819
0.97129
0.6154828
0.5681902
0.9795815
0.5613916
0.798033
0.3889634
0.7286805
0.8077726
0.009775989
0.7977569
0.382394
0.9848161
0.02079491
0.1891124
0.0161149
0.7371438
0.9903217
0.4074153
0.6362373
0.8294095
0.3963448
0.6253472
0.9443828
0.8094771
0.6635585
0.2210945
0.04139629
0.4678806
0.06065549
0.9800855
0.208707
0.2219376
0.9785554
0.4275803
0.06037479
0.05438179
0.7932474
0.4335997
0.7934287
0.8450576
0.9787176
0.6025904
0.01520015
0.04906114
0.002653492
0.01373554
0.8152552
0.5968976
0.2130747
0.2066
0.9672164
0.02593501
0.006452151
0.1991574
0.02226168
0.2081812
0.4138349
0.3509238
0.1995527
0.989938
0.9516624
0.9706144
0.7506377
0.9682894
0.3518047
0.03518457
0.4302531
0.9810141
