0.02956792
0.007470331
0.03461749
0.02345502
0.03499571
0.008126744
0.01435786
0.05280664
0.03617249
0.007013838
0.03503913
0.009386374
0.01296602
0.02425083
0.002682414
0.04375414
0.0006776605
0.001773431
0.01988263
0.008066282
0.01365603
0.02163323
0.03036881
0.02575008
0.02332992
0.01670652
0.004673755
0.03794418
0.04369489
0.02263199
0.0115075
0.03503796
0.0419826
0.007217168
0.0381872
0.04799902
0.001922988
0.04602778
0.02056245
0.005989335
0.006942013
0.04166274
0.03575714
0.01568976
0.02198869
0.00148669
0.04866169
0.02744962
0.003145905
0.01059363
0.06027729
0.002946922
0.02829359
0.03114248
0.009829995
0.02897324
0.03291308
0.01475232
0.001903317
0.03107961
0.01761988
0.039513
0.04325839
0.005176651
1.298466e-05
0.007772901
0.04372652
0.006109682
0.003368414
0.02671667
0.0619758
0.04966855
0.01349695
0.02029287
0.04313661
0.02219851
0.01016988
0.02929646
0.03141917
0.0547003
0.02060851
0.0221994
0.01570483
0.02807345
0.006976878
0.03815788
0.04986564
0.001171895
0.01474796
0.06266961
0.008952674
0.0507604
0.02884667
0.01023121
0.007391186
0.03699305
0.005547408
0.06262645
0.01411075
0.02831448
0.02060885
0.01649558
0.04675455
0.03535177
0.001458313
0.02361009
0.01079476
0.01854068
0.02217624
0.02926838
0.0003528638
0.02367514
0.008055789
0.03277847
0.002962491
0.04731072
0.004671776
0.01945301
0.01338323
0.02309935
0.0002519963
0.005534163
0.004706903
0.007323633
0.04182456
0.01085576
0.03091297
0.02989863
0.04277427
0.02943168
0.01772892
0.01894651
0.01952065
0.002848333
0.02694163
0.05733718
0.02984699
0.01706943
0.02397844
0.03147785
0.01561317
0.005949387
0.03530186
0.02369508
0.008276755
0.0004913168
0.01538006
0.007706287
0.02723519
0.02812811
0.02417358
0.02018154
0.002812125
0.02017638
0.004737002
0.04060482
0.0003085659
0.003889342
0.03237186
0.003672056
0.02841646
0.04641646
0.005900112
0.02102619
0.04612952
0.01000275
0.01254423
0.001531248
0.02117532
0.001496908
0.001717812
0.001120616
0.03407542
0.01042871
0.04240835
0.01646047
0.04582875
0.0168158
0.03257136
0.0095534
0.01831813
0.04437233
0.02802651
0.02214234
0.01022616
0.007240029
0.02659506
0.04782067
0.01116627
0.00666634
0.02216937
0.02884246
0.001507113
0.02682367
0.04351071
0.01608813
0.0233979
0.02031928
0.03525048
0.01722258
0.03168933
0.03215919
0.03288676
0.004602485
0.007895236
0.02681562
0.01948761
0.0228594
0.0218282
0.0003377881
0.03232261
0.0003821455
0.04754559
0.001331804
0.02411883
0.004931059
0.02241718
0.03533421
0.007637668
0.02853295
0.001700107
0.04623907
0.002157963
0.004927744
0.006615269
0.01913624
0.003191347
0.01085874
0.02220384
0.01229353
0.03918805
0.01360721
0.009087304
0.007435048
0.05085957
0.01178178
0.01113744
0.01187416
0.004584103
0.04140061
0.01651071
0.04836253
0.009462651
0.0560225
0.02089675
0.04103223
0.05062252
8.447485e-05
0.007462872
0.02560941
0.03391594
0.003600478
0.04461083
0.05005468
0.01959764
0.008214821
0.04235163
0.06595371
0.06644539
0.03018063
0.02603727
0.02662513
0.05562911
0.004507265
0.0002083741
0.008721441
0.0003166947
0.04894694
0.004883114
0.05150538
0.01298422
0.01279114
0.003433858
0.009827261
0.01579912
0.01652271
0.01842541
0.005925273
0.01988221
0.001119967
0.0007348979
0.0542315
0.01654787
0.02385381
0.00786411
0.01862312
0.0005245231
0.05570396
0.01273148
0.0001163856
0.005815467
0.00674636
0.01282753
0.03655396
0.004169741
0.01188776
0.01169897
0.0002863305
0.04079855
0.01135192
0.004147975
0.06203454
0.001774038
0.002791053
0.03759393
0.03625514
0.08097761
0.04813456
0.03327728
0.02745213
0.007499765
0.01050685
0.01557885
0.0100243
0.0009449599
0.0267705
0.04297287
0.02809033
0.01798243
0.009430487
0.006321234
0.006366575
0.03423761
0.02029402
0.03376445
0.009352795
0.01523943
0.02846699
0.0685317
0.03824837
0.0688141
0.03429871
0.01411559
0.01621236
0.05434241
0.03194249
0.003780575
0.05509179
0.03230559
0.01852128
0.007571055
0.00130378
0.003973252
0.0528894
0.02218267
0.03842534
0.02729517
0.01472737
0.06189732
0.04137463
0.02003918
0.0327632
0.04186536
0.04591524
0.03004573
0.01834633
0.007846243
0.08111661
0.04300595
0.09423597
0.02429477
0.01531632
0.002811168
0.03963409
0.003374912
0.004083587
0.005192151
0.01777192
0.05196316
0.02172498
0.01088916
0.0177951
0.02188804
0.01613789
0.06485688
0.004896596
0.02667466
0.04768003
0.02945675
0.002144354
0.003112105
0.02738636
0.03068451
0.01459204
0.00834577
0.02475695
0.000732063
0.0334377
0.0321695
0.02283805
0.01766892
0.02821528
0.03032007
0.04139182
0.01320179
0.04177946
0.019772
0.004064273
0.0345948
0.04759507
0.05068455
0.0388353
0.00232366
8.860123e-05
0.05459146
0.01843353
0.001202285
0.02503305
0.006448018
0.001614865
0.03904935
0.003133888
0.02188533
0.01963441
0.0519555
0.01483346
0.003907824
0.02131994
0.05727749
0.02868814
0.03398079
0.03302764
0.01936177
0.0002272654
0.02901873
0.005923519
0.04111205
0.004896674
0.01092479
0.006184052
0.03640143
0.01336959
0.01075399
0.002793638
0.0292009
0.009901681
0.02903521
0.04203706
0.02854219
0.01027687
0.02250086
0.002610173
0.04969245
0.01727956
0.04987481
0.02442287
0.05156389
0.001202334
0.02609002
0.06169259
0.06010644
0.02140579
0.002360015
0.007301266
0.0490004
0.0136983
0.04601651
0.05897854
0.009816947
0.01741223
0.02225921
0.009912018
0.08676351
0.04377438
0.03217457
0.05405979
0.008578796
0.02407629
0.009963618
0.03484703
0.005693089
0.004623635
0.05226083
0.05218148
0.03646115
0.001772605
0.02669795
0.04654136
0.005528276
0.01357051
0.04708555
0.009625705
0.004454215
0.05019423
0.06195182
0.005604146
0.004339945
0.02718102
0.02795281
0.0450531
0.0124434
0.008298623
0.05162461
0.0001360822
0.0009460133
0.005671539
0.01053164
0.001452486
0.0265816
0.00705014
0.02035437
0.1902543
0.8041194
0.8272262
0.4285775
0.02795659
0.7820111
0.9944103
0.2031632
0.7620108
0.8059293
0.3717225
0.9440899
0.7833067
0.01925069
0.200141
0.06554979
0.7894765
0.8451777
0.9909387
0.8309499
0.7995459
0.009290662
0.04339546
0.3883876
0.3952709
0.4181378
0.8187513
0.6225359
0.9708296
0.1662905
0.9720651
0.3575214
0.1662019
0.7750661
0.02219679
0.03651944
0.1752086
0.1995652
0.9536995
0.02285415
0.9775043
0.5989733
0.4097522
0.8430022
0.7848457
0.7934903
0.993644
0.2212065
0.008655111
0.03045266
0.7587852
0.9921478
0.5940016
0.9725738
0.3805521
0.392798
0.02549775
0.03225976
0.2072781
0.3499007
0.5946095
0.01573193
0.3788112
0.6192546
0.595717
0.4024436
0.3985642
0.8037003
0.6149023
0.02535993
0.410271
0.7512068
0.1923147
0.3934525
0.7989196
0.7647615
0.7908978
0.9943075
0.01205344
0.372397
0.8052217
0.8343802
0.7983923
0.2532346
0.2035748
0.01201376
0.8190031
0.005085094
0.9844445
0.9910282
0.204617
0.7625087
0.4332974
0.5837448
0.2272359
0.2381915
0.208346
0.9803991
0.9933028
0.2211189
0.3631198
0.003067782
0.3792039
0.230158
0.5890017
0.01069797
0.4399667
0.9820466
0.9308731
0.998953
0.1609681
0.4067174
0.400025
0.3995988
0.05775534
0.5150951
0.8417478
0.6082946
0.06685636
0.2154927
0.9354609
0.0133888
0.3707778
0.6223678
0.7462938
0.9711942
0.586479
0.5889621
0.1735483
0.9820933
0.1591683
0.2020486
0.4267389
0.2047552
0.2203769
0.6311978
0.5868044
0.9626624
0.1857127
0.03934687
0.9786214
0.3923725
0.6020755
0.5944914
0.8255273
0.5643985
0.8182365
0.4106984
0.005777939
0.5856176
0.01914383
0.6076386
0.3994465
0.001995854
0.02561704
0.9963715
0.4044202
0.008117404
0.02965849
0.2187766
0.7870557
0.7847921
0.7461144
0.6012124
0.4016963
0.5641427
0.5915755
0.6275636
0.7831104
0.3939855
0.986971
0.2421918
0.8041418
0.5719375
0.8136467
0.6262784
0.9889665
0.2091397
0.6199169
0.3994714
0.004407449
0.5694687
0.576391
0.3580606
0.4327071
0.03904745
0.3674812
0.979846
0.8180499
0.02814045
0.5854507
0.01263863
0.7681943
0.3791036
0.7730452
0.1585874
0.6638033
0.9815057
0.05284019
0.4231488
0.1816968
0.2220948
0.7786768
0.815075
0.2599225
0.01867478
0.2203949
0.977546
0.01888829
0.008248185
0.007697835
0.001244879
0.9664431
0.1784414
0.01765335
0.4081887
0.9902186
0.01514827
0.9833958
0.1326035
0.2022868
0.404541
0.03975167
0.1620002
0.01356592
0.004233065
0.6109206
0.01673674
0.9988678
0.6376396
0.6083464
0.8136463
0.9633716
0.6228975
0.2009912
0.3591318
0.9943447
0.587799
0.5932328
0.9914716
0.6281146
0.9568481
0.1774885
0.0247077
0.3809694
0.2256999
0.8081772
0.5934611
0.7651664
0.2288348
0.9931906
0.3726319
0.7858084
0.393489
0.03855191
0.1830919
0.01643706
0.6940588
0.7488831
0.0190844
0.1993874
0.1456091
0.9878095
0.4028228
0.9579957
0.5335498
0.2030552
0.5729967
0.209046
0.2155773
0.4034899
0.8121112
0.0410346
0.9739986
0.9721475
0.9748213
0.2506729
0.2376746
0.9530832
0.8170703
0.7729516
0.3530464
0.6040255
0.8196221
0.003995766
0.9679165
0.7511778
0.6387842
0.9983137
0.003139979
0.9991375
0.5492125
0.2076627
0.426646
0.574754
0.991276
0.4214595
0.0001477821
0.01352904
0.9756194
0.8412711
0.7981952
0.0635265
0.6125179
0.004380834
0.8371428
0.1665895
0.7116022
0.02000148
0.9888627
0.7944544
0.8156439
0.989448
0.02333501
0.4604311
0.7561236
0.4126777
0.5997708
0.003672051
0.9838193
0.02502526
0.01994717
0.7884643
0.9620367
0.5498131
0.6357983
0.5338655
0.9583404
0.6521992
0.6029404
0.3641372
0.1696227
0.1959555
0.9914569
0.2065684
0.02227092
0.7558804
0.2309508
0.4137992
0.9534562
0.342653
0.5574897
0.04145061
0.3408325
0.5900955
0.2419675
0.2265085
0.4232908
0.03528026
0.7780741
0.1959051
0.02329936
0.9899144
0.8071456
0.3953787
0.5301194
0.3979779
0.7596475
0.550904
0.1852391
0.2350471
0.660512
0.1651636
0.3541885
0.0372026
0.6090906
0.007147997
0.7855322
0.9084927
0.9748532
0.9988513
0.9397168
0.7549437
0.0230884
0.4272688
0.803725
0.5896043
0.6120911
0.7805956
0.4425453
0.6244245
0.995787
0.2239706
0.8111484
0.001067629
0.3251347
0.9132128
0.5923778
0.3930129
0.9986058
0.9867845
0.4391203
0.8001376
0.7563148
0.01939995
0.622192
0.008437381
0.7967439
0.06084601
0.9468135
0.3780117
0.55627
0.586177
0.9928843
0.03459092
0.5871458
0.001398568
0.3914289
0.9863724
0.4302555
0.5999291
0.01602607
0.3600179
0.2091803
0.4018735
0.5098742
0.6222013
0.9317357
0.974341
0.1954992
0.9555805
0.8144401
0.8156661
0.3976925
0.99769
0.8367874
0.3635751
0.5884451
0.7997958
0.7556322
0.9833264
0.4119792
0.04041491
0.6051731
0.2062102
0.7954574
0.9778208
0.2273926
0.3923845
0.5577434
0.5627857
0.8099957
0.2058324
0.9717485
0.7400793
0.5504485
0.7597293
0.1860054
0.3791562
0.6412076
0.4083972
0.01322326
0.5703569
0.4350659
0.1697256
0.1821558
0.2397614
0.7069766
0.9840034
0.5963786
0.6255314
0.04660371
0.1933659
0.9495599
0.2205458
0.3524746
0.3775461
0.1630996
0.1998228
0.9439588
0.9678918
0.9863789
0.9918391
0.6424378
0.6264837
0.1898169
0.2189882
0.1819539
0.6049047
0.8253195
0.02558403
0.0158079
0.8183367
0.4107668
0.1827712
0.7780327
0.3888419
0.00589064
0.2113213
0.978673
0.4356278
0.2204939
0.3951961
0.9824268
0.04470258
0.4180664
0.4206584
0.2142586
0.9811847
