0.5919051
0.3906764
0.9561632
0.007463785
0.5928921
0.3922103
0.01140457
0.9877349
0.9988604
0.617547
0.9989807
0.9879999
0.4337826
0.4076635
0.9978036
0.03473182
0.3752273
0.6130363
0.4217928
0.01425048
0.02644441
0.6287196
0.9538444
0.3839881
0.6079252
0.009126993
0.3785965
0.9859755
0.9608699
0.4370044
0.03307739
0.5663003
0.9893282
0.4282919
0.02180294
0.02141413
0.4048465
0.0617297
0.05679606
0.6163863
0.6273118
0.04112237
0.03726316
0.9806941
0.9902209
0.6077761
0.5680505
0.6271027
0.6163566
0.02714206
0.01979718
0.9742775
0.4080447
0.05725719
0.02410915
0.9503348
0.3919356
0.5710036
0.5974863
0.571349
0.4030717
0.9986854
0.9612687
0.5692432
0.9733234
0.5993733
0.3969853
0.3666809
0.9989804
0.9960655
0.3392074
0.4362316
0.009044448
0.3735429
0.4753982
0.434384
0.963319
0.02645463
0.01341228
0.6429948
0.9909645
0.6283231
0.01110219
0.63164
0.9996368
0.5508866
0.6141642
0.395586
0.03653732
0.3649949
0.3978712
0.4095335
0.9778298
0.4252076
0.6328114
0.4117909
0.9493464
0.4073701
0.6185762
0.37225
0.01333781
0.6212026
0.6345142
0.9916211
0.9731149
0.6044943
0.4164099
0.05409033
0.3891607
0.9890455
0.5782293
0.9466791
0.9848979
0.6126087
0.3628982
0.570168
0.6126932
0.02075536
0.6433591
0.576264
0.9717994
0.06076003
0.003381403
0.9807294
0.5781993
0.9964444
0.9925635
0.5816634
0.007378357
0.0003467228
0.3992711
0.05928549
0.9485044
0.01209006
0.9817769
0.3950257
0.4027576
0.01586514
0.4231251
0.9280412
0.3647308
0.5770934
0.0009954755
0.5744457
0.04013236
0.6263799
0.6084905
0.996705
0.5634032
0.543687
0.6187269
0.3935708
0.4280852
0.4430238
0.6408022
0.9649652
0.009481532
0.008287913
0.01683781
0.9749104
0.934764
0.0112823
0.9884433
0.9901335
0.4432769
0.003814
0.02274453
0.3886201
0.4305466
0.3757195
0.9975217
0.3796668
0.5798559
0.0286508
0.003207948
0.3470622
0.4083392
0.01108146
0.3837245
0.6359655
0.9902637
0.3971888
0.597553
0.04750357
0.01616385
0.04959962
0.05075797
0.5809154
0.5981387
0.09567358
0.581361
0.5902152
0.3819505
0.6003874
0.9825654
0.9845244
0.572959
0.987582
0.008636498
0.9751541
0.9619989
0.5276746
0.9929841
0.9900209
0.01304819
0.04439631
0.6035195
0.03263913
0.06706855
0.6378732
0.9825918
0.01771687
0.5986725
0.9543941
0.6247591
0.9602742
0.03166252
0.6692022
0.980302
0.01496158
0.01403487
0.06050989
0.01399105
0.9884911
0.4773408
0.5920463
0.5340715
0.3658376
0.610596
0.02813144
0.008967253
0.005869325
0.4663624
0.05779007
0.9851012
0.5815938
0.0106517
0.4473918
0.3255773
0.3745903
0.04105897
0.9474548
0.6203242
0.01654875
0.5627452
0.02257328
0.5849916
0.5766762
0.9692388
0.6280263
0.9501955
0.9907397
0.03393657
0.9949749
0.6567792
0.6075683
0.02099352
0.6130223
0.3946025
0.3684622
0.5881504
0.3821589
0.02637295
0.9883839
0.3658356
0.4371075
0.5761231
0.9911233
0.3475849
0.3793701
0.6169258
0.414853
0.01721232
0.9397461
0.5674002
0.985374
0.02259313
0.3980363
0.02107958
0.5621816
0.6141309
0.006527078
0.9865237
0.3703556
0.970183
0.02970918
0.9671187
0.35896
0.9469337
0.9701344
0.9795495
0.955408
0.9479653
0.6188766
0.6217613
0.5573931
0.6134755
0.03734318
0.3969026
0.0226137
0.06717283
0.965149
0.9670479
0.6016626
0.9897404
0.02589437
0.5611644
0.9780744
0.6135425
0.01150085
0.5854157
0.9302878
0.9780977
0.001495394
0.9822516
0.416225
0.4009005
0.9679838
0.5816796
0.4072278
0.009828396
0.55589
0.6602332
0.6763954
0.004793112
0.9742414
0.9981243
0.3956554
0.6103035
0.5919676
0.06431758
0.03290829
0.5369552
0.01148235
0.4179582
0.9997558
0.605457
0.4196656
0.05607582
0.9831065
0.4312955
0.9935078
0.6326494
0.5957546
0.01563589
0.5909133
0.4137975
0.967387
0.4585521
0.4239975
0.01347549
0.6547132
0.4245777
0.9971366
0.6473508
0.009398166
0.6369269
0.4051455
0.9391789
0.9780285
0.6033878
0.5997733
0.9709275
0.4211247
0.6274607
0.007773036
0.4077489
0.9554014
0.4177234
0.5604587
0.01555914
0.439174
0.6619677
0.4131552
0.6336779
0.9856417
0.4130844
0.5738306
0.008319974
0.3387747
0.04249421
0.01244622
0.03615988
0.6013678
0.6344722
0.9783256
0.980574
0.9574752
0.9715553
0.06168108
0.394393
0.3529456
0.375505
0.009638558
0.6010604
0.01244397
0.02431805
0.5748958
0.4594757
0.3773028
0.3734613
0.9521352
0.9823592
0.01547377
0.9329714
0.9786987
0.02297816
0.9784407
0.02217236
0.01078558
0.9945288
0.6522095
0.01224875
0.3825248
0.3961253
0.3722356
0.5725158
0.9928986
0.5165771
0.956366
0.9858249
0.9662645
0.9752005
0.6469319
0.9856319
0.3989736
0.9674338
0.5674375
0.3958677
0.002239021
0.9419997
0.4031828
0.6137222
0.009493372
0.9389573
0.6012062
0.9951753
0.5648786
0.4071487
0.9526174
0.394302
0.03410721
0.947459
0.6143092
0.9721526
0.02801169
0.3849135
0.03521978
0.9752731
0.4517932
0.4217755
0.4157089
0.001885606
0.4050048
0.006850051
0.6585649
0.570869
0.5695439
0.9986923
0.6088641
0.5510515
0.9945455
0.02066753
0.6178307
0.01042917
0.989302
0.9539839
0.56932
0.9973841
0.5767508
0.9891298
0.9645151
0.4040129
0.03193459
0.359228
0.9728858
0.9790969
0.99805
0.3856561
0.0005112684
0.04370816
0.9854051
0.6263008
0.5918785
0.9425529
0.05780302
0.3674995
0.3950763
0.005019923
0.4175479
0.3753937
0.5554443
0.5587378
0.002260736
0.3920132
0.0170919
0.3991182
0.9749869
0.4280699
0.5985268
0.5614278
0.9951379
0.02462793
0.0278782
0.01819107
0.4177417
0.3882672
0.5709946
0.4269404
0.4128292
0.6079398
0.3923363
0.4594884
0.3829167
0.3358726
0.03216811
0.9724946
0.9627931
0.4423851
0.4039323
0.4348888
0.001979617
0.6149592
0.3826513
0.9907588
0.02278212
0.02933837
0.4449387
0.6229055
0.6172502
0.5936192
0.05516003
0.5843056
0.9895686
0.0005487299
0.9775322
0.5888498
0.9907965
0.4847443
0.4051082
0.9654248
0.403173
0.4216327
0.6030091
0.6656939
0.3604575
0.9711534
0.5794581
0.02791999
0.9722138
0.5472342
0.3648446
0.370382
0.007865615
0.9774203
0.4156224
0.6260115
0.604534
0.9866691
0.9699349
0.9714663
0.0125438
0.02138248
0.6189322
0.974931
0.4512528
0.9576631
0.9641341
0.582898
0.9976665
0.3769733
0.5464298
0.976854
0.996509
0.5952685
0.5655659
0.02486254
0.3939355
0.9928403
0.971858
0.01424223
0.6040097
0.6073605
0.5599985
0.3480499
0.007746854
0.9640492
0.997873
0.03271331
0.3702673
0.003905988
0.6315871
0.654003
0.9578514
0.9795187
0.3665615
0.02964158
0.6021662
0.6361221
0.5579711
0.9402409
0.9876893
0.04136091
0.3826085
0.973132
0.6367676
0.03842642
0.01877152
0.03725705
0.4206566
0.003837224
0.4191591
0.9356945
0.01472127
0.9913038
0.9494242
0.4045376
0.3474568
0.5618356
0.0756989
0.0105909
0.5546604
0.9780044
0.3964089
0.4316665
0.3525314
0.9778212
0.6073379
0.02521221
0.9750942
0.9836435
0.6157899
0.9662357
0.02837067
0.9691393
0.4271519
0.01087265
0.5970886
0.0148525
0.3569973
0.4247083
0.5785453
0.01523469
0.3746364
0.02548911
0.6249708
0.02664289
0.6822453
0.01669028
0.6054091
0.9891595
0.03219444
0.973791
0.9560331
0.01789265
0.431458
0.9924476
0.9773175
0.3734209
0.9560363
0.0615464
0.9794216
0.9714491
0.3881407
0.5523034
0.6144886
0.4322903
0.5937172
0.3827421
0.3946037
0.599861
0.9586441
0.04754855
0.9837748
0.02342635
0.4185181
0.006897796
0.4522097
0.4017759
0.347662
0.3383615
0.04529715
0.07549131
0.9498559
0.4340616
0.04095822
0.3815175
0.4056112
0.3514855
0.6008118
0.009550397
0.9986313
0.3504793
0.03727348
0.05210421
0.4094376
0.405755
0.4349435
0.4205762
0.5903723
0.9663428
0.4062051
0.9637976
0.02277262
0.611659
0.02794208
0.4142514
0.04629907
0.02119437
0.681041
0.6083165
0.9622399
0.3728607
0.3854027
0.5612512
0.4075635
0.4029596
0.02601007
0.04320068
0.422468
0.003644562
0.4069527
0.02369768
0.3741262
0.4199621
0.0113902
0.009010079
0.9629772
0.3866137
0.02932615
0.02410225
0.02091813
0.4538816
0.3671352
0.619768
0.4012558
0.9881114
0.5787289
0.926785
0.9863565
0.9890893
0.6253952
0.4112906
0.03005413
0.02017072
0.5484523
0.4104359
0.9693859
0.9977363
0.01078597
0.9613081
0.01114345
0.6596652
0.4299373
0.9901338
0.05039204
0.5789983
0.3698364
0.02571299
0.9856049
0.009242252
0.9871099
0.415426
0.370547
0.9694924
0.01647981
0.00130788
0.3644981
0.9969416
0.9642713
0.006610359
0.625955
0.008842553
0.04632271
0.6043797
0.3623618
0.3552724
0.03616775
0.3732732
0.001582083
0.5922105
0.04242595
0.9899139
0.9987658
0.9641591
0.5792081
0.5971285
0.9849859
0.3748804
0.3763795
0.5799014
0.3930003
0.4364201
0.001334585
0.5967593
0.9996035
0.6031459
0.6390915
0.585003
0.9791226
0.965733
0.01456026
0.6011606
0.5818476
0.04523811
0.02247201
0.5278852
0.6198175
0.9928335
0.3705301
0.9591382
0.5825848
0.4121548
0.4278185
0.6404712
0.653937
0.06585214
0.9676738
0.9749152
0.3941512
0.6592172
0.01319308
0.9927756
0.6358241
0.9986936
0.0375072
0.9465682
0.0440358
0.06436175
0.3634806
0.9671184
0.6260759
0.03541657
0.03816406
0.3726614
0.02757204
0.6064618
0.01793036
0.3492591
0.03656403
0.5915904
0.049616
0.6032
0.008310373
0.6553198
0.923962
0.4313373
0.5977188
0.3499152
0.9308887
0.01300045
0.9876496
0.4562505
0.3767735
0.0167787
0.6290048
0.001532495
0.4472808
0.9727534
0.5963236
0.3841541
0.03043529
0.002208899
0.01445988
0.3985383
0.4540339
0.4571157
0.999634
0.05329549
0.4113373
0.5819057
0.9575435
0.3759036
0.6279878
0.9812034
0.9987005
0.003687266
0.5805281
0.6003854
0.5860215
0.3996021
0.9299201
0.5389861
0.5985622
0.9443666
0.5745071
0.6314905
0.3951922
0.009018713
0.4369462
0.9812415
0.4229989
0.5554998
0.9789494
0.03380786
0.5680194
0.5828127
0.032278
0.01536677
0.0153956
0.5106869
0.971777
0.9710594
0.4803194
0.02205317
0.9508701
0.9699167
0.9647228
0.997506
0.04544816
0.9681846
0.4780561
0.991927
0.05316213
0.4910746
0.99771
0.02785596
0.503707
0.02806255
0.02993038
0.5411886
0.03090147
0.9454056
0.003435773
0.4677574
0.461157
0.03014851
0.9614576
0.5486528
0.5399356
0.9905545
0.009599272
0.003071422
0.9851617
0.5055146
0.9623848
0.521617
0.9882457
0.5377649
0.001301625
0.4770587
0.01257834
0.001821631
0.5629984
0.9875231
0.06744786
0.02814058
0.5027386
0.9977475
0.005985039
0.5189954
0.004338432
0.9807359
0.9708233
0.0115506
0.9845059
0.03258169
0.9713878
0.0309792
0.9971019
0.9614386
0.5013233
0.971056
0.9627704
0.05168746
0.0561007
0.9436684
0.001473083
0.479594
0.00451611
0.492858
0.489632
0.4840547
0.9872472
0.01340817
0.02213243
0.4766652
0.5080913
0.01883729
0.5070387
0.4687834
0.4772632
0.9760704
0.5427252
0.9550842
0.4852251
0.01372383
0.02380551
0.4833036
0.4644936
0.001773548
0.4737574
0.0237913
0.4931127
0.9682885
0.01982519
0.4981079
0.007269144
0.9534092
0.9836526
