0.02305024
0.4052494
0.5830981
0.6157921
0.5726616
0.9601334
0.0404583
0.9785906
0.9718638
0.4169459
0.006207475
0.02125291
0.03854686
0.4120577
0.3734887
0.01991174
0.9761241
0.3715309
0.4080473
0.5925906
0.6336595
0.4378878
0.5837521
0.9788156
0.363362
0.4015019
0.545223
0.989603
0.3776223
0.9914206
0.01312406
0.9982777
0.9673779
0.9853983
0.375442
0.5894118
0.9684114
0.5855429
0.9720607
0.9817045
0.00573354
0.4363739
0.9599778
0.5805245
0.5171455
0.5867092
0.9872269
0.374715
0.01253676
0.5797744
0.01604524
0.3941939
0.6130309
0.3728257
0.4292708
0.01291105
0.557388
0.02206761
0.9765145
0.03348047
0.9594667
0.4032304
0.9876358
0.9568872
0.001667868
0.003106724
0.0225077
0.6706463
0.397909
0.598451
0.9978303
0.6376423
0.9537152
0.004960602
0.4064064
0.5594278
0.39781
0.002177642
0.9579311
0.5978116
0.5983668
0.4441411
0.9644168
0.4832175
0.6013094
0.3408344
0.0003585393
0.4035987
0.6191831
0.6425421
0.633802
0.9763003
0.002490778
0.9768835
0.4002034
0.02371049
0.03575112
0.0262706
0.980096
0.04124585
0.5959332
0.396309
0.6321089
0.4122966
0.587444
0.9826884
0.408101
0.4249219
0.5886495
0.3781124
0.6289388
0.399312
0.5444179
0.6151178
0.9452656
0.5910894
0.9588605
0.5723924
0.9870493
0.4221363
0.003853671
0.9676336
0.3906529
0.06167539
0.4078264
0.6116419
0.005305908
0.0442288
0.5768631
0.9609361
0.9973932
0.3760169
0.3752314
0.4640571
0.366975
0.3876456
0.3453424
0.5751505
0.5814645
0.5849091
0.01486487
0.000956223
0.6115315
0.6064463
0.04120404
0.02018995
0.05556986
0.02098011
0.002498934
0.3977686
0.5710216
0.948956
0.3893719
0.5658392
0.01961368
0.01090097
0.9848211
0.6201931
0.9518704
0.4025696
0.004681149
0.4308812
0.04113357
0.9935025
0.03468099
0.9214257
0.5977578
0.03121488
0.9494532
0.5851385
0.3527843
0.5565007
0.6305395
0.6766314
0.4036893
0.9641575
0.00900882
0.0476745
0.9949185
0.3864699
0.01735727
0.006172805
0.01457726
0.01126048
0.5835934
0.6011932
0.02709288
0.02857266
0.6391632
0.9462718
0.9833053
0.5896573
0.9957969
0.4085767
0.5832706
0.4056353
0.9758679
0.01514298
0.003594422
0.04021684
0.3893496
0.5853098
0.6102437
0.05291481
0.3560262
0.4353113
0.007971409
0.5668259
0.9544015
0.5679229
0.5973007
0.01776715
0.9879041
0.4322224
0.9672871
0.9918992
0.9999611
0.5884399
0.3897601
0.6118794
0.04181189
0.03230469
0.5861741
0.9981591
0.02537117
0.009296667
0.957158
0.9773902
0.3968399
0.596666
0.6052201
0.6409349
0.02759947
0.9471288
0.3548354
0.993645
0.38741
0.009257872
0.9909608
0.5383672
0.9951139
0.5216736
0.9936366
0.9831147
0.9937397
0.001626756
0.9592428
0.6326614
0.6114377
0.4168737
0.361087
0.01223382
0.4322486
0.5890962
0.9997785
0.3892179
0.007083457
0.9634828
0.3593521
0.6028445
0.3929896
0.9826456
0.5901505
0.3753219
0.9891117
0.6541196
0.007586076
0.01670066
0.9778029
0.04968726
0.03382681
0.01829073
0.6047207
0.06575899
0.05752846
0.615104
0.016177
0.9745528
0.9985457
0.3791521
0.5882498
0.464833
0.5838671
0.9944383
0.4160122
0.5928391
0.9752631
0.9874015
0.647025
0.9584603
0.02242806
0.6354771
0.003263901
0.4126008
0.3587693
0.03829564
0.5853958
0.9951419
0.4023773
0.6000279
0.5849778
0.02098928
0.3955092
0.6291128
0.9763913
0.3882123
0.4075323
0.349689
0.6239179
0.03131398
0.631797
0.4281223
0.01577976
0.3907611
0.02331761
0.01276728
0.3780088
0.3621531
0.9689092
0.9836532
0.9918215
0.0006972332
0.03372037
0.6396651
0.9783138
0.996835
0.6412104
0.961407
0.6136053
0.02667315
0.4376851
0.5892585
0.01290966
0.02948941
0.5660781
0.4274677
0.9648663
0.9486767
0.9860779
0.03173304
0.9566262
0.3956603
0.01164094
0.04741136
0.3992519
0.9905913
0.01915472
0.0221307
0.4278908
0.6353438
0.3884197
0.9883534
0.9531489
0.03824115
0.4247686
0.02419703
0.06031984
0.05148418
0.4166644
0.9797057
0.4041264
0.006670441
0.4199012
0.9581578
0.9601909
0.9997639
0.01132026
0.6420272
0.6095042
0.6383558
0.5627997
0.0204769
0.5932043
0.04561259
0.9912763
0.04353439
0.02808893
0.6084886
0.95698
0.5563673
0.573994
0.03247093
0.4127606
0.6102187
0.3585886
0.6171185
0.6315384
0.01907183
0.6753207
0.9663148
0.4316247
0.9723158
0.4438514
0.08490645
0.02220941
0.3715806
0.01980849
0.3396147
0.4304342
0.3479197
0.9957112
0.9725176
0.5855924
0.5236346
0.4178788
0.6234885
0.366988
0.9379378
0.4201302
0.04739744
0.4115657
0.5918945
0.007525954
0.3992735
0.4188864
0.01886627
0.3672802
0.6103623
0.6150111
0.5489062
0.4757076
0.01345931
0.5947517
0.4028648
0.6259402
0.9793078
0.004598971
0.5542862
0.6118878
0.978632
0.9915326
0.03526884
0.6117001
0.03876149
0.00250035
0.006040589
0.0206627
0.9642581
0.9958832
0.6308639
0.03394673
0.04469984
0.4245845
0.3580302
0.6216493
0.5953171
0.992959
0.003169077
0.3722188
0.02555962
0.9880311
0.3940803
0.4373825
0.408236
0.9981989
0.9985673
0.3961732
0.4409437
0.003847791
0.01836753
0.03288273
0.3522729
0.4155213
0.9927873
0.986833
0.9642996
0.9529152
0.0337979
0.41685
0.4201117
0.9950916
0.4176452
0.5685289
0.9394575
0.9867684
0.9874959
0.3996821
0.02070107
0.005257413
0.6515217
0.9945498
0.9674303
0.4251252
0.9761319
0.6202885
0.5980216
0.966952
0.0307948
0.01840936
0.04742037
0.3938654
0.9887178
0.9760255
0.4376671
0.4062864
0.3613076
0.0133746
0.9756896
0.9838531
0.6052728
0.5458994
0.6268735
0.3844605
0.4284993
0.01000932
0.002999276
0.6066744
0.5742408
0.04922804
0.5758488
0.01553945
0.9898673
0.409717
0.9520052
0.3950289
0.6354707
0.5937257
0.9506667
0.9810596
0.9552946
0.9596518
0.6250862
0.04088456
0.03009191
0.6723105
0.9984815
0.6306796
0.9098289
0.04287193
0.01399039
0.6571092
0.9862056
0.02061686
0.6622723
0.9873393
0.9615523
0.9997022
0.5463236
0.03742763
0.4250502
0.9317008
0.449969
0.4110365
0.05029868
0.4136198
0.04801965
0.426436
0.5872464
0.03052
0.01310599
0.578246
0.9878017
0.3358841
0.6188525
0.9914043
0.988971
0.9955772
0.4029155
0.05884272
0.4903704
0.5873815
0.4276222
0.004633925
0.3982938
0.003802329
0.6205058
0.02619854
0.9663011
0.6382719
0.9755845
0.3917529
0.9836921
0.3915787
0.01878289
0.988094
0.6289892
0.6471424
0.9558356
0.6289024
0.4373659
0.9782411
0.9884004
0.9660193
0.01297653
0.9904626
0.3918969
0.416661
0.9898734
0.5626841
0.01448032
0.9769547
0.987192
0.4144345
0.4316558
0.5447551
0.9632029
0.9355866
0.6600805
0.01445281
0.06583025
0.6161437
0.6101337
0.5732289
0.5784961
0.0115526
0.03436784
0.579479
0.001260935
0.02581322
0.9588693
0.3563298
0.9930384
0.4007499
0.0007719187
0.3953605
0.9955417
0.9196112
0.9443732
0.3996112
0.3720654
0.9829859
0.01759921
0.5519406
0.5662198
0.9948632
0.6389291
0.6708323
0.6257266
0.963629
0.4576714
0.5874226
0.3764737
0.03279181
0.05025614
0.6336291
0.004737648
0.6046171
0.9770369
0.9630775
0.417413
0.9858683
0.5762616
0.01329913
0.9730753
0.4013557
0.6392404
0.01366378
0.01768352
0.9768146
0.02756805
0.4273024
0.5739462
0.6447064
0.3996044
0.9984
0.6186492
0.986966
0.9756526
0.3972636
0.6024096
0.6207207
0.6254496
0.401761
0.02020318
0.05611891
0.9737078
0.3895527
0.6002748
0.4079572
0.03409687
0.5625826
0.3914654
0.421861
0.3792279
0.6273993
0.04511052
0.3358459
0.3751897
0.9723615
0.01181066
0.4224342
0.02881519
0.05876771
0.03005676
0.5881021
0.9695641
0.5648706
0.9999834
0.6109664
0.983593
0.003510754
0.6138045
0.5834441
0.5857659
0.6082174
0.3732196
0.3971277
0.01972402
0.4186555
0.3504761
0.3925131
0.03859161
0.9634757
0.4177184
0.002989212
0.566743
0.986551
0.9530373
0.4104461
0.3994132
0.5970375
0.6009362
0.6246681
0.02692613
0.9938188
0.3714859
0.5849831
0.9872802
0.05098118
0.5587649
0.990214
0.6097192
0.637181
0.9714106
0.437377
0.02293816
0.9727608
0.5631635
0.9908917
0.01173848
0.01672568
0.9659207
0.4197147
0.9767423
0.4008498
0.3710326
0.07188452
0.5334537
0.4032288
0.3147083
0.03603348
0.6504036
0.9957157
0.04568529
0.003733934
0.03185387
0.4410038
0.9743009
0.06335849
0.01955986
0.6021588
0.9463084
0.4101277
0.981058
0.4079062
0.0439929
0.9964731
0.01719261
0.9829868
0.01317906
0.9659031
0.9943264
0.9752766
0.02729722
0.04426902
0.4111432
0.5969057
0.5624224
0.5860405
0.5634127
0.4204406
0.9529552
0.4048289
0.395147
0.6000211
0.983666
0.6094153
0.0255867
0.5761583
0.3651675
0.02003919
0.6512533
0.9182723
0.9947898
0.5796688
0.03287342
0.3708443
0.0142881
0.5858227
0.3950353
0.01117905
0.01807059
0.01854607
0.6033805
0.05956801
0.5905155
0.9457923
0.390597
0.4035615
0.4295277
0.9910819
0.9563615
0.9773714
0.6118639
0.999403
0.4082973
0.01055786
0.4257203
0.359408
0.5643934
0.6477942
0.4300007
0.9505603
0.3931691
0.6415015
0.6024246
0.02651847
0.3921955
0.02568688
0.4318578
0.557759
0.6427418
0.9380707
0.02642699
0.5763582
0.3913524
0.9636311
0.03310762
0.08129317
0.6040358
0.9696207
0.4199825
0.3915077
0.5548289
0.9506478
0.4082664
0.3787623
0.00151696
0.4139473
0.6024963
0.3673848
0.4090332
0.6069616
0.02526874
0.9477173
0.9767701
0.4194003
0.03790535
0.6040146
0.4196755
0.9988373
0.9516021
0.01825872
0.008122294
0.4133707
0.9810255
0.9860635
0.5861996
0.06065829
0.0819076
0.3970693
0.6031079
0.9793704
0.4046981
0.5967265
0.4447917
3.614627e-05
0.9952154
0.369378
0.4105421
0.01560564
0.02408722
0.645278
0.5835847
0.9655184
0.5926975
0.9622833
0.02585817
0.02031217
0.9874167
0.378006
0.9979441
0.4272032
0.3660106
0.5799738
0.3880462
0.01475251
0.3924145
0.03632858
0.4050634
0.02731283
0.60517
0.4204949
0.02734584
0.9638359
0.9935071
0.9807956
0.01446629
0.3754896
0.9413289
0.8328215
0.7898732
0.4054256
0.9625723
0.1952772
0.9957022
0.1953065
0.02262673
0.2003402
0.4475707
0.6008043
0.9360283
0.9864977
0.05195849
0.8021593
0.2196874
0.5802495
0.8262868
0.07124099
0.7668337
0.8219402
0.3354325
0.6320457
0.2108782
0.7786291
0.2354948
0.2268344
0.2012508
0.8092796
0.6145853
0.5999104
0.8051541
0.01756527
0.39711
0.9853634
0.5800392
0.9732233
0.2430951
0.02387365
0.7523565
0.8384254
0.9579114
0.6221545
0.3899799
0.9712055
0.01590219
0.8086688
0.4283043
0.9788268
0.5595681
0.6037425
0.001612391
0.7955711
0.3812527
0.8251057
0.375628
0.6010894
0.9409648
0.2343091
0.9772219
0.02950507
0.7719823
0.5650981
0.005863673
0.5844693
0.5756346
0.06183033
0.9801024
0.03445298
0.2127326
0.5393739
0.4011454
0.01814352
0.005872273
0.8159718
0.0284319
0.1946247
0.5868511
0.3944684
0.4144599
0.36835
0.9861654
0.4278468
0.8477433
0.3817916
0.1639849
0.5789148
0.04176145
0.2098254
0.4057762
0.03967291
0.417538
0.9812305
0.9518096
0.2073599
0.9737464
0.4261137
0.9792146
0.258731
0.5825827
