0.03526064
0.01162628
0.9685052
0.02640275
0.9987126
0.9721009
0.01366738
0.9365998
0.05764774
0.9738233
0.995619
0.9390519
0.01080797
0.02759533
0.9681175
0.02386672
0.01468556
0.04765287
0.9662849
0.9905049
0.00272741
0.9758358
0.02980447
0.9736461
0.02361168
0.04807526
0.001445576
0.9745819
0.03731233
0.9982529
0.9375133
0.9641206
0.05377325
0.01550056
0.003794354
0.006740914
0.9957242
0.994822
0.02898394
0.05610815
0.9927347
0.9924939
0.9602634
0.9867938
0.9934102
0.01732806
0.00938108
0.9810036
0.9725059
0.002848428
0.9797146
0.01695625
0.0170561
0.9895061
0.000805054
0.0153436
0.006111516
0.02576691
0.9874053
0.9908665
0.03866298
0.01743186
0.05699098
0.9724157
0.01428272
0.02272924
0.9828775
0.02637298
0.999801
0.006394772
0.9890014
0.005322391
0.9550452
0.9887599
0.9878293
0.03705524
0.9799693
0.982028
0.9838363
0.9094176
0.01278166
0.9241238
0.04523717
0.002107274
0.985498
0.9437995
0.9766376
0.01136551
0.005073423
0.976779
0.004032961
0.9894818
0.9981306
0.01067101
0.9871722
0.0223718
0.9756482
0.04071044
0.0605694
0.9360182
0.06842713
0.9803112
0.9878005
0.399082
0.001499593
0.6109979
0.03226264
0.5878651
0.997749
0.0186946
0.03988918
0.4057774
0.5670784
0.5531151
0.3910971
0.3997649
0.008257036
0.6527314
0.06629317
0.9974501
0.997288
0.6152567
0.9933779
0.02331809
0.6321679
0.06429147
0.6018747
0.9676324
0.4435986
0.01809573
0.9877534
0.06124133
0.5519164
0.5787508
0.6075872
0.5861799
0.9864547
0.3913684
0.3864986
0.4090435
0.01975096
0.9760963
0.02298097
0.009047271
0.9948229
0.02200809
0.9704811
0.9959832
0.569972
0.401572
0.418265
0.9805801
0.635168
0.4096007
0.9852425
0.3841501
0.396548
0.6270419
0.03014917
0.386545
0.03208588
0.3643897
0.618825
0.392756
0.03197247
0.03542556
0.02289474
0.5842945
0.9665202
0.3539196
0.9742942
0.419197
0.0318061
0.3755687
0.9971686
0.6507173
0.5845214
0.02216246
0.03493352
0.9641414
0.05439209
0.9836769
0.008884866
0.9614524
0.3820279
0.6352887
0.991042
0.4298362
0.007939417
0.008680098
0.03380736
0.9873063
0.9804214
0.4046414
0.4142259
0.01700293
0.3803105
0.6200302
0.05370144
0.9979952
0.03545365
0.9294095
0.9771717
0.5603817
0.6193316
0.03690511
0.449057
0.5848436
0.007107065
0.022535
0.6005118
0.3799861
0.03455388
0.4131158
0.9422439
0.3917066
0.00562051
0.9576595
0.6146082
0.9637087
0.3673429
0.5930963
0.9530888
0.9964492
0.4217612
0.9960723
0.452868
0.995945
0.9625232
0.01402288
0.637724
0.5907584
0.3508896
0.6342465
0.003202896
0.9987334
0.3643878
0.03769103
0.6209153
0.6004335
0.4229749
0.3789983
0.4212723
0.009722408
0.00876896
0.02930131
0.003286557
0.611259
0.9965143
0.0458335
0.420946
0.01212586
0.974103
0.4420606
0.3864635
0.0504111
0.9513208
0.5749097
0.01823223
0.9781148
0.9870527
0.6210134
0.3705277
0.03503352
0.3289952
0.9924634
0.3853251
0.4161834
0.9866798
0.4235708
0.6454224
0.04237997
0.005637955
0.375482
0.5590968
0.9869685
0.3645004
0.5793647
0.9925215
0.02889882
0.9795939
0.9758148
0.5910963
0.0005656586
0.9669856
0.9549884
0.610494
0.6558033
0.9459392
0.6081809
0.9640847
0.554489
0.5858539
0.3891298
0.6346818
0.3810757
0.9834912
0.004164618
0.6037994
0.4083458
0.9634987
0.9617344
0.4020741
0.3799125
0.00535957
0.6190635
0.009553029
0.9607127
0.3374495
0.02535187
0.3923826
0.9772857
0.5633235
0.9910246
0.3968006
0.6061663
0.6136562
0.5705264
0.647955
0.9826374
0.4228193
0.03769919
0.584261
0.9675412
0.0396953
0.6284079
0.5726434
0.02277328
0.008724948
0.01781952
0.02532941
0.459067
0.02381182
0.5690841
0.9270807
0.4056354
0.6215385
0.6143245
0.6106537
0.0485441
0.4088347
0.3775766
0.5945053
0.9969079
0.9410837
0.991203
0.6216945
0.4653428
0.6278298
0.03738296
0.9630067
0.042477
0.00902543
0.04265968
0.9609598
0.978323
0.4285239
0.001305842
0.6120425
0.9606441
0.9838148
0.5452431
0.5945235
0.0327466
0.5965139
0.04148658
0.4143373
0.9813146
0.6051798
0.9901968
0.3794146
0.02711304
0.01107415
0.5770687
0.3770795
0.008852974
0.05703357
0.6156752
0.01974817
0.0538374
0.9659893
0.6177662
0.5619659
0.05058599
0.6227638
0.9857496
0.9516176
0.0121815
0.04624282
0.9552606
0.9946698
0.9967845
0.5852893
0.998384
0.9728704
0.986058
0.04847384
0.002521601
0.04884334
0.5784454
0.9700723
0.353748
0.6129261
0.9728703
0.9515636
0.05275068
0.5954288
0.6239497
0.4457803
0.4006167
0.9550857
0.6165515
0.4433618
0.01127861
0.02444619
0.3890649
0.6342185
0.4065028
0.9694755
0.3539024
0.03137978
0.4537794
0.9904936
0.3238069
0.9821231
0.9944109
0.0158456
0.04807274
0.9688139
0.01305422
0.02026851
0.4297015
0.02917184
0.001127667
0.9982438
0.4128218
0.3886918
0.3877156
0.3631067
0.603251
0.961976
0.6167919
0.4041956
0.6179346
0.9834733
0.9935299
0.4152653
0.02181421
0.4079739
0.4661092
0.9873574
0.9723412
0.9766986
0.9454852
0.96182
0.01179438
0.0385627
0.9971263
0.3789818
0.6009784
0.9691285
0.001670183
0.4179855
0.9805684
0.001825048
0.01181953
0.6279894
0.9973249
0.3721273
0.6085374
0.003507747
0.04697376
0.5687469
0.6376054
0.9683431
0.6075934
0.3939117
0.9950252
0.5828575
0.9909144
0.4072757
0.04358096
0.3415743
0.4353395
0.4448482
0.05762997
0.6214762
0.4150559
0.6105986
0.9541694
0.5967947
0.9920134
0.008167567
0.6089954
0.359089
0.001301058
0.6060532
0.3874324
0.01676553
0.9674133
0.9863589
0.4479967
0.5576607
0.9567323
0.5957346
0.4008291
0.4586868
0.944098
0.5751096
0.01034983
0.002997687
0.977502
0.3855673
0.03411492
0.9806703
0.5385048
0.0175419
0.04079698
0.5838496
0.985012
0.3641697
0.4007959
0.9593614
0.3999112
0.3482143
0.3971297
0.03529036
0.5757352
0.9526173
0.9968286
0.3931184
0.02800578
0.9523826
0.973205
0.00582893
0.002363276
0.4193286
0.02114519
0.597641
0.01491982
0.007250569
0.4353998
0.983694
0.6137446
0.9937407
0.605565
0.002934332
0.5588774
0.6118987
0.9610809
0.4567039
0.9571225
0.3903677
0.01299921
0.9504151
0.005744759
0.9831649
0.6442025
0.3818438
0.9972228
0.03841225
0.650283
0.0242419
0.01361884
0.6124436
0.9410773
0.6261636
0.3788669
0.9865797
0.9658358
0.04417715
0.5941964
0.4123904
0.04552025
0.4805435
0.5878359
0.03212978
0.6006028
0.3942788
0.004375612
0.01653359
0.6288496
0.6101874
0.9634133
0.4022021
0.3748771
0.6295357
0.3411663
0.01833983
0.9852112
0.02869781
0.5852333
0.3782817
0.4409441
0.9930802
0.4035525
0.6094444
0.6428805
0.3842297
0.9358809
0.5566798
0.9817632
0.02106927
0.01912353
0.987295
0.9924426
0.6435655
0.6433856
0.6677256
0.07816692
0.5667011
0.6406203
0.06035661
0.980244
0.003183033
0.5759271
0.4187154
0.01182268
0.04197819
0.03059074
0.004020041
0.6442862
0.6699378
0.01425489
0.640804
0.9680717
0.0219428
0.01991708
0.5706175
0.6258603
0.003307582
0.6426443
0.3898467
0.4061064
0.04553511
0.9513003
0.4330537
0.04358792
0.6286746
0.3904955
0.6209424
0.02068326
0.5945754
0.9657712
0.3536629
0.01905193
0.02427586
0.3877821
0.9417791
0.5844627
0.3934705
0.4916307
0.374086
0.3397975
0.5648654
0.9783689
0.6286516
0.5976466
0.3809422
0.56668
0.4330103
0.3458659
0.3801283
0.5940472
0.5677298
0.6206302
0.9824441
0.4364682
0.01388359
0.5674622
0.4073993
0.04704124
0.4462051
0.3982602
0.3948848
0.6101546
0.9899528
0.0315844
0.02255627
0.383643
0.4131659
0.9624666
0.3905622
0.02029938
0.6414339
0.02757073
0.4151852
0.0402199
0.9910109
0.03075459
0.3733153
0.9914055
0.9854117
0.3885046
0.9858821
0.9698026
0.619465
0.6417208
0.9971032
0.01705683
0.9614486
0.05485287
0.5627617
0.4299892
0.6200126
0.3823392
0.3910901
0.3399373
0.990057
0.4304092
0.9918573
0.4211959
0.5635946
0.9994965
0.3529157
0.961044
0.3866692
0.5662124
0.9762845
0.00536847
0.4258996
0.3727533
0.01249592
0.3938654
0.9521805
0.4108346
0.369739
0.9916041
0.9782408
0.02076112
0.3941475
0.3939415
0.9957171
0.5987537
0.4059768
0.9804031
0.01788714
0.003590144
0.3794787
0.006448365
0.01423549
0.3882824
0.4369866
0.3756166
0.4095735
0.01408074
0.9799364
0.9980967
0.3700892
0.9893002
0.6579411
0.551361
0.006816919
0.06228775
0.006993407
0.4655129
0.9287312
0.02534237
0.03970944
0.4035238
0.05587304
0.5791394
0.368559
0.9853156
0.54945
0.03667944
0.4235539
0.4166706
0.9613728
0.3819988
0.9781644
0.9994198
0.9849144
0.4125662
0.4059279
0.3937894
0.6216227
0.3661104
0.4054021
0.9701634
0.9626939
0.5808955
0.4267948
0.405593
0.03504304
0.4009719
0.09308474
0.01818368
0.4095483
0.9635553
0.4361632
0.4367333
0.5337878
0.6028173
0.569265
0.6079113
0.567465
0.9759002
0.6566543
0.4106105
0.9879715
0.00977151
0.4292087
0.9970077
0.06494879
0.9435352
0.6343168
0.5875818
0.5723758
0.9945869
0.3845719
0.007285513
0.9759068
0.9902391
0.4265133
0.005561892
0.5179318
0.6114807
0.9929686
0.629497
0.9963656
0.445133
0.4776853
0.9823519
0.6417731
0.6409446
0.5810988
0.003032974
0.6493743
0.3941203
0.3399655
0.3618465
0.003560423
0.9877598
0.6049478
0.01329839
0.9656847
0.03580927
0.04050746
0.04109841
0.6581341
0.3665766
0.9602755
0.9744537
0.00135402
0.5857065
0.06943209
0.6084148
0.9944757
0.002108726
0.5913916
0.3772788
0.3877023
0.3901521
0.9598199
0.9916952
0.0433133
0.9941809
0.01674024
0.3889979
0.6715407
0.4313498
0.04407211
0.003345257
0.5731518
0.9671659
0.00634646
0.9786584
0.5862224
0.9839717
0.5938359
0.9433219
0.01589351
0.4118526
0.4363131
0.9735281
0.5957034
0.05143961
0.3565679
0.02169926
0.6616139
0.5894241
0.3455719
0.4376603
0.006199975
0.5863905
0.000781878
0.02473852
0.9995359
0.6477663
0.0408418
0.6152278
0.5873891
0.4293226
0.0002098994
0.3498329
0.3548846
0.9957869
0.5973849
0.391971
0.5619933
0.4101314
0.02603702
0.02107067
0.3842475
0.5524043
0.03438741
0.431973
0.01624431
0.3515374
0.9936795
0.381889
0.04532073
0.5953621
0.9957163
0.03988539
0.5912257
0.007994283
0.6080606
0.5705407
0.01117626
0.999754
0.9613463
0.9956733
0.02250091
0.5855381
0.9581506
0.4121477
0.3712497
0.03401087
0.5844213
0.9394505
0.03558237
0.9859363
0.6109849
0.3817807
0.5987873
0.9970003
0.9866488
0.5677243
0.5605585
0.5665433
0.02733302
0.6256675
0.6214356
0.9654526
0.07304862
0.622354
0.006378058
0.9958196
0.6038561
0.9700366
0.4332249
0.6024344
0.009881948
0.4128659
0.6100395
0.9693006
0.5586307
0.6116605
0.4166828
0.5674969
0.9939588
0.9574861
0.02143728
0.0004526169
0.9930864
0.9915168
0.9961427
0.3619424
0.9827692
0.009723188
0.5874038
0.6121475
0.9896573
0.5526751
0.01768321
0.9668138
0.9835068
0.5928663
0.9718725
0.5805846
0.4159322
0.06320303
0.5863792
0.5856897
0.01365508
0.3750439
0.991743
0.5979452
0.01775697
0.4153994
0.5925766
0.6319746
0.5745091
0.3853899
0.5540923
0.3650728
0.9559477
0.9917609
