0.004348453
0.9972444
0.6163698
0.9296041
0.3775126
0.5678809
0.05305846
0.9586397
0.9980752
0.9993855
0.9679951
0.9853138
0.3916197
0.9746175
0.6238255
0.0276365
0.9827694
0.3118689
0.5992765
0.959759
0.5694831
0.9908815
0.5823968
0.9856903
0.4126124
0.007594866
0.6218762
0.6569045
0.04654863
0.01105258
0.9830579
0.02433204
0.619359
0.9826246
0.6503562
0.3958301
0.5703761
0.4250371
0.008894082
0.5935282
0.03309987
0.4398917
0.06586033
0.4141673
0.9683262
0.9431952
0.01250361
0.5698341
0.4245628
0.608129
0.9397
0.9720452
0.3952063
0.9963176
0.00119831
0.01498487
0.4270739
0.5911993
0.9687333
0.004481416
0.9216023
0.02924591
0.5860994
0.3997362
0.5915476
0.4114823
0.6335514
0.409476
0.6369895
0.6237036
0.9824216
0.9757917
0.6721703
0.4291815
0.607993
0.5942701
0.4397854
0.9972455
0.01155667
0.9776552
0.3753833
0.0119859
0.406844
0.9813139
0.6518015
0.02023887
0.6322911
0.02936718
0.01228477
0.02048951
0.6053106
0.5755532
0.9690178
0.00808953
0.5796918
0.002932574
0.6033133
0.3524128
0.4345991
0.4041389
0.5535893
0.3715091
0.02339911
0.6549228
0.6010781
0.4655351
0.3815916
0.6072994
0.3999476
0.598849
0.4426235
0.03267022
0.04557734
0.001594988
0.576976
0.4248434
0.3853374
0.006486903
0.04916965
0.03167447
0.394261
0.5767129
0.9733899
0.9787255
0.03517913
0.6360582
0.6171755
0.9779291
0.3609256
0.5959352
0.01792634
0.5912978
0.9930435
0.639069
0.9782101
0.4077863
0.9863935
0.9778646
0.0531876
0.417437
0.4007042
0.002334383
0.9751473
0.612174
0.05668753
0.979177
0.9872099
0.3570419
0.02815163
0.9512134
0.9698999
0.3680049
0.01080661
0.988999
0.5630531
0.9543574
0.4267951
0.9610362
0.3763817
0.9723409
0.6313189
0.9570536
0.005140001
0.07783876
0.6493828
0.5674473
0.3905808
0.5986312
0.392218
0.9938256
0.3891468
0.9882215
0.9489512
0.03449045
0.576235
0.9936872
0.02868858
0.3833509
0.5982479
0.3893767
0.4281122
0.4426417
0.3844219
0.4252748
0.9931656
0.3821687
0.06267223
0.9348646
0.4236205
0.6190391
0.4267593
0.994254
0.374429
0.4623228
0.01631256
0.3993541
0.02554484
0.950267
0.02807
0.3888348
0.07007354
0.4006845
0.03766028
0.4493961
0.3748285
0.99776
0.06428665
0.9489975
0.6132794
5.034578e-05
0.5994464
0.5434136
0.004120517
0.9992376
0.4522473
0.438303
0.04263554
0.004653333
0.01967344
0.02358317
0.5557894
0.5891278
0.3872601
0.9768942
0.5872215
0.5892019
0.3796753
0.6049004
0.980827
0.3863101
0.4255318
0.5794024
0.5897333
0.04205711
0.9767866
0.05521582
0.3769969
0.6001151
0.02425239
0.03515659
0.3998147
0.02996043
0.006427316
0.967402
0.4550574
0.6005602
0.02905794
0.44743
0.9945543
0.5729047
0.01539875
0.9882096
0.4125853
0.6535303
0.3399501
0.6129923
0.04916268
0.9890269
0.03602246
0.003467789
0.3923919
0.01262481
0.6167241
0.02605632
0.626514
0.3801677
0.01108995
0.9743841
0.9660525
0.3843854
0.9754779
0.4278218
0.9952418
0.03226698
0.04620038
0.4283169
0.9493672
0.422952
0.5568648
0.4368844
0.9758753
0.43308
0.9352253
0.01186769
0.4261407
0.5646232
0.9776468
0.6013467
0.5917848
0.03018079
0.5811613
0.02855812
0.03429892
0.3750407
0.9268272
0.965035
0.6104215
0.9709361
0.3704061
0.9538383
0.6103986
0.9590627
0.3840585
0.02041839
0.9819128
0.3743734
0.5783254
0.02880084
0.03772589
0.02433499
0.5621486
0.6330777
0.9655573
0.02286289
0.5677168
0.9551063
0.6195086
0.9698195
0.6334534
0.9929785
0.4062959
0.5958644
0.9612861
0.3853078
0.9486038
0.5897392
0.01301376
0.006120827
0.04877152
0.9709214
0.9354349
0.9769728
0.01191479
0.966025
0.9592179
0.9738551
0.0250517
0.980068
0.000804812
0.9879405
0.9983131
0.03223128
0.9201995
0.006517947
0.01289943
0.9676416
0.003191099
0.04527179
0.9960172
0.9369798
0.0297105
0.9452457
0.9613331
0.9606395
0.9713403
0.9401796
0.9345694
0.9829307
0.06136635
0.9737687
0.9685416
0.9628292
0.9788373
0.06936023
0.02409794
0.9933783
0.02516623
0.9686567
0.0007510683
0.005599879
0.03228922
0.02779289
0.9747127
0.01146393
0.05379162
0.003823005
0.9584135
0.9755978
0.003977376
0.9831077
0.9185857
0.9732669
0.01116286
0.02359337
0.9860083
0.01701373
0.01670107
0.01218017
0.01240167
0.05070781
0.9658305
0.9984168
0.9991575
0.01584756
0.03923115
0.0213987
0.05363494
0.9886639
0.03539101
0.01936151
0.03067268
0.9946046
0.02819113
0.9821182
0.02314216
0.9714829
0.9932805
0.01442548
0.08612396
0.0005523116
0.9945563
0.9514751
0.9873804
0.9845247
0.03074073
0.01106074
0.006602973
0.03525355
0.9759469
0.00822125
0.9653366
0.01629753
0.01502117
0.97111
0.9741655
0.0268781
0.989195
0.9442601
0.01535184
0.03805137
0.9614132
0.01056884
0.9941254
0.9792597
0.008804254
0.008543591
0.9581514
0.9850306
0.02369137
0.9944074
0.9545374
0.02539692
0.01894484
0.01403139
0.9703936
0.9854996
0.9874153
0.01214566
0.01128379
0.05554612
0.9739253
0.000802571
0.9913738
0.01675106
0.9850035
0.9524479
0.9666639
0.9821298
0.9742943
0.9766274
0.02899904
0.9944645
0.002817378
0.02127556
0.02965294
0.03349563
0.01377002
0.9722064
0.9773398
0.9710056
0.9676271
0.9909174
0.04226667
0.02651204
0.03532468
0.9888891
0.9348691
0.9788833
0.9861174
0.02858037
0.007262179
0.02896445
0.06594492
0.003700053
0.9969653
0.007749865
0.9308629
0.03072126
0.9996956
0.04405198
0.01899415
0.9472386
0.01694601
0.9863609
0.958232
0.001414787
0.04084673
0.9768263
0.01791159
0.9833291
0.9491208
0.9959768
0.02640908
0.9909116
0.9807035
0.002584014
0.9991386
0.007994465
0.02841194
0.0238559
0.9974499
0.01934492
0.9756271
0.9760987
0.9915969
0.9896988
0.003599474
0.03824748
0.9808362
0.9939865
0.001842555
0.986165
0.9686005
0.0106209
0.9520183
0.9845942
0.94024
0.00732494
0.9884226
0.975438
0.05193636
0.9658553
0.983868
0.9367326
0.01154779
0.9797758
0.9739655
0.01986506
0.9937757
0.01736066
0.9951277
0.006779693
0.0264252
0.9857141
0.03315643
0.0307867
0.9834234
0.9772084
0.9972302
0.9982206
0.9985289
0.9935422
0.9918546
0.989506
0.9870094
0.000990164
0.9483701
0.9815963
0.9458424
0.008307641
0.01238247
0.9868839
0.0302611
0.9939763
0.01277033
0.9408645
0.0386211
0.0397033
0.03243593
0.04978154
0.01405999
0.008056183
0.03455313
0.9786558
0.001361108
0.9840846
0.9601982
0.03177111
0.01965149
0.02009698
0.04957424
0.9576165
0.02814628
0.01059699
0.01255906
0.9562988
0.05429654
0.0267584
0.0143676
0.9742826
0.9675754
0.02278255
0.9827194
0.02011015
0.0427259
0.02405638
0.00267194
0.01337173
0.9786927
0.9698472
0.9952128
0.9946159
0.9844113
0.9934347
0.01559764
0.01702892
0.02282579
0.02641453
0.03905327
0.962283
0.9961545
0.9971798
0.9935282
0.009293382
0.9846997
0.00811295
0.02349518
0.9896058
0.005419539
0.9792479
0.01736921
0.9853453
0.9820832
0.01983761
0.9988869
0.03103867
0.9599126
0.009163565
0.03687279
0.9784954
0.9840283
0.9646175
0.007784511
0.01629824
0.02195074
0.008319142
0.001976005
0.003604803
0.04568412
0.9703701
0.03958141
0.976687
0.006016433
0.9612428
0.958628
0.01467236
0.0190093
0.01242397
0.01121976
0.001515786
0.03024074
0.995063
0.9982305
0.03196599
0.9963248
0.0008120339
0.9870903
0.02372125
0.0163645
0.04360307
0.968848
0.9871406
0.004723915
0.9830318
0.9911312
0.01677483
0.9731688
0.01549994
0.010547
0.9868596
0.6074408
0.004848927
0.3757917
0.6417018
0.9537312
0.4091157
0.9824232
0.9660644
0.989215
0.9665564
0.9291079
0.3854033
0.9691936
0.6194485
0.5980544
0.4074429
0.6004963
0.9911963
0.9749084
0.9650478
0.5754369
0.4530287
0.6348874
0.9615138
0.3498903
0.358046
0.4052533
0.5852942
0.03067772
0.6402687
0.01710335
0.6120495
0.9973636
0.9851864
0.3976886
0.6272895
0.412455
0.3992801
0.6229301
0.04517382
0.9475943
0.01528725
0.4033518
0.01032502
0.6344923
0.006780015
0.5783093
0.04250172
0.9805212
0.6533992
0.03768935
0.98953
0.4019423
0.6570365
0.4080988
0.9974074
0.4428906
0.9959289
0.9975908
0.03033053
0.9180186
0.5828705
0.005521156
0.9967866
0.9960477
0.6182966
0.04147451
0.9509822
0.4079662
0.9924317
0.983869
0.5825731
0.5950378
0.005547624
0.02209441
0.4538806
0.9687839
0.9848074
0.378049
0.6000393
0.9799108
0.0003319544
0.3879209
0.006802242
0.6590618
0.6185281
0.5766794
0.01034688
0.5958418
0.627383
0.5644152
0.3653408
0.9370946
0.3763008
0.5709465
0.378984
0.9891623
0.5009778
0.9800769
0.3593182
0.9841438
0.6353593
0.3777752
0.969504
0.3985428
0.015698
0.021039
0.006266564
0.3449121
0.008686801
0.4747698
0.623829
0.0002317734
0.6002057
0.6224162
0.5987881
0.3912947
0.04011038
0.01604633
0.9301662
0.01522961
0.9838204
0.004762055
0.6001316
0.3405618
0.02210486
0.04008823
0.9730238
0.5955003
0.03447294
0.01091344
0.0835935
0.6528505
0.9495288
0.02534061
0.6523631
0.4349794
0.07172999
0.0004464888
0.9850432
0.997728
0.06315817
0.5143389
0.4115952
0.05941745
0.4291962
0.4600566
0.004372069
0.9884469
0.9762614
0.5857241
0.9864732
0.02574506
0.01148238
0.0187897
0.5956536
0.5769336
0.9847582
0.3722467
0.5900542
0.005085408
0.4078898
0.01458085
0.380282
0.4143239
0.5798589
0.9758901
0.4888585
0.5872345
0.5896752
0.9688305
0.5873215
0.0342035
0.3907689
0.650457
0.9644353
0.0482041
0.010392
0.9579196
0.6251067
0.5906496
0.5735538
0.006556277
0.4476232
0.0007105352
0.3647232
0.6309786
0.9536348
0.04978218
0.4045151
0.6305217
0.3918418
0.996128
0.4095809
0.02143337
0.5874281
0.9693392
0.5834609
0.4109271
0.5956679
0.9958838
0.9769168
0.5308898
0.01963358
0.9935031
0.4391374
0.3540651
0.3915374
0.01267809
0.974446
0.01261249
0.9897057
0.9597408
0.9961748
0.9848649
0.4202957
0.02151853
0.3672527
0.6437336
0.3965397
0.3889699
0.002133354
0.5805929
0.05760252
0.007940675
0.04275821
0.9750335
0.6296889
0.04526889
0.01400797
0.008804248
0.6006595
0.3961839
0.02830322
0.3720331
0.9647297
0.6118788
0.37099
0.3900499
0.9575856
0.04484537
0.618236
0.5789341
0.6463327
0.0102886
0.3615167
0.04672417
0.01195516
0.01511524
0.4054975
0.9957218
0.3553587
0.01716968
0.9785731
0.4047581
0.6135737
0.3908676
0.9863129
0.9676537
0.3801284
0.01209369
0.3973956
0.395505
0.9507908
0.6244849
0.6068763
0.0195842
0.630003
0.390174
0.5933218
0.02625319
0.3846167
0.003464787
0.9947151
0.05370841
0.01297408
0.09046567
0.4356904
0.3847703
0.01054782
0.5926406
0.6076903
0.3546719
0.9649795
0.4142493
0.9679789
0.5802259
0.9462948
0.5924053
0.9763367
0.01425927
0.968248
0.4126677
0.4195191
0.9720472
0.004604122
0.02492246
0.4205204
0.9702391
0.6444745
0.4476319
0.04177216
0.3939787
0.9731851
0.5802511
0.001986729
0.6158667
0.5706891
0.9861634
0.5761772
0.3912128
0.6206472
0.03033175
0.4629359
0.02517133
0.3652547
0.6248557
0.9864513
0.9903035
0.9347786
0.3784288
0.6020833
0.9919569
0.5644428
0.9743555
0.4470653
0.3909902
0.5965818
0.0201475
0.9740588
