0.03670569
0.567857
0.4907314
0.06497328
0.9953891
0.02973431
0.481947
0.9701449
0.4810322
0.4951652
0.04700632
0.9933683
0.02337094
0.5261529
0.9331758
0.9621671
0.4821734
0.4577939
0.9500443
0.04584377
0.4655348
0.06014308
0.0004154945
0.5198146
0.9968526
0.01439311
0.9686419
0.4392319
0.9963504
0.06434072
0.02391566
0.5509593
0.9646369
0.04825083
0.5125162
0.5516707
0.9740455
0.999716
0.001435247
0.9643689
0.4759686
0.01642314
0.4939179
0.5131522
0.5210515
0.5064883
0.009669537
0.9654165
0.9490652
0.4463418
0.04396319
0.993541
0.03408686
0.5192859
0.02109504
0.01406126
0.03020724
0.4612846
0.01236989
0.9888882
0.9848625
0.007781285
0.5475539
0.006900941
0.01255935
0.9653891
0.03047508
0.5090356
0.0001070346
0.9981708
0.4511273
0.983111
0.9909985
0.01088638
0.5587611
0.4411808
0.9909636
0.02017187
0.9261047
0.9558805
0.01470615
0.5283501
0.009992982
0.9915051
0.5509536
0.986695
0.9622193
0.02102912
0.9901562
0.962091
0.9934134
0.05992787
0.9638302
0.4819378
0.4578603
0.4891943
0.9670577
0.009034868
0.9612444
0.4847505
0.9644623
0.9574258
0.0358239
0.02151764
0.9888219
0.998539
0.9919033
0.04583324
0.001054459
0.9762594
0.9649264
0.03055279
0.9714979
0.05872529
0.9957664
0.04149865
0.9577826
0.0195473
0.9958296
0.02770851
0.03983251
0.03474761
0.08411275
0.9988381
0.002714167
0.01869104
0.03125734
0.9612157
0.9793452
0.9531272
0.01002283
0.01987041
0.02446494
0.003439358
0.9928466
0.01472483
0.0370576
0.9955517
0.9964126
0.02705274
0.9843353
0.9162799
0.9953155
0.9627326
0.06105641
0.005145632
0.9937664
0.9619829
0.9425679
0.004730838
0.02612371
0.04676683
0.001649484
0.9813477
0.01973317
0.03148548
0.9774893
0.02507422
0.01349139
0.9403393
0.02372518
0.9901695
0.9983592
0.981147
0.01526364
0.9764173
0.9892968
0.02070635
0.9843361
0.9840907
0.9847754
0.9492895
0.05746408
0.03744901
0.01068673
0.002412302
0.01563312
0.9296358
0.9671869
0.9538093
0.007745887
0.06737842
0.9426686
0.9706891
0.9607414
0.9814227
0.9611053
0.03741053
0.9563077
0.9727802
0.03055028
0.9803689
0.9926851
0.05924279
0.01147841
0.9508763
0.9883009
0.9467079
0.9250729
0.9766142
0.01852044
0.01841596
0.9979141
0.9844772
0.9502719
0.9464004
0.9424871
0.003430237
0.9975067
0.001535943
0.06231466
0.00380143
0.9917254
0.9646494
0.00479008
0.9996222
0.008165721
0.01423599
0.9208294
0.02071543
0.9650584
0.01325
0.0372706
0.993748
0.9965499
0.0142339
0.0256049
0.9488905
0.9936016
0.05436467
0.01914718
0.04783694
0.9832051
0.9883624
0.05702942
0.01900297
0.021544
0.9412417
0.003974196
0.9374426
0.9726239
0.01316942
0.01004592
0.9678056
0.003439918
0.986873
0.04994655
0.9462075
0.02240492
0.9588061
0.03738396
0.9964184
0.9927197
0.04061435
0.9936506
0.01800797
0.9623668
0.9597796
0.9619597
0.03154094
0.007383475
0.01608633
0.9525868
0.03751639
0.9883441
0.009137418
0.9730194
0.986974
0.01378285
0.0281055
0.9688872
0.01864406
0.02821523
0.008001512
0.01346811
0.03531701
0.01760725
0.9326754
0.956454
0.9995151
0.0126816
0.0003822749
0.00329676
0.9815872
0.9618348
0.9699605
0.003285599
0.9681655
0.9989898
0.9770476
0.04769963
0.9710406
0.9839975
0.9967757
0.9937501
0.9878656
0.003107779
0.0103264
0.9550873
0.02502161
0.9901537
0.9953374
0.9998843
0.966544
0.01423498
0.03242063
3.843228e-06
0.03651326
0.007220607
0.9952677
0.9718053
0.9926021
0.9656478
0.9973664
0.9617522
0.9395298
0.02772094
0.008795861
0.03269993
0.03251451
0.05774618
0.9516026
0.0004857686
0.9635143
0.01125076
0.01787799
0.993223
0.9914307
0.9686523
0.0387948
0.9670819
0.9797288
0.0002497891
0.0303856
0.9535135
0.05234838
0.02331026
0.002782683
0.985152
0.9754075
0.9473185
0.9630209
0.03476079
0.9887764
0.01016759
0.02056877
0.9571972
0.9686088
0.01826635
0.9428059
0.9464975
0.03402896
0.9961388
0.9993184
0.004439226
0.9913896
0.02319411
0.9504805
0.001010926
0.007472136
0.03510885
0.01926948
0.05444866
0.02636794
0.9871009
0.9509167
0.03337426
0.9728938
0.0128434
0.03487488
0.04413012
0.02352502
0.003612074
0.009201693
0.999759
0.03064753
0.03767076
0.0178723
0.9900384
0.9689473
0.9823631
0.9549883
0.006188424
0.01198585
0.9820193
0.04568518
0.007514769
0.9857035
0.01902828
0.02734037
0.9703157
0.01641845
0.9932979
0.917356
0.9926345
0.9894093
0.9792295
0.9877156
0.9797783
0.03210158
0.01409647
0.9894234
0.01231739
0.007909301
0.01883552
0.9552099
0.9778687
0.9988445
0.008838713
0.9663284
0.03533715
0.9892262
0.009943299
0.008872718
0.9712803
0.9576781
0.95237
0.008650929
0.9638744
0.9649516
0.9386022
0.9522982
0.9964348
0.01914387
0.003029931
0.9779671
0.9844184
0.9812295
0.9963708
0.06498191
0.9263042
0.06374439
0.03729455
0.9912982
0.008393231
0.9917525
0.9356726
0.9672324
0.0569543
0.9963949
0.9891884
0.9974542
0.9837024
0.9551665
0.991737
0.001821867
0.008504614
0.9472107
0.04344892
0.0001739819
0.9976317
0.07951746
0.9827955
0.02510203
0.9805119
0.9958909
0.05251351
0.9832089
0.005034931
0.977635
0.995438
0.968019
0.9480057
0.9738841
0.0264821
0.9868063
0.005184996
0.9430251
0.0009941917
0.06435579
0.9688374
0.01145246
0.01386887
0.03353747
0.01064182
0.9786085
0.9851317
0.9585796
0.01592147
0.04463401
0.917496
0.03546057
0.02601158
0.9950164
0.03235917
0.9911186
0.04319866
0.01234546
0.9541782
0.03666855
0.02847069
0.009212272
0.01843417
0.9706664
0.01768532
0.9995685
0.9868736
0.0359413
0.9647221
0.9784206
0.9737922
0.03008671
0.007146594
0.01702655
0.9943939
0.9779824
0.008048594
0.03604533
0.005236423
0.9414966
0.999966
0.03221477
0.0530904
0.9406781
0.01204296
0.00912369
0.989336
0.9902365
0.03059794
0.0755213
0.04514835
0.03024103
0.9676378
0.04500948
0.02097566
0.9895532
0.009615124
0.992499
0.015487
0.0362901
0.01887295
0.9731585
0.9735551
0.01546248
0.997044
0.04694106
0.01653663
0.01551455
0.02760037
0.9609998
0.9947164
0.9997265
0.001453141
0.9425435
0.009140372
0.9580472
0.9861415
0.03998877
0.9937415
0.04619959
0.9419072
0.006787222
0.9536463
0.01188254
0.01393011
0.009060248
0.01485584
0.9753915
0.9789474
0.01935331
0.997401
0.01674705
0.9852864
0.9493798
0.005572651
0.9562166
0.02425576
0.9645388
0.9979632
0.9854828
0.006522588
0.06052253
0.01529728
0.9695948
0.03076083
0.003300099
0.03299178
0.9648955
0.03520963
0.9887598
0.01801608
0.9569499
0.9742792
0.02185271
0.006787743
0.001936041
0.01869718
0.01585739
0.9907607
0.02805501
0.9842658
0.01348349
0.9607971
0.03612758
0.9778537
0.01004935
0.9797033
0.02001844
0.9784604
0.05461446
0.9951815
0.9940021
0.9819605
0.9687504
0.01900313
0.9739899
0.9719461
0.9353456
0.04000846
0.932346
0.008644354
0.9989749
0.981936
0.01490301
0.03123799
0.02714914
0.01838231
0.9628948
0.9982698
0.02365548
0.969052
0.03589855
0.9779705
0.9848039
0.04362985
0.93055
0.958672
0.9968436
0.9970874
0.9908091
0.9810641
0.9793495
0.02774497
0.01400264
0.9413435
0.9956539
0.05990073
0.9703261
0.9796449
0.9337643
0.9937476
0.01227681
0.9952036
0.9395243
0.005032987
0.9555218
0.04353287
0.01689992
0.9971494
0.9538782
0.01537983
0.9923483
0.001984511
0.9793723
0.9643673
0.9767267
0.008459576
0.0438578
0.9842889
0.03179573
0.06637167
0.9769358
0.03055082
0.0356063
0.9969255
0.08166897
0.06695894
0.966241
0.03048759
0.9991772
0.002845858
0.0264781
0.984073
0.9745772
0.9833225
0.9912394
0.02342698
0.002086525
0.9598274
0.9723975
0.9885495
0.9903173
0.01239032
0.002959741
0.005900983
0.9660744
0.9736666
0.9450481
0.9985971
0.964868
0.02265155
0.9674809
0.9901608
0.927359
0.03533925
0.9945551
0.9263885
0.9976657
0.02138028
0.007224021
0.950307
0.9510338
0.918804
0.9765337
0.9781704
0.9757379
0.06531865
0.01983881
0.9902235
0.01061053
0.02930797
0.002796725
0.9646334
0.04621991
0.06107098
0.01935326
0.982521
0.04164482
0.007204276
0.0285238
0.02591045
0.9924982
0.009323874
0.9716828
0.01279693
0.980064
0.0172782
0.9841573
0.9578162
0.9827752
0.03085962
0.02640684
0.9523858
0.01426877
0.02299002
0.984598
0.9883756
0.9829139
0.9745531
0.01105923
0.001712884
0.05154906
0.05141258
0.02045091
0.9649102
0.02592635
0.9894028
0.00917883
0.9670278
0.023052
0.002527843
0.007737534
0.04417766
0.01479639
0.9837403
0.009241187
0.02103653
0.9960619
0.9879383
0.9955313
0.03862488
0.01182874
0.9992104
0.01941052
0.002051054
0.9734003
0.008932148
0.05231729
0.9418906
0.009685287
0.9858202
0.006543321
0.04023503
0.972898
0.9536609
0.0139556
0.03919273
0.01593302
0.001098352
0.003635114
0.9820137
0.01887423
0.01034523
0.9979572
0.9646085
0.03904654
0.9826169
0.05529933
0.001627621
0.05377924
0.003486842
0.9924483
0.002443016
0.9066392
0.9964268
0.002857629
0.0005411608
0.01475714
0.02814248
0.9387983
0.03330833
0.9934523
0.05137093
0.0562184
0.003356115
0.9573021
0.949196
0.01101491
0.9885593
0.9675244
0.02567942
0.02121792
0.9744541
0.9871438
0.02393909
0.0461945
0.9941626
0.94609
0.06474813
0.9894826
0.01223881
0.9382558
0.9643248
0.02732533
0.9733687
0.9754166
0.992002
0.9530207
0.007905254
0.9975966
0.01694559
0.9644356
0.06895671
0.9904251
0.9738982
0.998338
0.9698729
0.9848074
0.01012965
0.01487759
0.9735426
0.9475286
0.01174599
0.9908951
0.9926961
0.9726204
0.9933058
0.9754268
0.01990291
0.9835803
0.01749902
0.9554745
0.007574114
0.04554086
0.9816148
0.04807537
0.02259844
0.009856799
0.01414153
0.05356455
0.02872971
0.978508
0.03753204
0.9674036
0.03689569
0.03035116
0.984921
0.003069876
0.9897021
0.009183348
0.04038765
0.03406751
0.04628698
0.9844902
0.04171468
0.9900749
0.9964424
0.07247012
0.01257535
0.03558924
0.999559
0.9985663
0.9938596
0.02428058
0.0152964
0.03530148
0.9577869
0.02197999
0.0369306
0.06902886
0.9922134
0.04391607
0.003254464
0.05766437
0.05518204
0.9876028
0.0526941
0.9673488
0.9875741
0.01208296
0.01381609
0.005872209
0.002400272
0.002782265
0.01185078
0.9793016
0.04235394
0.9731824
0.00150809
0.9974214
0.9931681
0.9880571
0.0984633
0.04459806
0.009815688
0.9828641
0.02022235
0.04609389
0.03304631
0.9483061
0.02498586
0.9882699
0.008868275
0.01237698
0.988664
0.005882065
0.9873958
0.01625676
0.01219291
0.008480277
0.007026882
0.0494901
0.01269541
0.9881161
0.02457505
0.03947263
0.04126573
0.9848571
0.9844472
0.02941752
0.9821749
0.01755673
0.03426486
0.9924768
0.9835445
0.04402335
0.9559564
0.02222367
0.997641
0.02144987
0.9959357
0.00592946
0.005148389
0.9545622
0.02232032
0.9764292
0.02729246
0.01245006
0.992124
0.04221927
0.01590119
0.006690799
0.02197402
0.9941523
0.997277
0.9561039
0.01080418
0.9561198
0.9585086
0.9710084
0.9853012
0.9750074
0.979131
0.9676365
0.9899636
0.9679824
0.008933247
0.9783911
0.9953232
0.9604222
0.005250346
0.009300395
0.02250035
0.9607731
0.9829212
0.01305586
0.9991968
0.9509981
0.9843176
0.006656451
0.9966137
0.01018006
0.9972674
0.9827287
0.07375878
0.9828213
0.05021019
0.00712947
0.9848506
0.9937718
