0.1801038
0.02145162
0.02145121
0.2037207
0.2508662
0.9508692
0.6099512
0.3713483
0.6273503
0.7624895
0.05310778
0.6181042
0.7993743
0.01341726
0.3387565
0.1789264
0.5954576
0.9603656
0.01693067
0.3713381
0.9860989
0.6231166
0.3843323
0.1759979
0.5843548
0.7836307
0.08284809
0.3990584
0.4522208
0.4072409
0.01173791
0.2124023
0.01282424
0.591532
0.6273834
0.7949135
0.972719
0.0544859
0.9596105
0.0257721
0.4094984
0.3821789
0.7962024
0.9997418
0.6320003
0.9736187
0.776232
0.007642046
0.7776833
0.6140244
0.604347
0.3687633
0.9758012
0.1884558
0.4108378
0.002121736
0.02758882
0.5933937
0.01657066
0.6059946
0.8419876
0.3964698
0.8149278
0.9991463
0.4289783
0.1758929
0.002122221
0.0134836
0.2139212
0.7829243
0.5926773
0.6330688
0.7909873
0.6113476
0.02990215
0.5861083
0.9521603
0.978934
0.1849906
0.1221133
0.391632
0.5987174
0.998167
0.3809478
0.9646347
0.5512008
0.3841602
0.1753044
0.8074453
0.1923197
0.5909165
0.8028382
0.1977829
0.8091897
0.6362881
0.377627
0.005930739
0.2204931
0.8296845
0.991357
0.4149829
0.1879033
0.8432482
0.743379
0.405743
0.3739606
0.4341238
0.1580292
0.02601733
0.02182893
0.9883457
0.1898638
0.3703526
0.4042736
0.2752072
0.9849052
0.5894096
0.0450561
0.003609528
0.9944129
0.3925295
0.1983601
0.573205
0.9596354
0.9761444
0.9935444
0.8025505
0.6226008
0.1974715
0.4136627
0.9773699
0.01703442
0.989072
0.5996277
0.9757696
0.7834442
0.2321075
0.802641
0.978946
0.01297288
0.1617429
0.2018235
0.396612
0.9845093
0.2005593
0.02387182
0.3681835
0.2185157
0.638808
0.8012579
0.02680663
0.3717212
0.144496
0.9948996
0.819992
0.6387391
0.9124551
0.6314771
0.04127013
0.4368443
0.3949987
0.4055526
0.7771546
0.5891613
0.0005757548
0.422643
0.593696
0.2263933
0.7952502
0.9754814
0.5540641
0.005409132
0.4110373
0.03866376
0.9823794
0.04197414
0.6004778
0.2522973
0.9412372
0.8059087
0.1625993
0.3507747
0.2071406
0.3909202
0.8363039
0.9626446
0.01791926
0.1598069
0.3588028
0.536095
0.3805432
0.7933463
0.1831685
0.3973088
0.1854902
0.7742072
0.0304367
0.6399177
0.3852929
0.8285463
0.5648991
0.1707753
0.04169819
0.1697998
0.791923
0.1801241
0.5883706
0.4286728
0.3724887
0.5558304
0.4032221
0.3551801
0.2133302
0.2169453
0.7595729
0.5872933
0.8016804
0.2026203
0.2161372
0.8337609
0.5527535
0.6021071
0.9695708
0.2126276
0.1740706
0.8161616
0.01218103
0.03580883
0.7991958
0.8887621
0.795228
0.6286363
0.6037212
0.9931774
0.792639
0.9585943
0.9816426
0.4405419
0.4247037
0.4174597
0.6083084
0.2037585
0.9480264
0.4205529
0.6234668
0.952693
0.6239584
0.1887497
0.7833801
0.412863
0.370715
0.4441452
0.3830276
0.004465852
0.5732071
0.5639651
0.9765013
0.7712018
0.806117
0.6070387
0.8050346
0.4759502
0.9659093
0.9961341
0.9651771
0.01846795
0.5831001
0.4029795
0.7982374
0.1587049
0.4148571
0.9559524
0.3870476
0.3685259
0.2365246
0.8020002
0.2289716
0.5836327
0.1765992
0.4631104
0.1837386
0.6102412
0.0259422
0.7638993
0.01178282
0.4214626
0.7884309
0.85872
0.03225256
0.9624759
0.5372864
0.02714976
0.6018395
0.5647303
0.3324556
0.5833254
0.1523607
0.6333066
0.2032645
0.05109727
0.9949436
0.3966546
0.6136055
0.9984814
0.7801102
0.3675096
0.7819461
0.5609677
0.8224364
0.9717976
0.4001904
0.6238717
0.7864737
0.7855
0.1512026
0.6002059
0.5964796
0.01536254
0.006189582
0.003155004
0.9989027
0.5910705
0.5834455
0.214464
0.2083848
0.7601933
0.7974154
0.03856612
0.4502271
0.2206156
0.9681346
0.007903626
0.006289019
0.3937365
0.9854825
0.1679695
0.9991703
0.004381247
0.001971813
0.8015253
0.9388136
0.7885861
0.7717246
0.9721156
0.004934602
0.9817521
0.4094105
0.9894849
0.9382082
0.01225497
0.03772728
0.7960801
0.7226911
0.1999234
0.20721
0.8648079
0.7881721
0.9696063
0.189381
0.7988237
0.007553673
0.2004682
0.01796884
0.973114
0.8223296
0.6123903
0.4087532
0.8159713
0.8764429
0.7924146
0.7748922
0.9747678
0.2096882
0.007297942
0.4287284
0.5833681
0.806875
0.964687
0.7811751
0.2465259
0.9987113
0.4265366
0.4140926
0.009555443
0.6217005
0.8119652
0.002829924
0.9830695
0.5998362
0.2634244
0.01397767
0.0266504
0.2250944
0.8398383
0.7657533
0.9636605
0.1798349
0.5622033
0.3693059
0.9797549
0.9712962
0.9806563
0.8050308
0.02541385
0.1947722
0.4004948
0.3841154
0.01779784
0.5976251
0.9528381
0.7816985
0.6054484
0.1905944
0.8294581
0.2308238
0.9680575
0.2153491
0.7885457
0.8400246
0.007228266
0.9884878
0.8175856
0.3967585
0.1590123
0.006616095
0.8111545
0.003531522
0.6017852
0.1642371
0.5811902
0.6143443
0.578169
0.258016
0.8206667
0.04842753
0.4022183
0.7885816
0.4151813
0.02219276
0.4089871
0.007920366
0.533096
0.9920894
0.9783616
0.01877635
0.0005195821
0.2178785
0.008009752
0.5831843
0.2268322
0.04562287
0.4023262
0.4151874
0.5947562
0.1699143
0.1961772
0.1676022
0.1884954
0.8041058
0.5938755
0.9568405
0.6221758
0.006732451
0.03598427
0.9709068
0.7458294
0.0277057
0.5933236
0.9923628
0.9916962
0.9375881
0.2391414
0.991855
0.9958453
0.04461106
0.9871283
0.4128265
0.3945875
0.9602215
0.4174212
0.2123654
0.03946661
0.001850725
0.3850798
0.6148288
0.9831228
0.9985326
0.3674268
0.2059342
0.6703936
0.01377074
0.01968743
0.774282
0.5733793
0.005878323
0.5641051
0.9879419
0.9805252
0.9909119
0.0161922
0.587687
0.02691603
0.6020975
0.4087251
0.5815879
0.3969648
0.9941888
0.4195163
0.575508
0.9959493
0.07590835
0.6235443
0.005144621
0.595187
0.009369961
0.5973483
0.02175879
0.4199739
0.9867902
0.9996736
0.5991815
0.001835503
0.9630425
0.02296768
0.9776057
0.4187044
0.6168009
0.03907683
0.3765683
0.3898404
0.0004498151
0.3785703
0.3744804
0.9723622
0.06164424
0.6130479
0.954334
0.9954295
0.9924249
0.005181401
0.3154564
0.9769516
0.5811617
0.6266985
0.9792381
0.003745364
0.6291364
0.9738974
0.9301757
0.4532853
0.4423772
0.3367992
0.4458949
0.3414675
0.9518209
0.637394
0.01506759
0.5885723
0.3711508
0.4157918
0.01653591
0.3381031
0.03008239
0.3775971
0.6152789
0.6047133
0.4061616
0.3580482
0.04119314
0.4049513
0.5941563
0.9449024
0.04016295
0.9727802
0.9916549
0.9771909
0.982565
0.9955726
0.6274309
0.4019763
0.01764738
0.9908783
0.6765627
0.5801765
0.9962715
0.02735836
0.6293926
0.4444865
0.6708208
0.5147138
0.9468133
0.5774197
0.4341561
0.9823671
0.5564304
0.03571608
0.4422805
0.3760351
0.5892712
0.5790886
0.357602
0.6165446
0.9866754
0.03181624
0.4380663
0.9822856
0.6683496
0.6205881
0.4140001
0.5906282
0.9663297
0.02981316
0.5876938
0.02173383
0.04424425
0.601157
0.6379293
0.02668424
0.4159833
0.004332341
0.3425376
0.04138091
0.01467705
0.9850178
0.977892
0.9920639
0.9752339
0.9908275
0.579574
0.5916043
0.01696018
0.5786182
0.977934
0.9864598
0.005897791
0.9817692
0.05000495
0.01049722
0.0159648
0.03495316
0.01244552
0.6249453
0.5917815
0.9835959
0.6219947
0.3799007
0.01239112
0.5890608
0.5337518
0.0072763
0.03929136
0.9721795
0.9865632
0.02205456
0.5819676
0.4418225
0.03281507
0.6614171
0.562462
0.3940563
0.4704145
0.6069499
0.01321785
0.01515859
0.9848007
0.5708131
0.6324039
0.6416308
0.9464807
0.5682341
0.356667
0.04561636
0.4308625
0.452223
0.9962501
0.6090443
0.02748586
0.3961061
0.6039371
0.3650575
0.6640126
0.004483064
0.9673679
0.006422064
0.9793336
0.01249332
0.01113846
0.03867637
0.6154885
0.6127774
0.01755736
0.6098862
0.5907889
0.4038636
0.3814735
0.5873116
0.5767767
0.9567362
0.4108325
0.9963149
0.3914859
0.381083
0.9828201
0.5387007
0.9805774
0.9636926
0.5712751
0.426372
0.573562
0.3774658
0.9776757
0.5839371
0.02998468
0.9628133
0.5655596
0.5561602
0.4317999
0.998146
0.5722676
0.9875301
0.4188858
0.002040385
0.01856749
0.388591
0.03640013
0.9921412
0.3820228
0.02104763
0.01489945
0.3931498
0.3677653
0.4816078
0.5861604
0.574344
0.9829786
0.9780778
0.981931
0.6200911
0.9666039
0.9660463
0.01839944
0.002974306
0.9987685
0.5738394
0.5830449
0.3732029
0.3735367
0.9907543
0.9882204
0.02903115
0.6180037
0.9632057
0.374788
0.9739815
0.9995108
0.5758015
0.3895831
0.4129602
0.01222058
0.3703419
0.9979299
0.02666505
0.3484258
0.003175106
0.6163511
0.005411576
0.9843268
0.9794069
0.01826558
0.9594801
0.9846772
0.3753869
0.5612229
0.9824044
0.6611108
0.9879505
0.99867
0.6064572
0.9611118
0.9970649
0.6257076
0.5791704
0.9658331
0.0235262
0.9539897
0.01665116
0.4068933
0.9915691
0.05294496
0.4028595
0.06135663
0.0534398
0.02074654
0.4056513
0.0242132
0.9834653
0.5811069
0.03181875
0.027638
0.9734992
0.4148016
0.6123722
0.9887681
0.4458354
0.4045402
0.3699082
0.60538
0.9995742
0.4164954
0.03960291
0.4190807
0.5502264
0.9779193
0.3858321
0.3999041
0.9991443
0.01022253
0.02246536
0.02909668
0.9704469
0.5880187
0.9196691
0.5592376
0.9966089
0.9712942
0.5601633
0.4007442
0.587336
0.3388996
0.568515
0.4226951
0.6110149
0.3897126
0.5993594
0.9635783
0.379779
0.6247413
0.5796174
0.61214
0.9948708
0.0263951
0.3773273
0.9890001
0.9961958
0.4383241
0.4336901
0.4232073
0.5968932
0.6137101
0.045508
0.9625136
0.0007043653
0.4051952
0.9702608
0.4133237
0.9968717
0.9863534
0.9946127
0.3869293
0.0506485
0.009412179
0.3596621
0.9463362
0.5779867
0.4223196
0.004950667
0.593805
0.586932
0.3813623
0.9801531
0.6356782
0.01497155
0.9853685
0.4383032
0.05471831
0.03773696
0.04827066
0.06127714
0.9546237
0.5150754
0.9867853
0.3628279
0.4056272
0.9798703
0.6678556
0.004288065
0.3851314
0.4263508
0.0009502655
0.9738771
0.9692196
0.9641348
0.405362
0.006505516
0.3545451
0.9993781
0.3585232
0.05145856
0.02244726
0.004256341
0.4057908
0.0199694
0.4058575
0.56696
0.9716403
0.007471458
0.5808363
0.6095851
0.3728698
0.5861818
0.01815784
0.4026005
0.6229769
0.9896923
0.3494433
0.6615779
0.5486033
0.4015508
0.3593721
0.04843231
0.0009684791
0.5663773
0.001784362
0.02988404
0.06634121
0.6173522
0.4455979
0.5895494
0.6071766
0.3828949
0.5560314
0.02905315
0.956571
0.02218145
0.04384234
0.6369206
0.5538182
0.9791118
0.9938053
0.3738558
0.373394
0.3819985
0.04195182
0.4303478
0.5890608
0.4300202
0.9810418
0.007949649
0.9271213
0.6394225
0.006470963
0.007450955
0.9881123
0.4025148
0.5968923
0.9980605
0.4276566
0.003734343
0.0626476
0.9903333
0.5933578
0.05052899
0.0281191
0.3661154
0.9978896
0.04014114
0.6387067
0.03657839
0.008142261
0.4260159
0.9697617
0.013358
0.0040973
0.3680636
0.4038224
0.4007208
0.02665997
0.4004509
0.9704272
0.5897799
0.5380998
0.01689737
0.9440088
0.3898983
0.9841005
0.9697549
0.6157261
0.4420461
0.621156
0.008676789
0.3904148
0.9954955
0.01566893
0.3638458
0.05130151
0.04662315
0.02805939
0.979272
0.4719749
0.4107874
