0.5188297
0.02965788
0.02778831
0.5327919
0.9446853
0.9854499
0.9914878
0.9994922
0.4816515
0.09969834
0.9625955
0.4698527
0.008502668
0.4651214
0.4732885
0.01115635
0.4871082
0.9605281
0.005514158
0.9859511
0.01303214
6.642616e-05
0.04261155
0.007375769
0.9703051
0.9510025
0.9974306
0.05565628
0.0330124
0.452052
0.9848078
0.45883
0.471867
0.5264626
0.5032964
0.9987602
0.9892418
0.9681065
0.07595234
0.01268066
0.02474715
0.4591046
0.02385565
0.519877
0.4719357
0.9647774
0.4484637
0.5181007
0.9890562
0.004559532
0.9923058
0.9865993
0.9882322
0.006580611
0.0368329
0.01799449
0.4527829
0.44023
0.9424908
0.5177942
0.08008021
0.03102095
0.9944437
0.06229997
0.01912796
0.02995311
0.0004134555
0.9911696
0.008628236
0.9848259
0.9713974
0.9866771
0.9811835
0.03030237
0.4985488
0.5167879
0.02891846
0.03640994
0.9870168
0.9767824
0.03719516
0.9620341
0.002676584
0.4978544
0.021549
0.9875886
0.9190113
0.9926984
0.4578713
0.4877522
0.02036019
0.01605487
0.5102678
0.997676
0.9757152
0.02512857
0.0248671
0.01198836
0.9901815
0.02144802
0.5329437
0.9834838
0.472108
0.5132934
0.5278415
0.02683934
0.4114238
0.03471725
0.505334
0.9708284
0.004756967
0.04414844
0.007341121
0.5038921
0.4886739
0.03676036
0.9913055
0.9689635
0.008030509
0.9946579
0.5433266
0.4742977
0.5395936
0.01384023
0.08426157
0.03766517
0.4999906
0.004308221
0.492844
0.007028177
0.4836338
0.9727635
0.01919099
0.9851848
0.9886381
0.009061163
0.9825673
0.5227274
0.5192268
0.9849366
0.9648796
0.997473
0.524512
0.003867141
0.9605545
0.05450736
0.002617754
0.9623297
0.005246846
0.9713451
0.02501961
0.4498674
0.5556831
0.9859498
0.9612277
0.9933632
0.0002434709
0.5007667
0.05027585
0.004150828
0.5340583
0.9864886
0.5189095
0.541163
0.9639363
0.9982889
0.01570984
0.9725326
0.9808219
0.5299462
0.4918024
0.951856
0.02188408
0.4769225
0.9795376
0.9657407
0.9841361
0.5251033
0.5717255
0.02279196
0.02261369
0.9893289
0.9739894
0.9896042
0.4870098
0.5305797
0.01170582
0.007189942
0.515703
0.496388
0.9960204
0.007558279
0.9672754
0.972727
0.04595113
0.9602527
0.9965828
0.4927754
0.5090071
0.01600034
0.9945706
0.4518032
0.5050382
0.01943342
0.9902372
0.4702594
0.5108256
0.05208568
0.4962628
0.9851771
0.01556923
0.02626689
0.9923416
0.03785451
0.9693525
0.971272
0.98501
0.4552205
0.9895521
0.03127033
0.01335718
0.4895149
0.9556992
0.4752982
0.5395648
0.9982956
0.4526605
0.03235307
0.5368205
0.5038841
0.01935681
0.9895879
0.5561965
0.0164608
0.01866083
0.02141285
0.03598237
0.9962965
0.01462232
0.9137449
0.9968824
0.4996537
0.006603434
0.9985518
0.02304907
0.5077865
0.4908259
0.9911442
0.04216945
0.9998201
0.9751087
0.4925503
0.9705867
0.02756978
0.9750535
0.01005106
0.9827289
0.003287747
0.9996269
0.9872702
0.05076538
0.0206816
0.4679043
0.01156878
0.9852158
0.05152057
0.5039974
0.06066343
0.9571904
0.9965064
0.006644424
0.9885043
0.9072828
0.04611352
0.1031067
0.5103073
0.002229413
0.4599283
0.04803885
0.9836431
0.04734896
0.02210127
0.996279
0.9949603
0.01804555
0.9839317
0.01737893
0.9668093
0.0003910727
0.02517877
0.4893254
0.5162584
0.9859671
0.03159179
0.5365883
0.002834395
0.5180722
0.06733326
0.03927177
0.004305159
0.0131035
0.006472776
0.5410087
0.9660761
0.02884064
0.9458378
0.4567935
0.5767418
0.4918221
0.9715178
0.9795413
0.5505249
0.9965875
0.06083346
0.01447549
0.02067659
0.4787773
0.0223211
0.9760085
0.5135786
0.566346
0.5193737
0.9994729
0.9649122
0.4408072
0.01024844
0.01023025
0.01001467
0.9987447
0.505546
0.4313278
0.529393
0.4885369
0.9842151
0.5155128
0.9950931
0.9881195
0.4698547
0.9930014
0.4770898
0.9994306
0.5144158
0.4837773
0.4619768
0.01853717
0.4535583
0.9742468
0.0123742
0.5291313
0.03028596
0.4339603
0.4774695
0.9957775
0.9685728
0.9883422
0.543515
0.477007
0.9853849
0.06129008
0.02347644
0.9847525
0.02334049
0.9775895
0.4838648
0.0358809
0.9474807
0.496973
0.02389267
0.0358863
0.998388
0.9798424
0.015287
0.5380879
0.9877505
0.01699761
0.01651093
0.02607824
0.9785715
0.475805
0.002521433
0.01357205
0.5083198
0.9927378
0.9888321
0.02650132
0.9572205
0.9853382
0.4759388
0.9863203
0.01739771
0.9615758
0.0008813702
0.01146865
0.376068
0.03419688
0.01453044
0.4547567
0.02739903
0.01432976
0.5216625
0.4646446
0.9628702
0.4885943
0.007496718
0.5087448
0.9882052
0.02180202
0.9868271
0.5017118
0.918574
0.5225625
0.0297875
0.03810798
0.0143603
0.5366525
0.01863601
0.9865794
0.9312184
0.4890436
0.006845896
0.9976138
0.02761952
0.4703679
0.5525976
0.9483698
0.4966168
0.0428573
0.520256
0.01508917
0.9976732
0.5212836
0.9711402
0.03256028
0.4727555
0.5316686
0.51364
0.5347865
0.4415233
0.5752039
0.4949843
0.9919315
0.01522795
0.05488711
0.02200331
0.4958457
0.9488912
0.002275339
0.9998658
0.4513755
0.05628052
0.9780097
0.5197465
0.9866182
0.4638959
0.9841676
0.01409957
0.4877831
0.5313664
0.5287352
0.02033638
0.9740357
0.9786626
0.03243453
0.01935488
0.4754279
0.485129
0.9709231
0.5164863
0.507912
0.02457302
0.981514
0.9873965
0.99607
0.04009444
0.02285495
0.9962451
0.5321817
0.9643943
0.03067754
0.9760213
0.07623357
0.0531716
0.02978882
0.9866568
0.9926082
0.4500012
0.9558777
0.9473433
0.006682408
0.983125
0.01225576
0.4933685
0.006340748
0.4555727
0.007707886
0.5222917
0.4715202
0.9860204
0.9807912
0.5108902
0.0587399
0.5791242
0.02551231
0.02299238
0.9760909
0.9809588
0.02925281
0.9920821
0.5532872
0.9818824
0.03610439
0.9662362
0.5373191
0.5633979
0.9734554
0.9996489
0.9801551
0.9808141
0.5000341
0.5027288
0.9972679
0.9887748
0.9541888
0.5049379
0.486428
0.02394885
0.5118162
0.4996454
0.492435
0.01017186
0.9758303
0.9544564
0.435206
0.484589
0.9815671
0.9636038
0.544992
0.05808173
0.9891895
0.4787154
0.9903527
0.52953
0.5228222
0.5455912
0.5172409
0.4639104
0.002185256
0.5226785
0.9464306
0.9925186
0.5250293
0.9696859
0.9985506
0.510172
0.009945784
0.02268573
0.001724319
0.5183811
0.524995
0.5142323
0.9803951
0.0003643862
0.5154009
0.4371783
0.01129906
0.9692163
0.5365551
0.9567252
0.4863742
0.00844462
0.03689675
0.4624599
0.516882
0.01985382
0.946771
0.9878737
0.05223491
0.9633278
0.9627697
0.01612787
0.02469462
0.4725179
0.9738061
0.9972138
0.5234518
0.02487807
0.01293585
0.05155762
0.429335
0.5205344
0.9400616
0.4913113
0.9655635
0.9738281
0.4803774
0.02105995
0.0201379
0.5252831
0.9802902
0.0002214365
0.9375633
0.006053584
0.4796735
0.04763265
0.96019
0.01185561
0.9896396
0.436683
0.02476191
0.9961567
0.9931909
0.5236757
0.03508288
0.4697916
0.5460783
0.9980016
0.4522004
0.4658582
0.509942
0.9869273
0.5448485
0.9883117
0.003123626
0.01336568
0.9838182
0.9976179
0.523062
0.05190705
0.4652976
0.5142204
0.9617633
0.5382918
0.4661502
0.0484776
0.5335537
0.507753
0.9947068
0.01804075
0.4586568
0.04245393
0.9526688
0.9554164
0.007438934
0.007185081
0.491558
0.4654939
0.5008999
0.02124538
0.5135028
0.01137327
0.963754
0.4851166
0.9643584
0.03177131
0.4694401
0.9989932
0.4406442
0.4541535
0.4952998
0.4947145
0.0198409
0.9870438
0.0217667
0.9959462
0.9661914
0.02960321
0.9967265
0.04332142
0.4858514
0.4808839
0.5454855
0.004436969
0.5289393
0.4821453
0.04466033
0.4931073
0.9790243
0.9701285
0.9876359
0.9962258
0.4626396
0.5108067
0.00633192
0.01498686
0.01336123
0.9623836
0.5203278
0.9734786
0.9345652
0.4564899
0.5080228
0.01304052
0.9555406
0.9961386
0.5067075
0.4871981
0.0200769
0.5332602
0.996692
0.9666057
0.02950573
0.9903121
0.05632246
0.01850471
0.01032949
0.9952043
0.4948613
0.9854937
0.00776466
0.9741605
0.01688175
0.9940611
0.001057226
0.9731912
0.02356659
0.4739395
0.02418738
0.5542452
0.505088
0.03292382
0.03413064
0.02102868
0.4963958
0.5511693
0.4937947
0.5120517
0.01799624
0.02046416
0.02112223
0.4733228
0.9945677
0.9879812
0.01753992
0.03502375
0.04144184
0.9878541
0.9275819
0.02982286
0.5063952
0.476814
0.9913943
0.9843535
0.9809748
0.9851161
0.9787411
0.9823286
0.01855382
0.9794654
0.02817912
0.99676
0.03298499
0.02236286
0.01026551
0.4830317
0.5291059
0.9945917
0.993834
0.5048413
0.4848938
0.5193827
0.538607
0.989893
0.4355671
0.9994631
0.460247
0.0291459
0.9741923
0.9965537
0.4971909
0.01734649
0.01181937
0.5395119
0.03214517
0.9841132
0.04000156
0.04581503
0.9641324
0.9554916
0.9789812
0.0006604932
0.01663436
0.008691474
0.9935845
0.5123158
0.006986852
0.9889023
0.9999086
0.4806546
0.4857715
0.9682967
0.4824112
0.5147037
0.02119127
0.05954669
0.9836934
0.4820391
0.9829464
0.002107602
0.5359409
0.9983268
0.4730172
0.9614404
0.9843217
0.4941936
0.01046489
0.524121
0.5123763
0.515838
0.9470672
0.9797182
0.0531884
0.9528571
0.01732474
0.9905228
0.9862731
0.0213024
0.00136965
0.9878104
0.003464423
0.4416933
0.9867228
0.4936113
0.5070769
0.004616215
0.03552171
0.9548709
0.1059581
0.4903684
0.02528305
0.5087927
0.9927405
0.003085602
0.02621646
0.4543316
0.979205
0.03524181
0.001906683
0.990565
0.001245892
0.01639735
0.9764182
0.5072243
0.5315721
0.4499803
0.5031752
0.5219465
0.01809328
0.9952316
0.5024119
0.03961116
0.4590009
0.522279
0.9993084
0.5458593
0.02362161
0.5128624
0.02323543
0.0275548
0.9922545
0.009832061
0.9636748
0.977628
0.4848784
0.9865119
0.01042018
0.4426694
0.9899653
0.4780291
0.01423839
0.00953662
0.5164555
0.02042662
0.02325438
0.9967516
0.9525473
0.02203049
0.04887626
0.492083
0.978589
0.9698435
0.5084464
0.4939148
0.4817301
0.9856975
0.9767485
0.9687318
0.02510374
0.9801633
0.01773166
0.4795502
0.5056766
0.01228058
0.9825547
0.4530187
0.0004143779
0.003193935
0.03071341
0.5045896
0.489737
0.5446628
0.7770444
0.8145375
0.1933494
0.6379248
0.6450866
0.622786
0.4015395
0.8114093
0.8436423
0.01078966
0.03125489
0.8100679
0.3774358
0.2503189
0.8580258
0.1799668
0.2213
0.000416407
0.3828788
0.9963873
0.8181513
0.2575582
0.8028164
0.2192224
0.3773657
0.2457508
0.578159
0.6153276
0.9731588
0.09213629
0.7811882
0.005217811
0.1926483
0.9850007
0.9809355
0.9813903
0.002962048
0.6133889
0.2051407
0.3552841
0.9800788
0.3896393
0.02308437
0.7933405
0.6152341
0.984176
0.968223
0.6183444
0.9847781
0.2196696
0.9791443
0.03170324
0.3735975
0.7877466
0.3358494
0.6283361
0.3411261
0.3986172
0.7924913
0.9947642
0.01371678
0.2719912
0.5838483
0.6611133
0.5608492
0.4331278
0.6202225
0.7864442
0.9697668
0.7994459
0.03711497
0.3902455
0.2213678
0.1903745
0.01424262
0.01514534
0.5884841
0.786194
0.5641347
0.1966345
0.7427815
0.1865512
0.4061419
0.385907
0.06940003
0.9520039
0.806226
0.1732411
0.4115417
0.6209591
0.0001872558
0.0223185
0.005058307
0.9911492
0.363798
0.9639317
0.134155
0.9342567
0.02667955
0.9331124
