0.02942689
0.02452152
0.0168551
0.0006766461
0.02888364
0.01999306
0.00408083
0.04430232
0.01789118
0.02421756
0.01385498
0.0115751
0.0198831
0.005135254
0.01860836
0.003432702
0.01909295
0.0675316
0.001973841
9.657387e-05
0.01076995
0.003406355
0.07463267
0.005048511
0.01094016
0.01713501
0.005604051
0.03080728
0.0002395962
0.04037646
0.001740927
0.0191293
0.02539169
0.02108985
0.04857314
0.02958951
0.03722913
0.02028647
0.08674565
0.008763935
0.02589593
0.03155013
0.04077651
0.005070807
0.006896938
0.05299801
0.01219418
0.01044745
0.04019505
0.03193954
0.01674561
0.02022484
0.02441963
0.02517301
0.0142575
0.02730645
0.07460767
0.01452773
0.02152445
0.01507168
0.005881429
0.01988548
0.002331461
0.03402928
0.03753779
0.008113747
0.009441341
0.05564016
0.02790285
0.009354177
0.005529765
0.003788885
0.005330859
0.02269586
0.03435635
0.03073927
0.0208934
0.01147626
0.0246888
0.004465491
0.02581218
0.007766727
0.01050813
0.001523299
0.002772036
0.06392121
0.002903706
0.02939051
0.04241776
0.01605487
0.01366491
0.02174796
0.003419347
0.003042111
0.0137072
0.05162908
0.02004464
0.01138698
0.006939594
0.03288475
8.117203e-05
0.04402848
0.006879127
0.0312111
0.03025877
0.0004709247
0.0113218
0.009753571
0.01432535
0.04349855
0.01343691
0.06328988
0.01023603
0.0474508
0.02296243
0.009451132
0.006505399
0.003654343
0.02022012
0.01871872
0.009558459
0.007784298
0.007354694
0.007234526
0.02940401
0.005375977
0.03396414
0.00185463
0.03780487
0.03454363
0.003644968
0.007580787
0.01264792
0.03562858
0.04352906
0.05770809
0.003253612
0.05705355
0.002820629
0.007915073
0.05063178
0.0356032
0.001486725
0.03125239
0.02436474
0.05355351
0.01507047
0.01076945
0.002009389
0.02298848
0.01229509
0.0003931017
0.03970668
0.03624438
0.004773884
0.03530134
0.005908318
0.03773171
0.008379999
0.01996695
0.04206754
0.008076353
0.0006404037
0.01796899
0.07415192
0.03602804
0.06580738
0.01141603
0.01934501
0.02730403
0.03597319
0.04260938
0.02096105
0.008631346
0.004888676
0.01521675
0.03687369
0.007189301
0.009309504
0.02278886
0.02725065
0.002818232
0.08183533
0.02164293
0.004000536
0.0351302
0.02744244
0.06127029
0.00195683
0.005759494
0.01028747
0.0323253
0.0004555737
0.04341779
0.01064184
0.02840791
0.03283062
0.01008433
0.03694412
0.01767337
0.007140144
0.006762575
0.01987839
0.006678147
0.04888473
0.003549674
0.04674598
0.01029685
0.01668943
0.01996721
0.02445005
0.01677187
0.01230384
0.02613085
0.03035003
0.0616274
0.01425833
0.02258168
0.02051554
0.02587537
0.001187817
0.04636987
0.01158363
0.00707908
0.01357223
0.05558576
0.05736886
0.022711
0.0504224
0.0195656
0.02607935
0.03968631
0.05312208
0.01452293
0.04043187
0.00384327
0.01537509
0.03803693
0.01194712
0.02501383
0.02498688
0.07177394
0.04836324
0.02184649
0.01023781
0.04003472
0.01527923
0.03226063
0.007853751
0.01406721
0.02358373
0.003638127
0.007048835
0.017579
0.02129556
0.04894746
0.001533336
0.01007412
0.04761315
0.04846785
0.004802701
0.0315161
0.006126355
0.007265408
0.02038642
0.01194346
0.01336661
0.01818107
0.009861974
0.03068812
0.05931865
0.017092
0.04282951
0.0470116
0.01470287
0.00387044
0.01193311
0.017983
0.002572157
0.03824828
0.01135403
0.01033415
0.007441401
0.003939591
0.0006016819
0.01750031
0.01289398
0.04196261
0.03347605
0.01373604
0.01541211
0.03010835
0.04011565
0.01062095
0.05559972
0.004058127
0.002479793
0.02422347
0.02870511
0.01551703
0.04155553
0.006511265
0.02938388
0.03303499
0.02666526
0.004692784
0.004974318
0.0336343
0.003617383
0.005027653
0.02765564
0.02718018
0.007764432
0.03637394
0.04353972
0.01263012
0.01988632
0.01220726
0.02348476
0.04196489
0.01692987
0.01299507
0.005792789
0.001619092
0.02251055
0.003896452
0.02541901
0.01272472
0.0134618
0.04489908
0.02013058
0.0221206
0.04783511
0.01808088
0.004177352
0.00251431
0.04101899
0.006503367
0.05460738
0.02571547
0.01941847
0.01027649
0.0720819
0.06417517
0.05464949
0.01279125
0.05174459
0.03420572
0.01390873
0.006283046
0.01580473
0.001582787
0.02774425
0.004138653
0.03910489
0.004821237
0.0001759958
0.05158269
0.0009547185
0.01391131
0.01842221
0.00870584
0.02649265
0.05365986
0.05759559
0.05152831
0.01789001
0.02023485
0.04409903
0.0001303756
0.05002249
0.01305996
0.03429353
0.00939698
0.00068769
0.03481512
0.04275532
0.06235472
0.02142641
0.06040877
0.0351647
0.01703408
0.01949639
0.02996383
0.04581706
0.0210333
0.06714886
0.03531443
0.01337909
0.008199099
0.03784434
0.01723766
0.004237994
0.05487284
0.001767785
0.04317547
0.0004522905
0.008551751
0.02358211
0.01272618
0.0248324
0.02733915
0.044415
0.02987217
0.02555399
0.007498157
0.03221663
0.02452673
0.05652999
0.00140378
0.0034447
0.02300585
0.03099103
0.03027302
0.01666951
0.06578507
0.03311813
0.02127395
0.008833371
0.001755667
0.01196204
0.05352128
0.02166618
0.004243743
0.04009479
0.02716546
0.03736172
0.02519759
0.01428572
0.06087166
0.01953692
0.01941759
0.02006877
0.003528253
0.005510638
0.02072106
0.01126396
0.008637756
0.008927396
0.06571783
0.01320899
0.004463218
0.002166504
0.01578165
0.006824803
0.006983306
0.04039746
0.018769
0.04669032
0.01293092
0.0224033
0.01022987
0.01350536
0.01150687
0.0207981
0.001584029
0.005007431
0.02024108
0.003171805
0.001571496
0.01521537
0.008493471
0.01396066
0.04811343
0.03915054
0.009235374
0.02701535
0.05297865
0.05060036
0.004925358
0.02762394
0.03016548
0.01457929
0.0148383
0.02073322
0.01893316
0.01419071
0.01585015
0.03805213
0.002129669
0.05663949
0.01859293
0.005839906
0.0398638
0.02228049
0.009832556
0.02691975
0.07207653
0.02463243
0.03837117
0.03186506
0.04248027
0.02622926
0.01442766
0.0144908
0.01775258
0.002626199
0.04331653
0.006321365
0.05473714
0.05735971
0.04892961
0.05066043
0.01373108
0.05350929
0.04418728
0.02123294
0.01198422
0.00586286
0.009383547
0.03895904
0.03923745
0.06579079
0.02297174
0.002423594
0.002425038
0.02644361
0.003323611
0.005868763
0.0007731655
0.0001248521
0.01001133
0.02899797
0.01073986
0.01987401
0.002580223
0.009348172
0.02631276
0.0350453
0.0278253
0.0025098
0.07853969
0.0339842
0.04022113
0.04528428
0.008940789
0.02098399
0.01406075
0.02769681
0.01409066
0.03905649
0.02135772
0.02967278
0.01477425
0.02748725
0.01232836
0.04784986
0.003376332
0.02644659
0.01713104
0.05372484
0.03214623
0.0130704
0.02766595
0.01701059
0.01948023
0.004223207
0.05223918
0.03429323
0.005233444
0.006011753
0.0497899
0.03728289
0.02784534
0.03333706
0.004500273
0.01614485
0.02592701
0.01649906
0.00261774
0.002284157
0.0327351
0.004809862
0.02311672
0.01342011
0.001514517
0.02410683
0.0007758628
0.001065915
0.03097231
0.002667552
0.03721373
0.003928441
0.06658564
0.02323845
0.03903865
0.02357852
0.004153217
0.0166957
0.003108581
0.002281901
0.001606816
0.01327161
0.01121066
0.02621926
0.03542918
0.01615227
0.03663005
0.02379695
0.0173245
0.002916987
0.03575177
0.06163647
0.01407451
0.006422469
0.01120152
0.02670282
0.03918618
0.02079516
0.02092766
0.02203701
0.03204517
0.02578153
0.01903208
0.000871354
0.06117733
0.006104869
0.03201837
0.03632439
0.019855
0.05545185
0.01156224
0.04179534
0.07671767
0.04102158
0.006680062
0.0001306341
0.02278424
0.01302667
0.03301748
0.05852962
0.005195438
0.0008418124
0.006749619
0.02515464
0.01712593
0.05691659
0.05563807
0.02753815
0.03373262
0.01034575
0.04402712
0.006624538
0.001441372
0.03131649
0.001561971
0.04651068
0.01900209
0.01176309
0.005861255
0.02148966
0.01087302
0.03383206
0.02094881
0.01798747
0.005445465
0.001440202
0.00441455
0.007450437
0.04293653
0.03993188
0.007028659
0.01585137
0.06868632
0.05607536
0.05921311
0.02185685
0.04392301
0.04369783
0.02971906
0.02205067
0.01452917
0.01715973
0.02522347
0.01330136
0.02028297
0.01499743
0.03502709
0.04332244
0.01277394
0.02827308
0.0325099
0.02483368
0.04220864
0.02593983
0.01083779
2.194403e-05
0.0515365
0.02787884
0.0221911
0.0043826
0.06900622
0.05278945
0.03016687
0.000547129
0.002202531
0.007806367
0.01488886
0.06491641
0.02821005
0.02499313
0.02307572
0.004376318
0.003945343
0.0007637106
0.0338896
0.02031991
0.02151366
0.04074879
0.006814513
0.01298931
0.005953449
0.05488741
0.0345438
0.001252554
0.02669214
0.04290266
0.01444482
0.04803742
0.01711044
0.002283242
0.005970161
0.02609527
0.01006923
0.03589283
0.0254843
0.009015792
0.002904514
0.003831575
0.04066195
0.01519071
0.03837125
0.03511594
0.006386009
0.04199148
0.04241384
0.008214715
0.004615011
0.03827186
0.01067769
0.020116
0.02279314
0.01102912
0.01511393
0.006932897
0.004777528
0.04770089
0.006005954
0.0424981
0.0005773744
0.01360537
0.01141641
0.030547
0.003262909
0.02065588
0.002088125
0.03402269
0.01819934
0.0268746
0.006629058
0.002944262
0.0007162439
0.01499503
0.0009711438
0.03477594
0.0236488
0.02682257
0.02162357
0.002240336
0.02691623
0.007882356
0.01260485
0.02802122
0.003555287
0.04017464
0.04656788
0.02238746
0.04933408
0.03424078
0.01329361
0.02469654
0.01186509
0.02952639
0.004705037
0.01522647
0.06475355
0.008907414
0.05237001
0.009780456
0.05343646
0.02522418
0.01945539
0.03727685
0.01130589
0.01063768
0.02895126
0.03213251
0.02578692
0.02974384
0.02090467
0.00129885
0.06543743
0.03146606
0.02136508
0.04454826
0.04617322
0.0001625818
0.06401972
0.02987542
0.01688719
0.007930976
0.008478162
0.04808578
0.02938364
0.0002205818
0.007728367
0.02354253
0.07987553
0.005281843
0.007785647
0.008348015
0.01434083
0.04283382
0.02176023
0.02020747
0.02844236
0.01803365
0.0152858
0.008663682
0.005331344
0.01020463
0.0292502
0.01322571
0.050466
0.03568345
0.03318004
0.06370364
0.02771463
0.05434577
0.009887431
0.01779238
0.0182732
0.00243843
0.003760316
0.04488326
0.01959443
0.01331356
0.0586746
0.02049116
0.01962537
0.02762533
0.0260629
0.014575
0.03124626
0.06979522
0.02967958
0.009912891
0.002950556
0.0005738446
0.002215568
0.02068271
0.003415418
0.01682288
0.01468337
0.00865461
0.001240677
0.02034587
0.0007332124
0.0287247
0.009453496
0.02585734
0.00449986
0.02637957
0.01100838
0.008119697
0.01386444
0.009072762
0.005604991
0.01279726
0.03960383
0.04848521
0.03542907
0.01085529
0.02382211
0.02719994
0.004100083
0.01229746
0.03100124
0.002661463
0.002792345
0.03544383
0.03584485
0.01767901
0.007318442
0.05354639
0.007040068
0.01933468
0.004428398
0.01614902
0.006101236
0.02672872
0.02885611
0.07515561
0.04622118
0.001011923
0.003710213
0.04326343
0.002911689
0.0422208
0.03853774
0.005024049
0.003989694
0.003016371
0.02911159
0.01145122
0.02027815
0.01578866
0.008169633
0.007365372
0.01288761
0.02495512
0.02585388
0.02190231
0.006331586
0.03919341
0.01961621
0.02415181
0.01349346
0.03619941
0.0001709661
0.04190711
0.002579274
0.04152833
0.03169095
0.01558882
0.0171805
0.002392216
0.002241439
0.0228384
0.01458296
0.05878221
0.01989351
0.03049149
0.03678289
0.02978619
0.06427607
0.04427261
0.02262821
0.00853311
0.01077616
0.00479352
0.01359958
0.04456432
0.01245776
0.008441499
0.02404174
0.008624341
0.04137913
0.03270504
0.0200917
0.0178763
0.006758504
0.05579793
0.00173684
0.04626079
0.05116382
0.01614212
0.002635755
0.002464016
0.04491043
0.004779771
0.002131763
0.04964311
0.005546863
0.01710798
0.022631
0.0423699
0.02851378
0.02974266
0.009864459
0.01576847
0.0249048
0.002670955
0.01685321
0.02562143
0.03538459
0.05804902
0.02445747
0.01491481
0.02033076
0.006523382
0.007518991
0.04129532
0.03156721
0.03476151
0.02521773
0.02057828
0.08002904
0.03669113
0.005507349
