0.9732717
0.02086908
0.9812688
0.9841035
0.00130266
0.984769
0.9798555
0.9502916
0.970667
0.9548883
0.9592857
0.04161121
0.009760719
0.02811399
0.9553527
0.03431013
0.008947604
0.07407756
0.0001314749
0.9999008
0.9661297
0.9905331
0.004405044
0.9708244
0.04752115
0.9948785
0.02629809
0.01511134
0.02499925
0.9958824
0.9614769
0.9661595
0.9869563
0.9631823
0.9291458
0.02702091
0.9810012
0.00367227
0.9631566
0.9627935
0.9868389
0.9799704
0.03832907
0.9635671
0.9919477
0.01945336
0.9667901
0.9986833
0.004035782
0.9783655
0.02962096
0.06632821
0.9984522
0.023362
0.01464876
0.03374539
0.9784533
0.04963037
0.03839172
0.01601864
0.9816423
0.03436519
0.9470313
0.9808657
0.04160613
0.9832723
0.9974933
0.9401877
0.04785236
0.07144916
0.02102623
0.9957905
0.01926555
0.04296036
0.977675
0.9826081
0.008698013
0.02555011
0.9989435
0.9530291
0.978814
0.000880793
0.9741892
0.07149845
0.003655009
0.9997064
0.9738185
0.9787053
0.9255021
0.9983631
0.02430369
0.9927622
0.9824464
0.0201754
0.02647155
0.9786697
0.01798867
0.02846434
0.03070474
0.9804798
0.9845698
0.9679412
0.9753792
0.02188932
0.992163
0.007511824
0.02610416
0.0003398329
0.9954167
0.05157177
0.9891647
0.03835923
0.02536862
0.9706607
0.9354117
0.9983838
0.9835063
0.01642149
0.9440631
0.9483435
0.9992862
0.9910284
0.9703811
0.009844327
0.9692938
0.9568978
0.04248368
0.002856517
0.01619439
0.007686162
0.9617263
0.9689671
0.02629489
0.9772732
0.9996473
0.9300984
0.9924091
0.02915249
0.05486643
0.03322711
0.01137195
0.04272601
0.9645958
0.007433329
0.01939048
0.01046313
0.9693518
0.004787025
0.02295227
0.9761909
0.972523
0.02575293
0.9618152
0.06196031
0.0447871
0.9864765
0.9772241
0.9458909
0.9434592
0.986792
0.0205385
0.9967135
0.02027808
0.9773702
0.9640107
0.02163441
0.01095053
0.0220304
0.02799636
0.00388057
0.0267926
0.002552488
0.9803664
0.006959856
0.01638162
0.9506844
0.9974158
0.9815612
0.03433678
0.9951888
0.04298947
0.01439299
0.01835568
0.9485947
0.01387039
0.008387722
0.005601425
0.04098607
0.05427221
0.009525391
0.0356369
0.05365249
0.9485373
0.987065
0.04451133
0.9989517
0.9700025
0.04433817
0.9846676
0.005435224
0.9948643
0.008430759
0.04799849
0.9957769
0.03826426
0.009414471
0.02606706
0.9960896
0.9963105
0.998054
0.9850823
0.0214246
0.03324307
0.03111193
0.9807032
0.01476778
0.05872574
0.9519023
0.9884303
0.01504102
0.9610262
0.9931209
0.004598334
0.03407517
0.003978794
0.9888575
0.9659281
0.9502317
0.04537289
0.01317435
0.02050043
0.03208146
0.01946331
0.9514087
0.9924853
0.9970323
0.01655361
0.01198753
0.9560126
0.960647
0.9998269
0.008455595
0.9955006
0.01065195
0.972823
0.007116416
0.9896005
0.9760444
0.9858959
0.02925939
0.988557
0.947842
0.9854966
0.01451968
0.9951216
0.006861514
0.02618433
0.9863241
0.05730885
0.02517676
0.0181339
0.9414118
0.002329954
0.9990169
0.9830831
0.06322348
0.03547941
0.04134718
0.9869699
0.05398318
0.9912186
0.9946034
0.9774356
0.007338846
0.01643619
0.9877453
0.9979434
0.002959469
0.01088516
0.9598676
0.01915403
0.9744655
0.9915134
0.9664023
0.006319685
0.00742864
0.9974692
0.02339361
0.06697318
0.01353951
0.02021477
0.0380886
0.9822875
0.9739536
0.01907575
0.9491165
0.9868155
0.9338098
0.01792426
0.9972621
0.06293617
0.00340391
0.03115504
0.9662557
0.000569978
0.9857744
0.01605907
0.0254995
0.9798487
0.03177818
0.002638383
0.01329923
0.9928977
0.007929874
0.9747143
0.01221164
0.9895691
0.9804564
0.009027311
0.9993063
0.9683385
0.9997065
0.02150538
0.9846511
0.01087516
0.9862359
0.000393558
0.006221596
0.004521968
0.0006753869
0.9522987
0.01016223
0.9752113
0.9937978
0.9901109
0.9780914
0.9346248
0.9936137
0.9723619
0.9739556
0.969442
0.9819135
0.9869985
0.9617276
0.02347391
0.007443066
0.9837762
0.04768026
0.02338438
0.9737043
0.02892529
0.05743978
0.007801276
0.9676522
0.9993618
0.01644064
0.9739254
0.9677279
0.9846021
0.9899877
0.01495747
0.9883049
0.05142931
0.03414132
0.9369253
0.9879771
0.002353965
0.04568735
0.9410312
0.01394963
0.9961771
0.9883787
0.9841539
0.9969142
0.007144731
0.0007533273
0.02233521
0.9966238
0.9836862
0.02468783
0.01163437
0.984326
0.02940824
0.02263071
0.00288075
0.9404431
0.9468373
0.9694304
0.005477827
0.9938538
0.9686437
0.9268398
0.9951056
0.05365069
0.02365583
0.01426304
0.9863022
0.9720426
0.02791446
0.9374917
0.0006271287
0.9807863
0.003171125
0.07534951
0.9616328
0.9883723
0.02416792
0.02727751
0.00746482
0.0003751638
0.02653467
0.02492725
0.9546456
0.9750249
0.0543564
0.963146
0.9883912
0.0138396
0.9601174
0.9648584
0.9505597
0.01536586
0.04348748
0.02046544
0.9501613
0.0006522754
0.006065892
0.9687143
0.9551238
0.01533364
0.01548019
0.04470356
0.9813484
0.9853519
0.9951102
0.007813128
0.006334537
0.01670415
0.9780004
0.9935197
0.008863685
0.004337747
0.9881582
0.02196446
0.9722197
0.001049023
0.06238517
0.9240387
0.02920018
0.0173634
0.9407232
0.9973312
0.9521107
0.004457166
0.009837711
0.04910258
0.01406508
0.9878964
0.001263173
0.006686937
0.009769697
0.961996
0.0422879
0.04023271
0.9947109
0.9553938
0.02136146
0.9554225
0.05763493
0.9622648
0.01643492
0.9648903
0.03058171
0.9992834
0.9797804
0.0415291
0.9509824
0.02068547
0.03450033
0.980362
0.006097542
0.08858621
0.03800333
0.03107584
0.9956678
0.9875539
0.9964638
0.01346947
0.9897258
0.02728727
0.0281158
0.05473592
0.9408168
0.01675269
0.9870914
0.02059977
0.9567359
0.9914128
0.001596919
0.9800892
0.9898869
0.5014731
0.4772085
0.9703834
0.4763234
0.4990517
0.9915231
0.02100248
0.04434177
0.993376
0.4739027
0.5297052
0.5467937
0.9809457
0.429182
0.5122905
0.9652248
0.4690999
0.4263956
0.07397524
0.03786423
0.951531
0.9606577
0.9892851
0.5558207
0.01036478
0.5027111
0.459086
0.5048946
0.4720914
0.4940677
0.9450707
0.4986447
0.01498921
0.002683385
0.5515397
0.007379716
0.9830876
0.977026
0.9764988
0.9685738
0.9389051
0.01100854
0.9965468
0.0487011
0.004956743
0.9797572
0.01419479
0.9189185
0.01817212
0.9691556
0.9569606
0.9336397
0.5651592
0.5049848
0.001150757
0.5426772
0.01192713
0.0174492
0.006088228
0.9855737
0.01258447
0.05269501
0.9953765
0.9726392
0.00354054
0.5290395
0.9911578
0.4604448
0.5567315
0.009413055
0.01441961
0.9853383
0.02965545
0.9670235
0.000769193
0.0479502
0.4774822
0.9335859
0.9790893
0.01934824
0.003076414
0.003047605
0.5107052
0.01416328
0.5320839
0.5103504
0.4928587
0.9971045
0.02170565
0.04499179
0.9985119
0.9875152
0.4748588
0.4715224
0.9715961
0.4491521
0.02068672
0.993788
0.5025153
0.9396602
0.9592453
0.4894851
0.006933852
0.9787266
0.4430695
0.0386813
0.52152
0.4880148
0.5337167
0.5007787
0.5272707
0.5011155
0.5227042
0.9722415
0.0003354294
0.965335
0.9724708
0.9975826
0.02971187
0.9894441
0.4298887
0.01879869
0.0009029802
0.9359057
0.9919434
0.9863079
0.4692109
0.9982554
0.02213976
0.02474966
0.03765098
0.9650634
0.4438308
0.4851137
0.5350283
0.9908565
0.02844802
0.5123462
0.9992198
0.9939576
0.9709718
0.003163968
0.01275496
0.04727069
0.511796
0.9970117
0.5089996
0.0208053
0.9963129
0.9589742
0.01346247
0.007560663
0.01781928
0.03294644
0.995744
0.9925184
0.01676909
0.4793377
0.4895734
0.5157946
0.002060046
0.4809468
0.5051446
0.9723428
0.02090199
0.9819442
0.96991
0.9881158
0.001866268
0.4605449
0.9641147
0.03826779
0.01711989
0.4975462
0.5004242
0.001868597
0.01222196
0.03161857
0.4768481
0.9906937
0.01079107
0.5283127
0.9618218
0.9927585
0.989031
0.04775128
0.4896008
0.5270671
0.02630665
0.006237796
0.4900677
0.03405881
0.9809285
0.4996452
0.5094552
0.002345586
0.9723935
0.02465248
0.9244706
0.4844747
0.0291246
0.5569425
0.01040854
0.01047132
0.02821028
0.01689048
0.5548789
0.5283189
0.5390202
0.9957621
0.009405451
0.5297328
0.9442428
0.009610762
0.009232897
0.9951419
0.9996403
0.9982569
0.01435875
0.5127315
0.5452538
0.5662928
0.5179136
0.9954445
0.4884084
0.005494418
0.005148733
0.4808531
0.512885
0.9556499
0.4754926
0.01036283
0.9665255
0.9940463
0.9809899
0.9634006
0.5097588
0.0164846
0.05247927
0.9953163
0.0379288
0.03567891
0.4606098
0.03333448
0.4698441
0.9961872
0.9444668
0.5383829
0.03465801
0.5068129
0.9769784
0.5048378
0.9872177
0.9882957
0.5054347
0.04164525
0.9926914
0.007900723
0.5131688
0.04015781
0.9798024
0.5252998
0.03385729
0.9516453
0.02466028
0.9887296
0.008584551
0.4725257
0.04012747
0.4734485
0.02007135
0.5039531
0.9434998
0.9795739
0.5185336
0.981439
0.9750775
0.9967957
0.9554989
0.4968981
0.002678522
0.5144678
0.998084
0.5544377
0.9868411
0.9945299
0.004032295
0.4499596
0.4994526
0.5391207
0.01286627
0.9455207
0.05078425
0.9714761
0.9866455
0.02076967
0.03639063
0.02676915
0.482295
0.9627203
0.004551409
0.4450054
0.9712212
0.4624763
0.9427749
0.9802323
0.4764803
0.01737343
0.981133
0.0414698
0.9540963
0.9593328
0.01499358
0.03318214
0.01919828
0.01139157
0.4876058
0.5064091
0.01724276
0.4694138
0.0003343757
0.9758543
0.00785215
0.02161991
0.9646967
0.9501508
0.9887658
0.9778511
0.02328096
0.005485919
0.5298532
0.9468026
0.9844506
0.5124008
0.5093131
0.4727421
0.5151521
0.9907874
0.008616164
0.4515061
0.006383398
0.02366707
0.541973
0.05170454
0.03187505
0.491722
0.4535015
0.06538658
0.999861
0.02501482
0.4635855
0.01346738
0.01779261
0.009470991
0.008044209
0.9934262
0.986035
0.9873062
0.4983357
0.9890747
0.9947986
0.02383454
0.03148778
0.9739246
0.9512941
0.02084954
0.03660478
0.03380115
0.9899131
0.9600238
0.02074021
0.9726946
0.9927717
0.4641145
0.9712975
0.4945311
0.01903761
0.9806397
0.551279
0.9887281
0.9923269
0.9795781
0.02268943
0.0424751
0.4662063
0.9771103
0.5402451
0.405496
0.4832385
0.5404898
0.04023056
0.4674245
0.4943468
0.4825
0.05189881
0.9892525
0.4550125
0.02954131
0.981915
0.04373112
0.5226309
0.9804936
0.02270594
0.4905849
0.9901271
0.02510374
0.5073619
0.5130062
0.06465036
0.4992049
0.4806423
6.702641e-05
0.5279332
0.008346796
0.02069941
0.9808605
0.5054778
0.05130718
0.9909474
0.003573141
0.4913371
0.9905772
0.5410604
0.542161
0.02591377
0.523046
0.02194734
0.9876711
0.9665438
0.4844978
0.9511698
0.965473
0.4854901
0.4994572
0.9404213
0.9655663
0.5703411
0.4940907
0.02961525
0.006432589
0.9643241
0.9587145
0.4613262
0.02702051
0.5127222
0.980543
0.02713064
0.9898835
0.5400117
0.5222357
0.01285043
0.4997603
0.0409167
0.03469454
0.9766071
0.06970961
0.04380953
0.492853
0.9950783
0.002917446
0.5123654
0.9723618
0.9235189
0.9812136
0.4791623
0.4861593
0.5173871
0.5361558
0.9808109
0.5289206
0.9647568
0.05994605
0.4867971
0.9804755
0.01824401
0.5025466
0.05705379
0.539379
0.5481991
0.04420809
0.0166524
0.9872396
0.9858005
0.4574194
0.01508966
0.001337054
0.514181
0.00407166
0.5118597
0.004477912
0.4830284
0.9879457
0.9726181
0.01121929
0.9342404
0.4659817
0.9817789
0.9779454
0.01251717
