0.04732606
0.9971619
0.01393093
0.0545354
0.9877864
0.07702299
0.04004086
0.02515994
0.9887136
0.06790999
0.02699134
0.01653963
0.02691605
0.05040488
0.03078092
0.005703374
0.07451342
0.009987465
0.01015514
0.9718943
0.9809735
0.0001635644
0.9570293
0.01081803
0.9726618
0.01831391
0.02137992
0.006697246
0.003402541
0.04712302
0.9651994
0.9763209
0.9896117
0.9991748
0.9938609
0.9776329
0.02979814
0.9959656
0.9734614
0.9820737
0.004526783
0.05233914
0.9927172
0.9717647
0.9669516
0.9916966
0.9689111
0.9981526
0.9998104
0.9828582
0.0278421
0.9556722
0.04744957
0.9532925
0.02206883
0.9879276
0.03644454
0.9678622
0.01030078
0.02276553
0.042769
0.04179201
0.0561165
0.9919017
0.9814887
0.005885565
0.9831911
0.001007021
0.9874289
0.05987386
0.008119701
0.04612872
0.00105101
0.04708643
0.05339029
0.9912353
0.0340355
0.956464
0.0951912
0.9790366
0.9619756
0.03905549
0.005323395
0.04522872
0.03375249
0.0229944
0.9521746
0.01849868
0.9746469
0.9838115
0.9912979
0.9740695
0.9739323
0.008866181
0.9819087
0.04207517
0.9867416
0.9965149
0.03042039
0.9921213
0.02959862
0.08133511
0.9514818
0.9701157
0.9706041
0.01802806
0.9989539
0.00382113
0.9866203
0.01748456
0.9984576
0.04587055
0.07526877
0.9848061
0.9840173
0.0004485147
0.03542475
0.0177037
0.977906
0.003347
0.03011317
0.9824978
0.984505
0.9423745
0.9756391
0.007941579
0.03289723
0.9879634
0.01856551
0.009672422
0.9843605
0.9723397
0.00267529
0.9651694
0.01119137
0.001082581
0.9985972
0.943712
0.9476124
0.9892794
0.9868243
0.9949721
0.01148539
0.045595
0.9846238
0.9986891
0.9938096
0.03247125
0.9872728
0.9716073
0.02710092
0.995884
0.008430973
0.03381381
0.9644668
0.003550634
0.9406001
0.002867796
0.02520668
0.01932849
0.9750804
0.9518654
0.00986101
0.9861142
0.9945599
0.0454621
0.9769847
0.06539827
0.9823915
0.9924723
0.004404307
0.01537507
0.9753754
0.003043803
0.01946876
0.007255712
0.03594756
0.9862017
0.05764183
0.007984579
0.9725329
0.9852823
0.969589
0.9616247
0.9726816
6.896957e-05
0.02461391
0.004465655
0.9969131
0.9947817
0.9718936
0.9835436
0.9972387
0.9741306
0.01118258
0.9990943
0.004973602
0.9852566
0.9881804
0.03483034
0.01992007
0.9785012
0.03878584
0.03232316
0.05232669
0.9822328
0.006566328
0.9978957
0.005614209
0.9886361
0.9752965
0.9708217
0.02210117
0.9511061
0.9980199
0.06025179
0.0241438
0.0001386475
0.02791403
0.03964178
0.01452601
0.9782065
0.9789179
0.0106037
0.9750147
0.03016473
0.9951396
0.02949967
0.9798292
0.04013573
0.01919927
0.9742283
0.0008556851
0.9832409
0.9665756
0.9827108
0.0321609
0.006726419
0.9681723
0.01898867
0.9979709
0.02611834
0.9587245
0.04361326
0.03689574
0.03378131
0.9889603
0.9899349
0.007645367
0.01750492
0.07472737
0.9864119
0.9764451
0.01076804
0.0163774
0.9895538
0.9976911
0.992659
0.02923559
0.01964674
0.008132344
0.9937531
0.9874987
0.9900522
0.04203496
0.001306174
0.9811555
0.9540437
0.9967706
0.007962662
0.04554455
0.01037191
4.403901e-05
0.04753031
0.9653904
0.9906934
0.9805979
0.007009142
0.02665087
0.9664498
0.02768608
0.01422989
0.9978177
0.9540918
0.9751237
0.05065657
0.9868404
0.9775596
0.9888707
0.9729278
0.01152581
0.9615004
0.01365299
0.01714343
0.9717763
0.03307636
0.03540446
0.9757608
0.9700959
0.979635
0.02259496
0.9982204
0.9847555
0.9742874
0.9607148
0.08952386
0.03554188
0.9784654
0.9665022
0.9903907
0.006097489
0.006038882
0.9602061
0.03771758
0.9945823
0.9304919
0.0412722
0.9633658
0.04795918
0.0009413768
0.007078391
0.9848628
0.04300823
0.008059101
0.001700549
0.09874564
0.0162855
0.005480167
0.01942193
0.9264246
0.04864193
0.9799075
0.9772476
0.04363352
0.989936
0.06834985
0.006743855
0.02743644
0.0125061
0.9700499
0.03118812
0.9939798
0.07657213
0.0139541
0.9672986
0.9703069
0.005623398
0.02798766
0.9693385
0.991716
0.006242906
0.9520259
0.02128937
0.0193461
0.0190152
0.006818923
0.9648885
0.02688977
0.989532
0.03602679
0.9830415
0.9587175
0.9493152
0.9934795
0.03916831
0.013263
0.9901713
0.02201504
0.9585204
0.03648816
0.9837837
0.0005297217
0.991903
0.02150427
0.9876784
0.9794692
0.944665
0.9886558
0.03249273
0.9543402
0.9956135
0.9960757
0.9641583
0.9775423
0.01475327
0.9909444
0.02951729
0.01674467
0.9929055
0.002156727
0.9614416
0.9911472
0.9408815
0.9432893
0.001971259
0.04607158
0.02603172
0.009849411
0.006922926
0.9860249
0.9836635
0.04165271
0.0008299592
0.9936576
0.01910683
0.03509041
0.01533967
0.01757133
0.9491376
0.9772604
0.03579756
0.0283266
0.05361479
0.9697055
0.9992203
0.9592985
0.9966813
0.9771803
0.006910786
0.9692752
0.006459161
0.01569593
0.001899529
0.9892202
0.9671789
0.9843241
0.9925611
0.9823827
0.05157005
0.9930008
0.9672575
0.9935022
0.01059614
0.9817001
0.9763178
0.01176831
0.01332872
0.009137741
0.9912368
0.9753849
0.05298304
0.03768458
0.03152081
0.04858381
0.0597853
0.03205359
0.992349
0.9895651
0.9944451
0.9741598
0.03807926
0.009633509
0.9664224
0.9983832
0.9763293
0.03211815
0.006959381
0.9843263
0.0133048
0.9928678
0.9652996
0.988893
0.9804457
0.9928505
0.9742637
0.008727617
0.007851598
0.9964515
0.9714766
0.9651554
0.04769415
0.9761343
0.03070128
0.9783666
0.04640015
0.01718179
0.04033117
0.9587483
0.002646101
0.9916376
0.0005474132
0.05540711
0.01434009
0.02767308
0.001823012
0.04044942
0.9466022
0.9789477
0.9929644
0.9581946
0.04322724
0.01620107
0.986747
0.9931404
0.9924912
0.981462
0.01540415
0.9950193
0.02154057
0.00986423
0.9871609
0.541627
0.7922517
0.1735376
0.01310672
0.7504164
0.9988377
0.9990572
0.4456928
0.01691203
0.3676097
0.2037761
0.9779662
0.04286958
0.3714817
0.8131035
0.6082531
0.2017509
0.9565846
0.4307819
0.1905059
0.1813741
0.02725622
0.008041205
0.1685095
0.8092318
0.3882802
0.04720722
0.03342337
0.2443367
0.611017
0.02996989
0.01490599
0.9582191
0.04852758
0.003160465
0.422964
0.1943924
0.975093
0.01167989
0.6234209
0.7699482
0.1607802
0.01647651
0.9674812
0.176722
0.7200669
0.3746856
0.9463702
0.3534733
0.1728441
0.589098
0.1758298
0.9755137
0.3697866
0.2040366
0.3474519
0.9626101
0.4150852
0.1768372
0.3362195
0.8092519
0.827774
0.9788232
0.3783302
0.1377113
0.561364
0.4045401
0.6148497
0.8240009
0.9981699
0.9897301
0.6186372
0.157009
0.9785392
0.1983776
0.3969233
0.02424352
0.6282139
0.1971589
0.9907055
0.7470108
0.2436216
0.1884848
0.982096
0.243606
0.01437868
0.01276514
0.8164449
0.1750522
0.9997047
0.7927692
0.2162185
0.343004
0.5787109
0.6063975
0.6031285
0.01136477
0.7542466
0.0140893
0.7822759
0.2197897
0.04087957
0.01949971
0.9587764
0.3928824
0.8039296
0.01581714
0.6767441
0.2594322
0.8015718
0.8130259
0.7152013
0.02460552
0.001098003
0.1960755
0.5769852
0.3823186
0.6288582
0.01256917
0.6199116
0.05089307
0.2497174
0.7437189
0.9554292
0.3495191
0.2541913
0.5716742
0.5992345
0.5979254
0.8654946
0.9826262
0.9822359
0.8242276
0.1987849
0.997602
0.5814708
0.02051251
0.4021723
0.6104105
0.01364489
0.8595949
0.06847849
0.3690365
0.01976521
0.04775616
0.02263906
0.3819983
0.8031643
0.9189157
0.1944682
0.5802066
0.4137989
0.9613591
0.1579555
0.201621
0.9866411
0.9588878
0.7744704
0.03518949
0.2389908
0.03799685
0.007300777
0.1400078
0.6438983
0.8421077
0.03338134
0.3309655
0.02034393
0.01481614
0.3963978
0.004514952
0.395293
0.7851947
0.9771828
0.7512912
0.000286922
0.9832307
0.6006323
0.9925666
0.9787656
0.4085763
0.04738541
0.2125328
0.6028512
0.3812475
0.8151285
0.3259305
0.2240039
0.6073112
0.03307629
0.3785458
0.6202796
0.3382944
0.1904018
0.5633156
0.6623113
0.02729856
0.168569
0.1547228
0.06103741
0.6015194
0.2013368
0.6673167
0.8096334
0.7880263
0.995371
0.1933785
0.6641525
0.5957532
0.1737837
0.3516041
0.3805735
0.7784964
0.04707059
0.4392343
0.9678211
0.4073651
0.1916613
0.9975044
0.5635957
0.7865127
0.4338993
0.4405297
0.5815207
0.0162988
0.8061999
0.01067964
0.02568798
0.9651077
0.9854202
0.795518
0.9963735
0.830061
0.8117138
0.002904518
0.9915057
0.587419
0.003578208
0.01847582
0.2560506
0.02198512
0.6098702
0.4283026
0.6086029
0.7950946
0.6120325
0.3664126
0.9863815
0.9769578
0.3940008
0.01867776
0.7765318
0.0458612
0.2012734
0.8752668
0.7518742
0.9514121
0.002097315
0.7505424
0.0625201
0.04937617
0.2114638
0.1905263
0.5826804
0.620975
0.5566794
0.2528649
0.004766187
0.8085285
0.3932488
0.4542173
0.5895154
0.2360866
0.06117299
0.7559293
0.434883
0.0333364
0.228664
0.1969707
0.9894479
0.623638
0.5376363
0.2175719
0.3833482
0.8148137
0.0009564311
0.8047734
0.998543
0.3351045
0.1728177
0.9806467
0.7905374
0.9972172
0.9948667
0.9747492
0.586503
0.2249592
0.8293128
0.1790662
0.003190651
0.986869
0.009084042
0.3828719
0.3764784
0.615512
0.4301934
0.4528151
0.1802388
0.370493
0.8029887
0.4407443
0.4161835
0.7935735
0.2222339
0.3590237
0.1888933
0.9347155
0.562895
0.755429
0.6046488
0.0101928
0.989294
0.0200279
0.2155257
0.8219384
0.6655121
0.4083912
0.5898917
0.982846
0.008446911
0.4030372
0.1518995
0.02378868
0.980639
0.4535469
0.009462716
0.01057117
0.6578756
0.6268376
0.9798044
0.9942764
0.626304
0.9628216
0.9733936
0.2068395
0.7892696
0.01713964
0.01885267
0.2325463
0.4332739
0.2105219
0.838936
0.3895524
0.3551833
0.5923905
0.9974764
0.5701455
0.96911
0.9940098
0.3422654
0.834877
0.3839153
0.4000663
0.9849635
0.2126825
0.8043753
0.03371755
0.1642014
0.4263503
0.8240953
0.4454461
0.02542801
0.8051765
0.6207012
0.5761641
0.9389433
0.008563466
0.7716673
0.5658917
0.3538401
0.9736864
0.3683543
0.01230881
0.5776903
0.8472179
0.1864508
0.9941434
0.1807343
0.1913161
0.8124332
0.3904642
0.6620862
0.01228099
0.3947751
0.3990345
0.8015854
0.7827966
0.005020866
0.1863928
0.6099943
0.1688694
0.6030589
0.3846447
0.04472051
0.7816485
0.5820365
0.7628856
0.9727857
0.9432655
0.4242815
0.5808945
0.4032981
0.006875405
0.611082
0.1894651
0.7820991
0.9634835
0.7406192
0.4385528
0.9899727
0.7860638
0.7670516
0.4199301
0.1929599
0.4253962
0.9833656
0.7568101
0.3892795
0.7772401
0.5796556
0.06089465
0.202469
0.5748799
0.9858967
0.5952021
0.5910415
0.02609608
0.9847806
0.5960563
0.9479387
0.788433
0.1871784
0.3696532
0.01555169
0.5749873
0.8208364
0.540408
0.9351158
0.5963841
0.444947
0.1949732
0.2026902
0.6081336
0.03663766
0.9956319
0.00600608
0.8314751
0.5661007
0.827461
0.8170103
0.3762402
0.4299356
0.8398177
0.8125272
0.1803189
0.8124699
0.6231358
0.9347101
0.9439426
0.2209596
0.8541722
0.7832533
0.4443878
0.1784052
0.9691791
0.8297821
0.9631816
0.9755165
0.978194
0.8358297
0.3573826
0.5270097
0.9621501
0.3769538
0.6008901
0.4029011
0.8429513
0.9612165
0.1429479
0.5561357
0.9567325
0.1625963
0.6022759
0.5761222
0.813445
0.9773082
0.2298297
0.003572419
0.1750479
