0.2587621
0.5212099
0.02586509
0.1978921
0.2101564
0.6188871
0.7925131
0.8234928
0.06692537
0.8296041
0.05083424
0.7933407
0.5536284
0.9702571
0.7518897
0.983677
0.3824649
0.6193736
0.3604707
0.7697675
0.2063659
0.8389638
0.9970967
0.4285195
0.404547
0.7874921
0.8004281
0.0495892
0.9374517
0.6294344
0.02081213
0.004468276
0.2038375
0.1698331
0.4638298
0.6096903
0.01816929
0.4156208
0.8101854
0.1744863
0.5789485
0.3458495
0.4206611
0.3727345
0.5558795
0.7503491
0.02605625
0.8179782
0.7730159
0.4236785
0.4318699
0.8082652
0.9687852
0.05374321
0.7813124
0.992282
0.4038405
0.3989995
0.6598567
0.5947437
0.7707016
0.1623266
0.827118
0.9985726
0.5968412
0.00462381
0.02764694
0.4076181
0.2210945
0.01769031
0.4192257
0.9844355
0.001433731
0.6313301
0.5759524
0.2022507
0.9679158
0.6055165
0.6195336
0.6254817
0.3931538
0.002193684
0.04956987
0.7542058
0.02080302
0.7636079
0.1641443
0.0149896
0.207946
0.8036429
0.9863676
0.4060464
0.9513539
0.210005
0.9506834
0.5570772
0.9491691
0.4087371
0.5746814
0.9469071
0.9547222
0.6286075
0.5865994
0.03068117
0.192768
0.2438999
0.984482
0.1698947
0.02771959
0.1950496
0.4292538
0.3767766
0.4481792
0.9785669
0.1941534
0.9831019
0.6099009
0.03199068
0.6104837
0.05432346
0.9965073
0.3907148
0.668766
0.5939107
0.03966961
0.228661
0.7926372
0.4118956
0.0579687
0.03302841
0.6360462
0.9718547
0.0219797
0.4175489
0.318886
0.5824736
0.9749736
0.6201283
0.6067407
0.3628523
0.5927709
0.06824661
0.8198123
0.2647601
0.9519844
0.1858001
0.1741185
0.5863309
0.9747296
0.9921878
0.5917829
0.6306259
0.9567377
0.2234656
0.2080733
0.7667303
0.3297066
0.7895323
0.9629831
0.8257576
0.1965613
0.1810086
0.9797344
0.3800876
0.5938365
0.3645544
0.4729318
0.8334894
0.4071893
0.4126849
0.2470228
0.02099325
0.4614939
0.005586896
0.4344062
0.9771209
0.006375367
0.2196869
0.609822
0.7805812
0.2558346
0.9876542
0.8016949
0.4043262
0.6704945
0.5926863
0.6177979
0.7278004
0.4075058
0.4240719
0.03545814
0.5876126
0.2311656
0.3717432
0.9487933
0.0595284
0.9500348
0.9596545
0.770053
0.001248208
0.8462463
0.6093835
0.5677856
0.005899499
0.4213144
0.6402078
0.9931171
0.9932159
0.5801408
0.578011
0.2128826
0.3586762
0.02923178
0.745655
0.006363258
0.1758222
0.7943698
0.8255167
0.7708309
0.4340014
0.7737361
0.9995591
0.4068998
0.5498768
0.7615526
0.9769847
0.9854849
0.7578377
0.009356194
0.0428896
0.5650163
0.3819382
0.6259549
0.1858036
0.7921222
0.6312561
0.4099038
0.5879649
0.002518259
0.04022773
0.7700251
0.02355073
0.818293
0.03179726
0.7855777
0.1610134
0.980926
0.1909827
0.3934018
0.9915232
0.5641763
0.05894144
0.5599599
0.3424886
0.7642133
0.3993196
0.9751654
0.7517577
0.8604132
0.2328016
0.8359429
0.2303618
0.9777789
0.8177755
0.6292964
0.8292482
0.8183893
0.2119773
0.9536078
0.2489853
0.9916984
0.1778995
0.609977
0.423254
0.2153085
0.9966359
0.03896976
0.3912148
0.0122227
0.413266
0.8167425
0.1920436
0.4326534
0.3976918
0.2008359
0.7630044
0.4146952
0.389291
0.01553878
0.02515428
0.1809045
0.77026
0.6226729
0.3826643
0.8009235
0.003996904
0.2172496
0.8262865
0.03617489
0.7756322
0.1966647
0.9934341
0.3810414
0.5971644
0.4339861
0.02145898
0.9846454
0.3582907
0.9490402
0.8152025
0.163038
0.6256153
0.2381796
0.9514868
0.03392675
0.6093232
0.7892599
0.2593192
0.542266
0.1738672
0.5853171
0.9967698
0.4236293
0.01420282
0.8242468
0.5409183
0.00668044
0.198571
0.9744454
0.8461039
0.5993516
0.2895739
0.6404123
0.1560402
0.1951603
0.415278
0.03166166
0.9824407
0.1937264
0.8088314
0.4436781
0.4274884
0.1939703
0.9687724
0.4173215
0.02904651
0.06729586
0.8048225
0.3862289
0.7769326
0.01138339
0.4038967
0.8607639
0.6050927
0.433054
0.1976825
0.8080856
0.04447567
0.2038386
0.6018119
0.0566209
0.3799007
0.1702529
0.008801084
0.2348535
0.1832928
0.4151395
0.0321652
0.04556835
0.8498686
0.3574909
0.6031712
0.1928943
0.1795033
0.8216497
0.03021243
0.6045051
0.1887239
0.7587114
0.3830177
0.9738791
0.01798431
0.6657444
0.8091267
0.9957454
0.5890418
0.1820185
0.8170999
0.5878118
0.1944992
0.4060632
0.02014906
0.9961519
0.8044803
0.007191791
0.9887229
0.1930373
0.3961905
0.6346472
0.0005596729
0.1884352
0.8142449
0.6697342
0.2481004
0.3736138
0.8378868
0.002045265
0.1387569
0.1671388
0.3758143
0.2124758
0.7971921
0.7477508
0.05979077
0.6145169
0.1866998
0.2264813
0.204434
0.2163501
0.0262081
0.4179734
0.8109207
0.9932545
0.9359364
0.02228855
0.1282328
0.3990053
0.009146086
0.3694825
0.02300849
0.8173771
0.6618102
0.5702244
0.424305
0.9877951
0.00857569
0.7959379
0.1714351
0.02859271
0.008107817
0.8281838
0.3665889
0.01259527
0.9757233
0.9845195
0.8291305
0.7862385
0.9568496
0.6059867
0.2437743
0.9685215
0.1740416
0.001216789
0.7704134
0.2545478
0.1931813
0.6296894
0.7923943
0.3948927
0.5647935
0.01807
0.2028234
0.001629391
0.8287204
0.8237861
0.0335877
0.6661279
0.01261808
0.9363846
0.3735191
0.6024098
0.571047
0.9374464
0.9678756
0.3514686
0.9906833
0.9662426
0.004940623
0.02868324
0.2098717
0.6193803
0.9874161
0.04567772
0.03069121
0.7869165
0.4134824
0.03176712
0.6130902
0.1948696
0.7384738
0.6235625
0.2096906
0.5858009
0.6211655
0.9851058
0.1419786
0.367018
0.2057639
0.2051533
0.4406542
0.7732529
0.002760519
0.5891842
0.6528695
0.01919566
0.4272928
0.2419193
0.9890201
0.4383765
0.9802296
0.5753171
0.8098894
0.1902883
0.3953142
0.8158805
0.5813397
0.2500311
0.192828
0.2074894
0.5622602
0.6059959
0.6237616
0.5978584
0.7971896
0.05110334
0.442537
0.1931753
0.3939112
0.7803202
0.9621268
0.6069453
0.6087415
0.3935956
0.9953956
0.7867552
0.3827556
0.9953148
0.1774562
0.7984003
0.8044434
0.9920852
0.5836061
0.9850678
0.9997485
0.6197998
0.004904575
0.01085493
0.981292
0.04872155
0.4615801
0.3606897
0.8108327
0.5912828
0.7560611
0.2096281
0.9820288
0.01187264
0.9515001
0.02768781
0.3949653
0.6198263
0.4095597
0.9623497
0.3626297
0.2515622
0.334193
0.9766829
0.6018491
0.2157358
0.1775938
0.3806396
0.00371275
0.6140659
0.2265045
0.9732733
0.187365
0.5767603
0.224329
0.8984374
0.7194104
0.9988363
0.9942441
0.8016093
0.5966925
0.9885623
0.7701739
0.1579239
0.771226
0.8346967
0.5989806
0.9867461
0.008249652
0.9660049
0.9834361
0.01015355
0.9544534
0.8205623
0.4114649
0.9680465
0.9986761
0.8348444
0.0415027
0.9947432
0.1602664
0.4211695
0.7705746
0.1670256
0.2170402
0.9714684
0.9570915
0.8180141
0.8172212
0.3875194
0.963298
0.03592594
0.9906435
0.7767332
0.3889431
0.1811964
0.6073141
0.9864974
0.9493677
0.5978446
0.6189409
0.4312311
0.6065605
0.4092692
0.3652276
0.9731869
0.6217205
0.9808834
0.0407553
0.958559
0.2439098
0.03146249
0.8226034
0.01542813
0.8141495
0.1725108
0.02248714
0.04241439
0.3787333
0.6344978
0.008530848
0.2466605
0.02801235
0.7859705
0.8346451
0.4244209
0.01238837
0.9594983
0.1770597
0.3928113
0.7910505
0.0189746
0.1902451
0.7908897
0.9787135
0.1971692
0.028118
0.9846756
0.9871641
0.9814453
0.5784806
0.990993
0.05027217
0.02900813
0.998793
0.9839153
0.9693564
0.210575
0.9287901
0.7708796
0.258133
0.01866306
0.969045
0.02434518
0.782981
0.9925732
0.4134731
0.2032576
0.6258107
0.6419535
0.617527
0.3814459
0.9722257
0.4258176
0.2081248
0.9660724
0.007437942
0.8191176
0.582774
0.5859106
0.02778369
0.006128743
0.01004102
0.7484345
0.01025746
0.2287863
0.3965714
0.5396819
0.6333033
0.5459101
0.855275
0.609787
0.9895946
0.9631758
0.01393095
0.3856611
0.3782417
0.805915
0.4302324
0.2003771
0.5863792
0.4441031
0.3669653
0.4228325
0.4097033
0.7945841
0.001404147
0.9471597
0.01517748
0.5671784
0.7967618
0.8412355
0.3624579
0.5261439
0.9948041
0.5690901
0.2202395
0.1706033
0.1991358
0.6312933
0.2503104
0.4591982
0.9310488
0.6162984
0.8129598
0.779984
0.9804608
0.9786163
0.03551365
0.003788632
0.005959185
0.7710439
0.1941521
0.8351866
0.408774
0.02605263
0.9745996
0.5759043
0.004397832
0.5886726
0.2585352
0.2130372
0.9960666
0.60748
0.5926651
0.01484772
0.5689427
0.6211453
0.8388635
0.1536508
0.4265893
0.9590785
0.02693412
0.7772708
0.1775577
0.1832001
0.5764878
0.9516534
0.2111825
0.4219074
0.8189349
0.1441677
0.9791666
0.02225265
0.7479676
0.02225134
0.2012694
0.1858863
0.02030224
0.9897548
0.8157637
0.3655092
0.008390444
0.2348286
0.9948291
0.01663503
0.6190164
0.3471369
0.007243029
0.7771316
0.9654645
0.1915711
0.9636506
0.0361954
0.9956088
0.2050575
0.583702
0.01146791
0.3988276
0.812424
0.01668369
0.9909721
0.2140243
0.3426973
0.7811692
0.4213461
0.4422972
0.01794702
0.9909238
0.6065792
0.5908192
0.9871653
0.9777365
0.4459103
0.5827199
0.785954
0.4443063
0.9781234
0.5856348
0.1904858
0.5945707
0.3941909
0.2493084
0.811584
0.8001951
0.2382234
0.5762028
0.3782334
0.955396
0.01299291
0.005091621
0.5883302
0.006674835
0.9369432
0.1669602
0.4432755
0.781655
0.8080084
0.9873106
0.9859174
0.9696083
0.6138977
0.8632374
0.400278
0.9675393
0.6149391
0.3825468
0.01764785
0.7534319
0.7462163
0.428754
0.5846873
0.354666
0.9719942
0.3569885
0.1793656
0.005250725
0.1782833
0.4085291
0.5815119
0.5785371
0.01254333
0.1860635
0.4758222
0.01309431
0.9769232
0.9750741
0.3826103
0.5563485
0.5843994
0.2145591
0.8046715
0.4044927
0.4124951
0.792359
0.591721
0.8004638
0.8433336
0.7904476
0.01397611
0.5951832
0.2236317
0.4430716
0.1975244
0.9702668
0.8262325
0.2155246
0.790571
0.01770692
0.1494344
0.008628105
0.01549336
0.9884025
0.3841162
0.02405475
0.4191063
0.3225862
0.02554152
0.01957198
0.009681008
0.02037107
0.01808049
0.07128575
0.009654107
0.001048818
0.02516054
0.04197821
0.03085326
0.02167919
0.04578602
0.01962948
0.03247078
0.06537868
0.01241756
0.04717197
0.01190395
0.05804081
0.0338873
0.02655244
0.01375856
0.01535117
0.02218844
0.0295099
0.03308869
0.006860589
0.003894385
0.00306316
0.001279596
0.01108386
0.04680738
0.01806258
0.003322134
0.01298082
0.02290064
0.03159991
0.01160162
0.005532401
0.03535943
0.01772515
0.01075464
0.0481689
0.00352583
0.0402415
0.0162517
0.02207083
0.003429847
0.02204702
0.02049074
0.02359055
0.0242241
0.04740264
0.028932
0.04102758
0.03113428
0.006848336
0.002708289
0.001139871
0.007796345
0.03679449
0.02080721
0.004352225
0.01953738
0.01315835
0.03300854
0.007114136
0.04205043
0.03055956
0.0008545705
0.03629923
0.00626698
0.02086584
0.005917902
0.002336207
0.03840169
0.004187045
0.01299992
0.001589897
0.01661328
0.02089169
0.05279828
0.001120156
0.01527079
0.01120476
0.04013468
0.05035556
0.04266481
0.05728952
0.06359371
0.01219606
0.01944052
0.05991201
0.02282935
0.004398921
0.001852814
0.009304488
0.07096351
0.049022
