0.004865708
0.9833286
0.005135631
0.0156823
0.0205729
0.9712192
0.9998109
0.9937271
0.00212373
0.9853691
0.03165638
0.949845
0.01447577
0.9534845
0.9876559
0.00717135
0.9999311
0.01728169
0.001421333
0.9466467
0.9526844
0.9959999
0.9615834
0.9969699
0.9955872
0.0126114
0.9771221
0.959883
0.003464046
0.001885701
0.9546979
0.9982406
0.001121753
0.9949121
0.9705314
0.9540795
0.08813118
0.002701476
0.009538383
0.01259828
0.9938464
0.9749345
0.01329116
0.002599258
0.004031308
0.9930846
0.9595026
0.9938916
0.9996655
0.04854883
0.05538193
0.03156543
0.9915208
0.9932962
0.9572306
0.9761793
0.01365143
0.9753065
0.943787
0.01999201
0.02264546
0.03257481
0.9648831
0.9448938
0.981461
0.9698054
0.0418424
0.004354675
0.01837841
0.9894327
0.009074909
0.03045394
0.006055053
0.01675542
0.01624602
0.06984262
0.979579
0.05007672
0.001910246
0.06013483
0.9955541
0.9610647
0.9719997
0.9914461
0.01995712
0.9608027
0.9926526
0.006396383
1.362053e-05
0.9992007
0.06125169
0.002632351
0.9959548
0.04500461
0.05718563
0.02332567
0.9961712
0.08230075
0.9626315
0.9921087
0.04112417
0.9986738
0.9797981
0.02540497
0.9803956
0.9570382
0.01507849
0.04467828
0.03829048
0.0514833
0.983473
0.02126235
0.9544162
0.02483481
0.9626048
0.02417474
0.03707814
0.9995104
0.9885524
0.9967806
0.00524438
0.994695
0.03071987
4.907459e-05
0.003741321
0.008995988
0.9857586
0.1009942
0.003753698
0.9756273
0.03597066
0.05092082
0.0337746
0.001401382
0.01608496
0.9930074
0.9821809
0.03423404
0.9874091
0.9666132
0.9840896
0.9658487
0.01575412
0.004539336
0.9786008
0.9531494
0.9679686
0.9834375
0.9969211
0.9749453
0.02606785
0.9643836
0.9651927
0.9583529
0.01536668
0.9695256
0.02614761
0.06646508
0.02311331
0.01270573
0.9593389
0.9580518
0.9824932
0.9909245
0.01354152
0.9654136
0.9909018
0.006112054
0.9924864
0.0003518916
0.9998112
0.9505363
0.9858534
0.01937654
0.04970945
0.02686946
0.005192699
0.05374388
0.03054685
0.01780633
0.01676852
0.01583444
0.9772803
0.07731862
0.9764245
0.9643894
0.9614239
0.9786935
0.04132853
0.05901877
0.9866712
0.9482378
0.01440023
0.9684882
0.02554483
0.9669125
0.01385273
0.06645288
0.978164
0.001604377
0.007626553
0.9965975
0.04114657
0.9973023
0.004081979
0.96042
0.01049064
0.9813088
0.01513001
0.04390019
0.03243601
0.003508164
0.9845828
0.04114028
0.9832704
0.04135178
0.008468078
0.9572994
0.0231133
0.009557002
0.05952082
0.0322882
0.9872379
0.9677519
0.9603824
0.01868234
0.01041274
0.9927712
0.02736873
0.03932199
0.02331083
0.9864297
0.9608118
0.03188118
0.01422942
0.9686573
0.08803276
0.0345527
0.987872
0.9609235
0.05309341
0.008952759
0.9901162
0.9481674
0.9888903
0.9817555
0.9874488
0.9861047
0.02710848
0.05012904
0.01027299
0.9907329
0.02652214
0.9828717
0.04461412
0.9878974
0.006942505
0.005065046
0.9577763
0.9400353
0.03345887
0.03937502
0.01651722
0.9775563
0.0608407
0.03746284
0.0131269
0.9968841
0.9941078
0.008218201
0.9686995
0.9959495
0.0112174
0.9834655
0.01461142
0.005699206
0.01253484
0.03684518
0.02813423
0.02419044
0.00332118
0.9738219
0.9623974
0.01783535
0.003189883
0.02830456
0.02929033
0.9849644
0.008372639
0.9652702
0.03088101
0.9773812
0.02771772
0.9840364
0.9981788
0.01825938
0.997692
0.9501252
0.02571047
0.02089136
0.9781524
0.9982789
0.9645679
0.0681376
0.006164931
0.9758774
0.9822915
0.01684572
0.9806447
0.9191116
0.055282
0.9509114
0.02231514
0.0349831
0.9653786
0.9718046
0.04913002
0.9928148
0.01784696
0.9980529
0.9825136
0.0100425
0.9634855
0.9861744
0.9829736
0.9560945
0.9561784
0.0310481
0.008848164
0.9497049
0.9396973
0.9811667
0.9696977
0.027671
0.97274
0.01994578
0.01481286
0.9714329
0.01027718
0.9465965
0.9409366
0.998755
0.9250039
0.9806923
0.001218595
0.008027215
0.9463911
0.957769
0.01549293
0.06075319
0.9962496
0.9464176
0.9588033
0.9489438
0.006419519
0.001645734
0.9778413
0.002861952
0.0263685
0.003963908
0.01907008
0.9793097
0.0331826
0.01536698
0.9969084
0.9645488
0.01770072
0.9294634
0.05085576
0.9877532
0.967209
0.9748393
0.9674884
0.02872461
0.9564437
0.9734908
0.02820936
0.02741376
0.003104693
0.957968
0.0138985
0.9748334
0.9564097
0.9817594
0.9844558
0.9476622
0.9748534
0.9967114
0.01034931
0.9436786
0.9653928
0.9960545
0.04710445
0.9849796
0.014929
0.01682722
0.01615912
0.9757718
0.03315133
0.002759638
0.06323665
0.01991302
0.01387588
0.9775759
0.06903208
0.007476557
0.02313479
0.03359447
0.02826642
0.009674412
0.0404841
0.02769444
0.003770994
0.9997587
0.038384
0.9587256
0.03297913
0.009677899
0.9593933
0.9683729
0.02205659
0.06956658
0.01844904
0.994178
0.9741615
0.986234
0.9870007
0.9827236
0.961341
0.004235581
0.9962153
0.9369054
0.05802787
0.9896973
0.006548107
0.98163
0.9739225
0.9491559
0.004713105
0.0009877629
0.02659809
0.01405257
0.02363918
0.03769965
0.04842572
0.9930743
0.9809041
0.00880939
0.9932168
0.0731493
0.0265484
0.981363
0.9528453
0.9806101
0.9983612
0.9874667
0.05136139
0.01022506
0.02811176
0.9782405
0.01558244
0.9839258
0.001374746
0.9621564
0.004258533
0.9660872
0.9888953
0.006885709
0.9985259
0.9727715
0.9507263
0.9984279
0.0526034
0.9873745
0.9524047
0.01765328
0.9784036
0.05193718
0.9739133
0.9856173
0.009029248
0.9834198
0.02593437
0.003321299
0.02605238
0.03577592
0.9203268
0.04382623
0.01394734
0.9600469
0.0001620023
0.0486272
0.9884163
0.9717978
0.02785172
0.9327691
0.9853035
0.02130575
0.04167533
0.02448344
0.9965232
0.9988547
0.9575818
0.003651901
0.9968944
0.9969285
0.009733751
0.9981211
0.05665748
0.003237101
0.0139458
0.04314425
0.9160053
0.9838294
0.9717707
0.9588753
0.989904
0.9946785
0.01419181
0.9843152
0.02991041
0.9564793
0.9893425
0.997424
0.9677346
0.9705421
0.04355803
0.9934666
0.9831149
0.9954241
0.970678
0.9792275
0.9940105
0.9636356
0.9589556
0.0483847
0.9921773
0.03365068
0.9711356
0.02301723
0.05655165
0.97813
0.976276
0.9807218
0.9644838
0.00228808
0.9592214
0.01936951
0.01825789
0.02890418
0.003566531
0.03369988
0.9645598
0.01304855
0.001947897
0.04446685
0.9793097
0.9818933
0.963753
0.06933175
0.05768046
0.008251957
0.02498111
0.9842662
0.9615374
0.9962891
0.9904896
0.9620749
0.03828207
0.9673454
0.9456364
0.005152905
0.996607
0.01520139
0.03305207
0.008594124
0.009769963
0.01941386
0.02575888
0.01707187
0.04434807
0.9937876
0.02798561
0.9620563
0.9617539
0.04127398
0.02361841
0.01989206
0.001714111
0.9821524
0.9542954
0.9875453
0.9817815
0.9831719
0.04736324
0.001376584
0.97976
0.9478158
0.9893879
0.004541419
0.003036632
0.03539255
0.9914512
0.03508407
0.009380364
0.9640274
0.006015239
0.03557745
0.003629167
0.9687248
0.006800155
0.9884357
0.01479489
0.9903191
0.9657858
0.9864504
0.9502029
0.0238868
0.05492744
0.01481536
0.9578451
0.9968678
0.9957405
0.9847047
0.9808093
0.9680011
0.977976
0.9754265
0.00538553
0.9961165
0.01315007
0.03407172
0.01772069
0.9481754
0.9675748
0.9375957
0.989641
0.007322455
0.922477
0.9903594
0.008381398
0.9583999
0.9874855
0.9826695
0.00255137
0.07390287
0.9549676
0.01399484
0.02243837
0.007241284
0.9986779
0.016759
0.9774528
0.07097554
0.02886719
0.02239657
0.9607051
0.01584614
0.03633612
0.0482861
0.001615637
0.9731747
0.9748714
0.9444323
0.9943559
0.9946239
0.9563813
0.9607097
0.9798005
0.04143152
0.04273202
0.007213373
0.001767175
0.9593364
0.9639016
0.9759367
0.9955124
0.02519534
0.02893754
0.9995895
0.9599599
0.9948442
0.006772437
0.9470114
0.00779646
0.06890707
0.9626643
0.9689862
0.0363691
0.03287261
0.9769018
0.02376363
0.02931889
0.01335689
0.03040775
0.07250221
0.9392679
0.981277
0.01127865
0.0190164
0.9721853
0.9471919
0.01466407
0.0569081
0.04720011
0.01765388
0.02056569
0.992433
0.05688162
0.01754352
0.9703959
0.02520837
0.9915849
0.9179692
0.9880062
0.9944942
0.9795492
0.9659098
0.04834281
0.01093145
0.01195188
0.9870843
0.008489397
0.9798363
0.01204217
0.9621791
0.003250432
0.008904672
0.9852538
0.02051125
0.9897014
0.04964989
0.9757124
0.9622183
0.01557139
0.9889461
0.01444469
0.9998577
0.03922402
0.938278
0.02207547
0.9234485
0.9780428
0.9998965
0.9776924
0.04247886
0.9795583
0.9748562
0.9564242
0.9964315
0.01158336
0.002826904
0.9605573
0.9819872
0.9764831
0.01826532
0.0168601
0.9861378
0.9844345
0.0326061
0.9690391
0.02337124
0.9548951
0.02100657
0.03442319
0.9939409
0.04655142
0.9836583
0.9859477
0.01939504
0.9902526
0.009306428
0.01117721
0.007745711
0.9850298
0.01673228
0.07192388
0.042302
0.9981303
0.9462813
0.0161953
0.9933619
0.0066916
0.9801865
0.03235116
0.01184404
0.0240441
0.9740494
0.01240849
0.003954408
0.0438682
0.0117525
0.05033387
0.01461461
0.9879988
0.9658777
0.04921767
0.01268157
0.006064522
0.009792892
0.9835802
0.009752524
0.02027634
0.9895784
0.9698918
0.08706318
0.9791741
0.05701136
0.9921698
0.9598523
0.01992698
0.01408078
0.985187
0.00476759
0.001698561
0.9803533
0.9912415
0.01350112
0.05240493
0.04921165
0.02177855
0.9777575
0.9919414
0.979113
2.881411e-05
0.9844363
0.03347856
0.9428144
0.9842271
0.9931005
0.04319533
0.002851407
0.003384605
0.949493
0.04236121
0.9378872
0.9807752
0.990169
0.9935324
0.9549649
0.01742669
0.005175983
0.9859965
0.03622916
0.9640399
0.9869991
0.0549166
0.008456278
0.03141674
0.004053861
0.02039228
0.02670821
0.004482353
0.0387671
0.01792169
0.0109733
0.992777
0.9854543
0.9947732
0.01102282
0.9935662
0.03237038
0.9662025
0.02281146
0.001309066
0.9952593
0.02789114
0.02270555
0.03637914
0.9567507
0.02678029
0.008390958
0.9508164
0.9657014
0.02383159
0.9516774
0.9672956
0.03754856
0.9442682
0.0262987
0.9765871
0.01326343
0.06132213
0.03258302
0.9796427
0.02324775
0.9809722
0.01954012
0.994258
0.9634122
0.992546
0.9860672
0.9788291
0.9855317
0.9825405
0.9989163
0.009506748
0.9852073
0.02279696
0.0725619
0.2357313
0.3876228
0.001431101
0.8244461
0.1932
0.009089303
0.7855355
0.834517
0.004774668
0.02500142
0.03016911
0.04022699
0.4152594
0.4079549
0.7989894
0.3476414
0.5971206
0.2225272
0.5817686
0.9843038
0.7854939
0.3837784
0.2019779
0.5524028
0.9815935
0.2154262
0.02166203
0.5903738
0.9630443
0.05618541
0.9940681
0.5651046
0.6285472
0.9987452
0.4098736
0.189972
0.0418563
0.448296
0.7941574
0.4237961
0.2581742
0.1841433
0.2112222
0.945941
0.9981796
0.6753209
0.1879169
0.3454405
0.9942266
0.7772479
0.822208
0.9917902
0.02981536
0.2387022
0.4205004
0.8415621
0.977688
0.4376416
0.6092366
0.7783048
0.6086688
0.2076827
0.8089071
0.268065
0.9910189
0.3623636
0.01836639
0.1727805
0.9570788
0.990965
0.2341652
0.03031034
0.5831832
0.9870268
0.01934117
0.8302048
0.4216714
0.008149304
0.626036
0.04900799
0.7924764
0.02332917
0.4447362
0.6153895
0.3652351
0.009394205
0.8204688
0.8294732
0.391867
0.5507699
0.6269484
0.189363
0.9782709
0.9988604
0.5508408
0.6417905
0.3509616
0.7958261
0.9856939
0.8119331
