0.07368759
0.0265244
0.0207331
0.009707178
0.04017176
0.01051397
0.008501927
0.01230202
0.03299
0.008316097
0.01741837
0.002122702
0.03319042
0.05265702
0.04870425
0.03898306
0.01374564
0.00709569
0.008318539
0.01994202
0.02615969
0.006604057
0.01959613
0.003543583
0.01027784
0.03252654
0.005966424
0.007353446
0.06471242
0.01093164
0.0006675847
0.006433735
0.04038953
0.000697515
0.02241629
0.03527043
0.00123964
0.06508907
0.02516761
0.02452565
0.004824702
0.02694217
0.029215
0.006932243
0.0001294277
0.0235573
0.01369827
0.01405535
0.02564187
0.05848418
0.01996875
0.01483273
0.01351067
0.01287149
0.008664622
0.01259384
0.04141108
0.03809152
0.01884624
0.07413596
0.01066279
0.01779982
0.00784953
0.01817464
0.03054717
0.02233918
0.06000158
0.007315636
0.02556201
0.01842322
0.02751449
0.01569832
0.008586832
0.009717373
0.009342558
0.02302416
0.04876206
0.03134096
0.01935228
0.03098472
0.019406
0.005962777
0.04963954
6.15406e-05
0.02060627
0.01299468
0.04545035
0.007107224
0.02057231
0.0341486
0.0009974811
0.008473881
0.0180503
0.0356973
0.01366429
0.04682534
0.01124815
0.01700456
0.002803516
0.02043437
0.9688197
0.01712479
0.9887572
0.9914084
0.01338374
0.02219116
0.002682219
0.0004062133
0.9552689
0.9952152
0.004612034
0.0515687
0.9928125
0.02956074
0.9862538
0.9764378
0.9957923
0.9945759
0.9480594
0.9760406
0.01426317
0.9539843
0.003309039
0.01429998
0.007072159
0.06108961
0.01321211
0.9920912
0.05294549
0.01146687
0.9876941
0.0319717
0.9645074
0.9625126
0.9559232
0.04405404
0.9709349
0.9633952
0.9658848
0.9832548
0.01209307
0.9557637
0.9757198
0.03802141
0.9749415
0.04382108
0.03170049
0.02671587
0.005791056
0.9901821
0.9920931
0.9113288
0.03497777
0.05853646
0.009318082
0.01623426
0.0320442
0.9887614
0.9413186
0.01215525
0.004393336
0.02990745
0.02055833
0.03619577
0.0341259
0.9981227
0.03000344
0.02637199
0.0174019
0.008639
0.0230056
0.01687967
0.9650718
0.9900831
0.9993906
0.9807904
0.04500849
0.9874634
0.9778987
0.02741357
0.04492426
0.04655971
0.02143783
0.9966475
0.001415962
0.9805521
0.9910552
0.9996035
0.9478194
0.07837913
0.01340453
0.03038672
0.0004200195
0.03285575
0.03828051
0.8878895
0.00281896
0.9499659
0.9950521
0.9997785
0.04300921
0.9753232
0.9974847
0.007146781
0.02113306
0.9847013
0.04837598
0.9855119
0.04915813
0.0008125878
0.05602005
0.9944282
0.03415963
0.9984094
0.9981926
0.9337178
0.03646796
0.004794845
0.01653437
0.02743499
0.01352999
0.02392148
0.894791
0.06647881
0.02382136
0.007937392
0.01850731
0.01142343
0.9929881
0.9494298
0.05915869
0.9520176
0.9843181
0.0769777
0.04665891
0.000203313
0.01450546
0.9693009
0.9836725
0.979043
0.01287913
0.00303908
0.9410015
0.007339401
0.0292614
0.9853008
0.02631681
0.04582895
0.01487719
0.996586
0.001898302
0.9888753
0.002752132
0.03660378
0.01244976
0.9946314
0.06482742
0.9494227
0.9813624
0.007949054
0.03368366
0.9635195
0.01951674
0.9716818
0.9989374
0.9957631
0.017959
0.9881307
0.046682
0.046886
0.9947674
0.9655697
0.001203479
0.01892455
0.9489602
0.008253194
0.01721038
0.9640203
0.03132414
0.03096242
0.9747069
0.02379521
0.006936115
4.551471e-05
0.01376839
0.0316431
0.9622964
0.978336
0.9475465
0.03921182
0.9916966
0.0007347578
0.01871003
0.009150519
0.9995809
0.0143729
0.0001852358
0.9922467
0.9783989
0.9369081
0.9881579
0.9573735
0.9804442
0.9876012
0.002123045
0.009333286
0.9911906
0.01458376
0.01704741
0.9812482
0.0187782
0.9716316
0.9676635
0.007525367
0.9644222
0.01430866
0.0008260156
0.9924108
0.9339289
0.9527445
0.9945089
0.007391761
0.003874231
0.9959914
0.987558
0.03845766
0.03647861
0.02313263
0.9721619
0.9946424
0.9950452
0.02758802
0.0288323
0.9817516
0.0119159
0.003033781
0.943219
0.004348472
0.9765902
0.9875015
0.02450967
0.06632622
0.00440096
0.9754438
0.02008686
0.05918246
0.0171464
0.9805864
0.0284277
0.00143747
0.9474129
0.008608549
0.989603
0.9946284
0.9710733
0.9819286
0.0003488609
0.9727618
0.9600425
0.00873397
0.9655153
0.9764475
0.9805548
0.9628739
0.007740922
0.00435646
0.9827194
0.00839743
0.9659499
0.9942636
0.9604162
0.03163783
0.9933408
0.00606803
0.9881299
0.982819
0.006130137
0.008230164
0.03110467
0.9821116
0.9627945
0.02394674
0.9693644
0.03065223
0.9997224
0.03620577
0.04114481
0.9703678
0.953852
0.01734227
0.01862026
0.02190131
0.9830512
0.05766749
0.976047
0.9851353
0.9686995
0.01675471
0.9860082
0.9912929
0.9782068
0.960681
0.9594596
0.9842404
0.02510417
0.9951228
0.05580514
0.01621839
0.02526408
0.02794845
0.01045266
0.03889594
0.9985367
0.004381785
0.9947542
0.9887382
0.9672463
0.04119516
0.9885036
0.0195201
0.9949141
0.9780855
0.9723571
0.9851738
0.9900651
0.037215
0.001246286
0.972763
0.03254092
0.999645
0.07388487
0.9638212
0.02976722
0.984083
0.983698
0.9712758
0.02448086
0.9976403
0.02196198
0.9903257
0.0211173
0.002179428
0.9610107
0.9567432
0.9421001
0.001386942
0.06578169
0.002707037
0.9420004
0.9785002
0.01917995
0.01785392
0.9909338
0.9872812
0.9999307
0.02966751
0.9833916
0.9944563
0.9707944
0.005197267
0.977603
0.006447008
0.9484422
0.992122
0.0005821663
0.9731023
0.005669746
0.01073508
0.01029658
0.9632249
0.9988545
0.03518524
0.9905809
0.008367509
0.9823575
0.9799839
0.01771937
0.9648387
0.04372767
0.9938822
0.9792376
0.9932921
0.05513861
0.9996687
0.0004237735
0.947353
0.004536337
0.03907724
0.9527597
0.9725105
0.01022817
0.9791771
0.9814085
0.9770972
0.9745168
0.9977431
0.9803112
0.0007653423
0.9707471
0.9985883
0.003899245
0.9901524
0.9760223
0.01301298
0.9773134
0.9972526
0.9536097
0.02173656
0.9982969
0.9644957
0.04797945
0.006159137
0.03020033
0.9890969
0.9723334
0.005351496
0.9789117
0.9967312
0.9908986
0.9586759
0.02189457
0.9786437
0.03202605
0.01381334
0.0002588612
0.9939822
0.01239584
0.009070755
0.9656671
0.04871052
0.9865701
0.001572054
0.05311157
0.964528
0.00273242
0.06197156
0.05470162
0.01177881
0.02984452
0.9855923
0.04242932
0.06905693
0.9974927
0.960282
0.9916484
0.0217433
0.001873763
0.01116054
0.9642169
0.02264426
0.9988715
0.004203477
0.9778827
0.02565612
0.001057536
0.01528644
0.04595489
0.9418805
0.0005002013
0.9373882
0.02181936
0.9946883
0.02295686
0.04395876
0.001269291
0.9919137
0.02135738
0.003066813
0.01141122
0.02605231
0.01450831
0.9845361
0.00939765
0.003474071
0.9726397
0.9869258
0.9461949
0.01148668
0.01740439
0.03465457
0.04612152
0.03322612
0.9729906
0.9315449
0.956572
0.01550821
0.9595593
0.02434803
0.01586971
0.9724398
0.9904095
0.02227346
0.9985015
0.9608539
0.973638
0.009098516
0.04993178
0.973362
0.9610989
0.002019867
0.9904147
0.9812219
0.01423334
0.9822851
0.9639502
0.9784289
0.9288468
0.9598564
0.9741325
0.9877219
0.02370776
0.9928684
0.003764831
0.04381296
0.0313504
0.9553379
0.01003728
0.9795165
0.984002
0.9900305
0.985845
0.9878494
0.000721699
0.9578543
0.02264676
0.9547799
0.9997193
0.9910701
0.9651382
0.008466817
0.04418725
0.9777335
0.06388128
0.04081779
0.007247636
0.9267492
0.9528317
0.9873536
0.01953417
0.9801452
0.0005527511
0.0006504926
0.03685883
0.9892804
0.004348971
0.9936333
0.01509612
0.01252718
0.006834622
0.9984027
0.9755227
0.9845987
0.03210982
0.985712
0.9974542
0.9974604
0.9929741
0.9661223
0.05231407
0.05575924
0.01805939
0.9893489
0.006729818
0.9788452
0.9666504
0.01639625
0.9517165
0.003123961
0.01897779
0.9748421
0.006237083
0.0487152
0.9581618
0.9495366
0.02809978
0.9992841
0.9670514
0.02317652
0.9827071
0.9670719
0.9897323
0.9738615
0.01986741
0.04219995
0.9767558
0.9623192
0.9518672
0.05923265
0.9878069
0.9863347
0.9713556
0.0312172
0.9793867
0.03446771
0.002294621
0.01978575
0.08309083
0.05329524
0.01554068
0.9816197
0.9808216
0.05452078
0.9167645
0.9591742
0.01192342
0.9868322
0.03323593
0.02145202
0.9594615
0.9866165
0.004799046
0.9922842
0.9928365
0.9733578
0.9838657
0.03643001
0.9935634
0.004912088
0.02878878
0.0163344
0.9987983
0.01627873
0.01243989
0.972898
0.04170429
0.9899426
0.9951407
0.9835951
0.0258086
0.9767308
0.0125955
0.9842371
0.02476141
0.009338488
0.007222417
0.9611801
0.04846251
0.03621748
0.02741642
0.009395126
0.9956839
0.9669526
0.978143
0.990754
0.9328313
0.9826764
0.9846533
0.9943138
0.01210387
0.008657731
0.002523917
0.9473183
0.0075386
0.000241176
0.01122123
0.02910835
0.9964724
0.9381728
0.01921575
0.001649034
0.9900737
0.984633
0.005944681
0.01529025
0.9886502
0.005962877
0.9586119
0.9827814
0.01077393
0.02452861
0.9772004
0.9963789
0.02157922
0.01736769
0.9971799
0.9892897
0.9762863
0.01335558
0.9748184
0.04947871
0.01478414
0.9832284
0.988773
0.9813505
0.01849002
0.02321071
0.007321718
0.02157488
0.9785984
0.9904765
0.02719647
0.02843054
0.9752864
0.9956267
0.04422169
0.01537092
0.953897
0.9877237
0.02876438
0.01854091
0.007831375
0.002535308
0.9842856
0.9805014
0.0321157
0.03253187
0.009120308
0.002868788
0.9868505
0.0002990673
0.02183543
0.9951786
0.9685774
0.03715896
0.006618461
0.9984822
0.02082229
0.9690504
0.01600115
0.9809682
0.006821958
0.9700921
0.04104293
0.9799905
0.9792297
0.9707082
0.01086936
0.02037804
0.997269
0.9783419
0.958188
0.994714
0.9948157
0.9966545
0.009483397
0.9971096
0.9983209
0.04572926
0.02502594
0.9825537
0.01220045
0.01957072
0.9857503
0.969226
0.993886
0.04686164
0.9563852
0.01116599
0.02558648
0.9837517
0.006036727
0.9804821
0.01872486
0.9617814
0.01588107
0.02376579
0.001559679
0.01808649
0.02141738
0.9250388
0.003888587
0.03042731
0.02798846
0.9424078
0.9731036
0.04103891
0.01900167
0.9893735
0.9886909
0.9929922
0.005695404
0.0006119308
0.988869
0.01648574
0.965814
0.9893834
0.03054448
0.04047584
0.9638828
0.008013616
0.01543198
0.981017
0.9729841
0.01587954
0.9808189
0.9462612
0.9812497
0.9726239
0.02803381
0.9533192
0.05155685
0.002848722
0.03185823
0.04259984
0.01034493
0.0454845
0.9800767
0.925537
0.9935346
0.01312274
0.9913026
0.03877149
0.9762768
0.04536587
0.04921607
0.9887537
0.9973521
0.005981777
0.9870244
0.9760894
0.9986234
0.9854483
0.03949924
0.05195445
0.9766598
0.9944256
0.9938879
0.9892241
0.9656321
0.9489665
0.9867436
0.9925069
0.001989831
0.05218318
0.05375266
0.02388631
0.004086812
0.9945118
0.01610776
0.9822756
0.01822982
0.9963558
0.0006717292
0.03039522
0.9375148
0.9680637
0.008195098
0.001511337
0.03930849
0.02490082
0.03523327
0.9752917
0.02193181
0.9491096
0.01009677
0.005825984
0.9902857
0.01354429
0.0188863
0.01567972
0.02013948
0.9856565
0.9991013
0.0196558
0.03590563
0.9802725
0.02214395
0.9335646
0.01000365
0.01751269
0.9739014
0.9889706
0.04452316
0.04671533
0.9939941
0.9924142
0.9895433
0.9894791
0.9974982
0.01247485
0.9642032
0.9922058
0.01156076
0.996777
0.9899469
0.9949955
0.01570284
0.9753769
0.05424095
0.9485899
0.9861276
0.005270182
0.9312759
0.01657925
0.002544098
0.009186914
0.9897348
0.004078899
0.05544016
0.01690859
0.9886964
0.01706577
0.01249103
0.9578093
0.009435739
0.9648581
0.01151552
0.9558744
0.9658331
0.9961839
