0.09664525
0.04589702
0.008937988
0.01775719
0.05494637
0.05657217
0.003750786
0.01570125
0.00636845
0.04949136
0.007029905
0.02736782
4.808034e-05
0.05065109
0.006444089
0.04880456
0.01423459
0.01287601
0.01308662
0.01251328
0.007361582
0.04907322
0.01669523
0.02584529
0.006235684
0.01569738
0.006336605
0.005702714
0.021797
0.02800917
0.02201028
0.01690262
0.02428211
0.03043759
0.03155719
0.01900471
0.02174575
0.04212485
0.01180657
0.01824429
0.01820789
0.008218547
0.01143273
0.02084295
0.03113841
0.02167666
0.04449006
0.007044549
0.012544
0.05948121
0.03976814
0.01955078
0.01598417
0.01511302
0.05247535
0.04139008
0.0455246
0.03724117
0.08086693
0.02899138
0.02706203
0.04148403
0.0331869
0.01425662
0.002120158
0.02316802
0.02607707
0.001164471
0.0264286
0.01544055
0.05533736
0.01403592
0.006298989
0.009770393
0.02321708
0.04628015
0.00424587
0.03302713
0.06543632
0.01112106
0.003740554
0.01426382
0.008188621
0.06772799
0.005925881
0.03005074
0.01729967
0.01663033
0.04041229
0.03146726
0.05410129
0.03299819
0.08830449
0.003222139
0.04016286
0.01885377
0.06625644
0.04164485
0.02529932
0.00178548
0.02558153
0.003545117
0.0182999
0.05407223
0.02455635
0.01638699
0.05807598
0.01037336
0.01581613
0.04314006
0.02027341
0.02384951
0.02505229
0.03685126
0.01120744
0.01111722
0.0001304273
0.01701214
0.01897524
0.001832552
0.05520607
0.03987916
0.05138253
0.03431286
0.006930478
0.01960137
0.01946824
0.03553163
0.02180533
0.03299539
0.02069218
0.0389887
0.0209189
0.02521494
0.01178124
0.05742105
0.05593509
0.00606567
0.04447113
0.007991624
0.01643668
0.001578846
0.0461265
0.01488203
0.01104716
0.02908531
0.01083064
0.01720143
0.105578
0.02234038
0.01729451
0.04036306
0.02090064
0.004614511
0.002526069
0.07799896
0.001743201
0.03955198
0.01041725
0.03649837
0.07145993
0.01777075
0.01962658
0.01024929
0.05512822
0.008493909
0.01091112
0.005034675
0.02704157
0.002420568
0.01561557
0.00968023
0.04487942
0.03864949
0.04675263
0.003380116
0.05739153
0.001648604
0.03519637
0.005374959
0.02142079
0.02775533
0.005878376
0.0213851
0.03656042
0.03274827
0.001765682
0.04505673
0.01006404
0.1003912
0.01785873
0.02577873
0.02924261
0.01110626
0.01298575
0.01964102
0.01530809
0.005792357
0.003998105
0.04942374
0.01368942
0.01393017
0.01533199
0.02957501
0.03680252
0.004866627
0.05382689
0.004961718
0.008372976
0.02925865
0.00501383
0.01665179
0.02146289
0.0143193
0.01752681
0.01071579
0.02198179
0.03609747
0.02006541
0.03353501
0.007722849
0.007853213
0.05192225
0.02410525
0.01980356
0.003155146
0.005839082
0.02262168
0.02104645
0.01501895
0.02335714
0.03039327
0.02261261
0.02745041
0.03031452
0.05024794
0.01627827
0.07821195
0.005234141
0.01435558
0.02242256
0.05129234
0.04619422
0.02048846
0.05529594
0.005995298
0.02101206
0.01755347
0.02469124
0.05459846
0.07720718
0.03305758
0.00369951
0.03578461
0.02062185
0.008897992
0.0197005
0.01553223
0.01428995
0.02402829
0.06034185
0.02862705
0.0002692975
0.02952403
0.002408868
0.0986717
0.02303838
0.01662652
0.01830269
0.01216479
0.0006059628
0.03672569
0.004125796
0.06944822
0.004126065
0.02212526
0.01452817
0.03801585
0.01641945
0.02322201
0.01149746
0.0137027
0.03705688
0.03257105
0.02580249
0.009525827
0.04389494
0.008075932
0.02277891
0.04038887
0.01381528
0.01342932
0.06232206
0.00206168
0.002249855
0.03601153
0.03583333
0.01786102
0.06077863
0.01271281
0.0009972567
0.006840134
0.07504865
0.0112017
0.05941822
0.0004245713
0.0126121
0.005085574
0.0008786448
0.009356013
0.0256899
0.002076142
0.01226253
0.01073245
0.010532
0.01734488
0.006526325
0.02889072
0.002168855
0.05769264
0.006928267
0.03195519
0.01953975
0.03845133
0.01838809
0.01601829
0.08714861
0.02868156
0.02456655
0.04242936
0.02673809
0.02576519
0.02131645
0.0193842
0.05516605
0.010163
0.02774284
0.009211954
0.001100018
0.02329926
0.01260168
0.003044888
0.04045253
0.02029321
0.01552038
0.005614784
0.02105303
0.08867539
0.03276183
0.008056407
0.003668435
0.04884104
0.01899988
0.009134245
0.02174901
0.0004576476
0.02453771
0.09019509
0.05607532
0.05729299
0.005675503
0.005213275
0.008778026
0.01817805
0.007559807
0.03908421
0.04425077
0.04082268
0.02685271
0.04024126
0.0152588
0.01134253
0.001061942
0.03156815
0.006596375
0.05255824
0.01018051
0.0005993865
0.04230255
0.01142704
0.0008432754
0.009416963
0.005868126
0.07329715
0.001847567
0.03312472
0.07184618
0.03090846
0.00910221
0.02083575
0.0463788
0.03726938
0.00648765
0.003386725
0.03405345
0.03998575
0.003295803
0.0272129
0.04051056
0.003694714
0.009167827
0.02371856
0.01368085
0.01994051
0.02576576
0.0156879
0.03946982
0.01240615
0.001534731
0.006559057
0.02222272
0.006611953
0.01078046
0.02325881
0.06835924
0.003322322
0.04587519
0.006782992
0.00326129
0.05168312
0.01444653
0.05616933
0.0121567
0.03566372
0.03038771
0.01690318
0.01062256
0.01964951
0.009489478
0.07830312
0.06095807
0.04737161
0.01045583
0.02204213
0.01240848
0.007283001
0.02202738
0.03222319
0.04043633
0.01546586
0.0263113
0.01196925
0.02546828
0.01817832
0.008157901
0.009765112
0.06469753
0.01200488
0.006882924
0.02844628
0.01042384
0.03352429
0.009448793
0.07337752
0.02848885
0.02063916
0.03373771
0.020255
0.0116709
0.001167222
0.01309952
0.05216905
0.07247271
0.007259634
0.03167107
0.04467475
0.004119316
0.004186906
0.00660056
0.005414537
0.02466521
0.03955556
0.08647682
0.05191509
0.03302799
0.02098319
0.006166638
0.004561591
0.008135829
0.003476648
0.008286948
0.01855551
0.01350471
0.04825344
0.02397036
0.0503368
0.03308412
0.02565715
0.008552225
0.0522145
0.00809028
0.03060133
0.03283768
0.01136397
0.05196339
0.03794059
0.009101096
0.01172274
0.0518579
0.002255254
0.02029629
0.999269
0.9747769
0.06612587
0.0003595835
0.9822888
0.05012393
0.9876477
0.0281246
0.01608831
0.9917001
0.01738246
0.04275327
0.01253587
0.9839275
0.9329635
0.9708392
0.005690524
0.01525805
0.9894087
0.9770527
0.9615975
0.9917651
0.02480084
0.9756415
0.9957087
0.03004191
0.9832857
0.0372077
0.01103204
0.02890947
0.9871932
0.02612649
0.9764671
0.00590255
0.006164156
0.0363232
0.9955646
0.02822877
0.02067292
0.06084742
0.009592399
0.9962249
0.04668934
0.9968183
0.9894529
0.9423347
0.003563415
0.004300663
0.9556856
0.01273134
0.9564489
0.9885837
0.9464151
0.9888564
0.9958087
0.9842968
0.9761905
0.9823857
0.006922693
0.01039198
0.02613518
0.9961342
0.9953651
0.02418085
0.03061088
0.02915276
0.01332083
0.9878908
0.01568892
0.9909701
0.02709552
0.0525162
0.03457102
0.009593202
0.006927468
0.9967844
0.9682536
3.581579e-05
0.01137804
0.9754258
0.01927088
0.007427315
0.9785563
0.03456423
0.04018733
0.9979055
0.965763
0.9443626
0.9727313
0.0311798
0.01838119
0.986697
0.01855729
0.04340424
0.964453
0.01407674
0.040205
0.01783752
0.9927775
0.03507475
0.9969944
0.00108787
0.03627042
0.9749113
0.9736243
0.0002676661
0.03031072
0.987868
0.05520339
0.941284
0.9962163
0.03905206
0.01603829
0.009004926
0.004942226
0.03978635
0.9922872
0.9916332
0.9624108
0.9841657
0.0009583116
0.005268517
0.9440722
0.005224696
0.970637
0.9639587
0.9841905
0.9617163
0.9807013
0.9858529
0.9923833
0.01357541
0.001958062
0.9928779
0.01963316
0.9974941
0.9605309
0.01914543
0.9879222
0.9746197
0.9875462
0.02385579
0.03608439
0.9996618
0.9704652
0.01061293
0.06297334
0.02998909
0.01105205
0.002726741
0.04283542
0.01482397
0.9985489
0.995449
0.01907179
0.9761321
0.9800118
0.9836923
0.9958664
0.01214929
0.01563341
0.008949136
0.01691349
0.01231344
0.9850257
0.06502707
0.02238974
0.9718439
0.02161879
0.004492465
0.04961464
0.9939731
0.9742372
0.9992207
0.9833761
0.9257761
0.009564247
0.02648252
0.02643817
0.004557838
0.01671191
0.9738012
0.9592126
0.9856265
0.9882628
0.8934584
0.00339228
0.01706794
0.03929454
0.008493493
0.02597169
0.9979
0.9848346
0.01330443
0.9727253
0.9844673
0.03704643
0.05780622
0.03393651
0.005993333
0.9583242
0.9943385
0.9921865
0.01195069
0.973459
0.9760248
0.959319
0.01055019
0.01693451
0.002301401
0.02528245
0.001806612
0.004112976
0.03837855
0.9823536
0.9951749
0.03063993
0.002272068
0.9970174
0.9886734
0.9964876
0.9447864
0.00268135
0.9903269
0.02812329
0.02596649
0.9905163
0.9995286
0.9477569
0.03234731
0.9795762
0.03442324
0.9406371
0.01868545
0.03656095
0.9663088
0.04796273
0.07812857
0.9989959
0.9407501
0.9724123
0.0003429118
0.05573364
0.9876473
0.965265
0.0186758
0.0142689
0.9863137
0.993502
0.01516819
0.9697916
0.9753682
0.01090537
0.9995684
0.9628804
0.9939613
0.9746592
0.02235054
0.9430214
0.02844302
0.9809842
0.01489716
0.9968399
0.9958145
0.9751941
0.9615518
0.9720189
0.9967324
0.97385
0.9366184
0.01774898
0.9324343
0.02349783
0.02826826
0.02285118
0.9310916
0.9974917
0.9617409
0.0447002
0.9884968
0.9977641
0.01325472
0.005801873
0.9856909
0.9974858
0.0498794
0.01367366
0.02794991
0.9874398
0.9895987
0.00242844
0.9803996
0.01777838
0.9486495
0.0227887
0.9820293
0.991109
0.0009479708
0.02645529
0.9901153
0.9860673
0.9360709
0.9707533
0.998501
0.02135105
0.01696417
0.06064902
0.9940636
0.9814323
0.9810105
0.9784959
0.01049092
0.003195168
0.01735393
0.01149691
0.9825865
0.001887434
0.03648081
0.005133618
0.04815846
0.02416397
0.02293396
0.9951483
0.9625826
0.002098728
0.03120605
0.9882719
0.9593641
0.0118895
0.9910764
0.9704226
0.02727304
0.01931293
0.9821772
0.01633411
0.02982241
0.003691501
0.9897298
0.04072752
0.9890669
0.01364172
0.008576377
0.03710291
0.01898076
0.02261567
0.99039
0.9893084
0.9763563
0.006970908
0.9864111
0.98345
0.9581449
0.01197561
0.004175068
0.9729381
0.9928156
0.9816806
0.9767017
0.004847179
0.007027456
0.9739833
0.9664146
0.9365955
0.9830495
0.9747799
0.008270903
0.9997402
0.987307
0.006942524
0.9762239
0.9940995
0.9705778
0.977394
0.005067075
0.005861087
0.03765825
0.03348815
0.9948473
0.9560782
0.994585
0.005968458
0.9388829
0.01455328
0.02438278
0.9950386
0.007009428
0.01865148
0.04305721
0.008771272
0.9931342
0.9603088
0.9842633
0.9590113
0.991598
0.01123826
0.9877795
0.9810464
0.9919225
0.03476835
0.9815053
0.9864758
0.9855985
0.01439537
0.03477309
0.9898446
0.009647621
0.04246358
0.9620087
0.01154967
0.9860523
0.0388105
0.02319753
0.983489
0.9907534
0.01421534
0.01365803
0.9722359
0.03584491
0.01830354
0.001904508
0.01991253
0.9990311
0.9687219
0.0322025
0.9618254
0.006795781
0.9802742
0.0389445
0.02947208
0.005691732
0.03816697
0.9842511
0.9321092
0.9872482
0.9544243
0.03912227
0.9861053
0.9957874
0.005881774
0.03989395
0.9823048
0.0006883586
0.9507295
0.02300595
0.02301971
0.07200014
0.9912889
0.9801473
0.02952378
0.9966717
0.001524653
0.9733983
0.02452294
0.0105551
0.01319562
0.9473719
0.9547732
0.04692034
0.9880683
0.9432133
0.0172468
0.01508355
0.9833488
0.05910696
0.9989142
0.01000655
0.9926288
0.9446838
0.9400784
0.9612866
0.0006553128
0.9250107
0.009112452
0.9692299
0.002949493
0.008931245
0.9991808
0.9791919
0.9282522
0.9832859
0.01428304
0.984528
0.04743071
0.06937765
0.9670886
0.02563229
0.01700248
0.003930982
0.01237968
0.009467254
0.9738507
0.9898252
0.03952021
0.02965196
0.9374603
0.04191245
0.9783148
0.03417402
0.01453412
