0.03052475
0.5071981
0.9820613
0.03170067
0.03710589
0.4808198
0.9695611
0.502202
0.01854559
0.9310366
0.5019001
0.01202725
0.497025
0.95622
0.04409497
0.9479347
0.9781973
0.9919171
0.4946697
0.9997093
0.02703428
0.003612864
0.9905493
0.9581228
0.5182698
0.5260266
0.9824921
0.9793366
0.9579763
0.4357654
0.9963916
0.9706975
0.01426888
0.4954271
0.02046532
0.9845977
0.02349458
0.02443225
0.4957711
0.0394512
0.07237615
0.009091313
0.5184576
0.9860621
0.01455822
0.5653808
0.03388834
0.9718603
0.4868656
0.5458369
0.5087835
0.5641723
0.05204204
0.5419676
0.9706528
0.03510195
0.9789612
0.01873667
0.9973247
0.004257698
0.9998173
0.0224748
0.005565412
0.01014405
0.9690622
0.5640463
0.9764074
0.5113407
0.4827869
0.02132005
0.9956664
0.98475
0.03928323
0.01330692
0.9939263
0.02405032
0.5018463
0.001408407
0.4951399
0.0445275
0.9871869
0.01935647
0.9165504
0.0298278
0.9865908
0.01936429
0.002510816
0.4803087
0.9788029
0.01681058
0.03606116
0.4837451
0.50796
0.9553392
0.01701259
0.03815535
0.4826563
0.9898712
0.5107354
0.5208807
0.9552277
0.5365924
0.05562502
0.9761772
0.482612
0.4738144
0.9996494
0.9843705
0.5303397
0.9565942
0.001927858
0.9886169
0.5064179
0.9824962
0.5228901
0.9952358
0.0489378
0.02771555
0.006088348
0.009258908
0.9627514
0.004879691
0.02783811
0.5139635
0.4569494
0.9389471
0.500298
0.4700423
0.9999351
0.4982183
0.9746492
0.4748635
0.001792423
0.5463716
0.9802159
0.004171148
0.01926255
0.9529276
0.4706897
0.9907922
0.0003110991
0.9695231
0.01626558
0.5604493
0.9594317
0.9677007
0.9946515
0.9946908
0.9959787
0.9968523
0.4731285
0.02316108
0.4573364
0.4885431
0.01174654
0.9712357
0.008841974
0.4701446
0.03459858
0.9884165
0.5246208
0.04421659
0.4882844
0.9903944
0.518445
0.9142067
0.4799684
0.03250604
0.02989699
0.4886398
0.9816766
0.9160783
0.9897444
0.9620579
0.5593329
0.992788
0.9748976
0.466463
0.9951041
0.9115133
0.9373322
0.01171233
0.9767265
0.9807203
0.506941
0.006294994
0.9859721
0.4933464
0.4709035
0.00246637
0.4716672
0.9654744
0.07636056
0.9948397
0.5005146
0.4827621
0.9667632
0.009518798
0.5272642
0.5345918
0.9278611
0.01658402
0.5746775
0.4737903
0.4754407
0.5396777
0.01673067
0.03186524
0.5322731
0.4880522
0.02204777
0.4801893
0.5570716
0.02191033
0.9909738
0.1099809
0.5066684
0.5677355
0.5163292
0.01535916
0.5025433
0.9763778
0.4384287
0.9377814
0.4760138
0.4879027
0.5127209
0.99578
0.9941516
0.003602157
0.9516988
0.006157509
0.009964624
0.04455056
0.9957506
0.04784843
0.9663696
0.06495095
0.03632386
0.04366807
0.9819331
0.05236344
0.01538091
0.01522916
0.003727769
0.4641295
0.491718
0.9681592
0.5005589
0.9618017
0.002760268
0.4619378
0.03323919
0.0003640762
0.4676681
0.04589651
0.9546517
0.9590253
0.01667437
0.4854953
0.04503381
0.01600582
0.4989607
0.02975249
0.9618936
0.01142818
0.9931291
0.9801499
0.02245078
0.9488408
0.9935887
0.4582389
0.9916379
0.5448216
0.01182709
0.03453071
0.4788674
0.5021562
0.0365975
0.02306566
0.9975134
0.5354184
0.9786599
0.9993587
0.02452143
0.5306675
0.5212149
0.9747265
0.03023442
0.03503255
0.9984091
0.04893964
0.5203181
0.9649279
0.4967504
0.02339911
0.4552923
0.5178111
0.5016926
0.007291326
0.01646426
0.9807386
0.03436214
0.9823656
0.9970361
0.003848562
0.9919932
0.4439227
0.489502
0.5103731
0.4925787
0.0496618
0.9992069
0.03723418
0.01754817
0.9443837
0.9780754
0.5088573
0.4790409
0.9598429
0.01518407
0.4689319
0.4837846
0.5171618
0.9948147
0.001822499
0.5162182
0.4503356
0.9874857
0.4448244
0.009895428
0.9923311
0.035071
0.9884711
0.9925847
0.01897172
0.04876689
0.01648734
0.009620051
0.9526218
0.0001751906
0.008238607
0.004251776
0.9853135
0.9969552
0.9748439
0.9809284
0.9754535
0.9980914
0.9917054
0.07025675
0.9893178
0.003644261
0.9913161
0.001953959
0.01825267
0.9995639
0.9606997
0.9738196
0.003426852
0.9727197
0.01834438
0.001142856
0.9972252
0.006664754
0.01140261
0.006644263
0.02672303
0.9931237
0.9869178
0.03589342
0.01349794
0.9812829
0.9581772
0.02787052
0.9843614
0.02347841
0.9753473
0.04645345
0.04404622
0.001898302
0.9478349
0.005993025
0.998379
0.9487443
0.005888571
0.9784699
0.009332785
0.9443081
0.05683896
0.9852677
0.9880442
0.001557261
0.9928879
0.02522323
0.9971338
0.9909314
0.9744503
0.02255812
0.9831735
0.9581466
0.9727916
0.04388893
0.9917693
0.9849772
0.9893636
0.01440411
0.05639213
0.992486
0.01196105
0.0272293
0.005865277
0.987484
0.00132985
0.00370562
0.9773213
0.008722853
0.02403656
0.9655301
0.001355439
0.02962106
0.01139599
0.01965773
0.01240238
0.0462331
0.01709552
0.03325648
0.9886831
0.04991372
0.9761802
0.9686316
0.02002387
0.9645373
0.9349467
0.01195736
0.9841876
0.9878069
0.02089071
0.9619866
0.08878424
0.9696895
0.9755143
0.01269681
0.06465475
0.0004302834
0.9835139
0.009937022
0.01697758
0.9864189
0.9435977
0.06567073
0.9664029
0.02150994
0.01043082
0.01841463
0.9607715
0.01785331
0.0370105
0.937228
0.9994092
0.958238
0.993381
0.9882422
0.001411469
0.03663296
0.9631309
0.002279051
0.00615475
0.9641214
0.9948031
0.03099454
0.9800856
0.9889977
0.9688394
0.003757525
0.9971857
0.9285513
0.9942674
0.9861989
0.9619957
0.9736471
0.9491061
0.06467029
0.9841889
0.9977072
0.9833749
0.01652424
0.03437866
0.05253742
0.02181894
0.9971902
0.0183456
0.9794096
0.005382097
0.01889997
0.988719
0.03327221
0.005893086
0.9958905
0.9902735
0.9522068
0.004382306
0.9733527
0.9788547
0.9681842
0.9794611
0.9845774
0.9443992
0.9810455
0.05209544
0.05026676
0.0303904
0.9991596
0.003084561
0.9567463
0.005302424
0.06722309
0.9936392
0.00415077
0.9901443
0.9645772
0.05859879
0.02389314
0.0006936953
0.9746587
0.03398751
0.953198
0.9320149
0.01114262
0.982501
0.006657908
0.9991429
0.008280663
0.9958375
0.05518909
0.940557
0.01615431
0.9952391
0.008445882
0.03328284
0.007753779
0.9838511
0.0412845
0.9962715
0.956678
0.9999736
0.9919016
0.9417526
0.01343302
0.9638515
0.9744178
0.9790721
0.03059099
0.0121238
0.9699579
0.9759793
0.9420676
0.01731952
0.03550163
0.9930761
0.05183412
0.9767187
0.9895641
0.03213773
0.9457353
0.9963278
0.969116
0.02230571
0.9735496
0.9612377
0.9796661
0.01588612
0.9260725
0.01406483
0.01949199
0.01636534
0.07485268
0.02230606
0.02826768
0.02444916
0.01077843
0.9511761
0.9820829
0.9710175
0.006376634
0.9828661
0.9730818
0.009081551
0.962494
0.03149131
0.007041102
0.9503163
0.9966681
0.9647221
0.01100645
0.9667588
0.9615498
0.984745
0.01412236
0.99288
0.03661604
0.01241532
0.004659556
0.01098863
0.9530117
0.9775047
0.007921161
0.9852441
0.02521838
0.004133805
0.9966556
0.007385352
0.01741535
0.9172487
0.9972427
0.01004893
0.9883493
0.02700383
0.02823767
0.07169362
0.9437255
0.01290174
0.9648154
0.9680394
0.01871685
0.01515311
0.03837735
0.01663928
0.0227789
0.9663319
0.05247198
0.01707364
0.0365577
0.01154455
0.06859771
0.07268099
0.02051502
0.04942512
0.02270989
0.9552716
0.008351012
0.01275059
0.9588871
0.953831
0.02922445
0.02032451
0.9847488
0.03463995
0.9505564
0.9806973
0.004205009
0.9585547
0.9733366
0.9714384
0.005287181
0.9851186
0.01465199
0.03191645
0.03441188
0.9948286
0.9835403
0.963123
0.0395688
0.9869108
0.02813145
0.9967456
0.01981888
0.9914191
0.970377
0.03102397
0.01742275
0.0361934
0.4776761
0.9923041
0.454766
0.5681533
0.9599197
0.003714981
0.9686053
0.935309
0.4816912
0.9958621
0.4493499
0.9796727
0.9963041
0.4942589
0.001482084
0.5138696
0.05725192
0.9983288
0.05202337
0.9867897
0.9770395
0.9961409
0.4950435
0.9878195
0.03218639
0.4458406
0.9643734
0.4765058
0.412108
0.9926889
0.4590328
0.01293027
0.475656
0.02839538
0.9592076
0.04529363
0.02290579
0.03393187
0.9837061
0.4906207
0.9915467
0.9993872
0.03979945
0.02090495
0.05599038
0.9802746
0.005291457
0.0003680372
0.9828824
0.5117784
0.9704221
0.4448879
0.01843147
0.9828099
0.01229578
0.4736389
0.01705428
0.4942711
0.9992405
0.5053793
0.9530125
0.9900462
0.512268
0.02831711
0.9712809
0.9994229
0.4867298
0.4657702
0.966824
0.02053423
0.5116655
0.001660339
0.9841647
0.05056726
0.9929883
0.001279043
0.5469691
0.999888
0.4681298
0.9726225
0.9824129
0.9850843
0.9784253
0.02771532
0.06187936
0.9822394
0.03298102
0.0204058
0.4907097
0.5735422
0.04472425
0.4954656
0.5300195
0.5041118
0.9867566
0.02658593
0.9786306
0.5591277
0.9814508
0.4773818
0.9842349
0.9761641
0.008338153
0.00797851
0.01586762
0.4826669
0.0363189
0.01103351
0.5187048
0.07148702
0.0117567
0.00756558
0.5365903
0.00219481
0.5250022
0.4661772
0.5458125
0.9908718
0.4844995
0.01150712
0.04760922
0.4839912
0.4984159
0.008495589
0.9875323
0.001625559
0.03451617
0.008738356
0.006143027
0.4942739
0.9803334
0.9529543
0.01906498
0.9829713
0.505807
0.5035582
0.9786944
0.4562726
0.4780874
0.9972393
0.500948
0.01418936
0.9916734
0.9632261
0.5156887
0.4956267
0.9914154
0.562225
0.9738489
0.4472728
0.9657969
0.009370075
0.0347771
0.02469606
0.03145376
0.5357865
0.9650409
0.485511
0.9866551
0.5168572
0.9834439
0.05102857
0.02765
0.9965727
0.9996854
0.4530736
0.03829481
0.0456254
0.01161283
0.4968843
0.4610121
0.4651507
0.5056464
0.4887629
0.5278873
0.4924068
0.04471784
0.00841979
0.03666763
0.03389127
0.01245001
0.9814902
0.05362262
0.4728709
0.05030186
0.00953541
0.9926044
0.9967498
0.4649306
0.5346431
0.4990616
0.9914824
0.03059458
0.9415996
0.5073577
0.03426517
0.9972977
0.01953411
0.933429
0.9881531
0.4694187
0.4988774
0.973565
0.9905698
0.9981501
0.5405212
0.5125394
0.04013559
0.9748165
0.9715784
0.00108357
0.9941313
0.03545796
0.04114196
0.007836093
0.9604439
0.5527929
0.9662497
0.5176785
0.5275034
0.9683736
0.9794439
0.4974857
0.9799479
0.9501551
0.004149902
0.006920492
0.02678678
0.531197
0.9986538
0.5489955
0.9889325
0.003426567
0.5554629
0.5116
0.5421034
0.01994539
0.009539359
0.9973947
0.490802
0.0008302717
0.4823456
0.5183736
0.005148782
0.9700256
0.02156531
0.5049329
0.9782838
0.5011623
0.5656395
0.9961169
0.956556
0.5126237
0.9817561
0.01351216
0.4378833
0.004832407
0.9655894
0.4738002
0.02177694
0.5408765
0.4700076
0.03358886
0.02211161
0.02672559
0.9889444
0.9733562
0.0212932
0.4887392
0.02397929
0.4666162
0.9897944
0.01819422
0.003049609
0.9525096
0.003000006
0.9664227
0.5175877
0.0603983
0.02088045
0.01203599
0.9794578
0.009313
0.03155045
0.5059394
0.9999029
0.01610275
0.01505148
0.4847519
0.0491492
0.01098335
0.5355654
0.9435555
0.9582915
0.5024714
0.9750136
0.02129774
0.9989118
0.5124806
0.5260459
0.9818408
0.03103504
0.004163495
0.008887442
0.5201622
0.02701045
0.506767
0.4996631
0.9670687
0.5136394
0.03736975
0.4797536
0.9743476
0.001327149
0.9553186
0.9712726
0.5007362
0.9245346
0.4577261
0.9599782
0.9490713
0.9957196
0.9719864
0.9617026
0.5276319
0.9737831
0.5142307
0.476034
