0.6061138
0.574521
0.008583932
0.4345185
0.07168498
0.8442841
0.417949
0.1523505
0.5808794
0.9559315
0.2428722
0.9421908
0.1982969
0.969937
0.4187709
0.9889535
0.5839239
0.8163367
0.6301279
0.9748732
0.8050276
0.9607154
0.8047815
0.01007934
0.8317336
0.2029255
0.01803164
0.5861785
0.7900155
0.6023084
0.3722288
0.01317263
0.4006796
0.8101855
0.2067478
0.2094356
0.01074049
0.400295
0.7919223
0.8226012
0.7651343
0.6012872
0.3730881
0.6032433
0.01156596
0.4052226
0.4194306
0.1470816
0.6570963
0.8295592
0.9917219
0.02693994
0.1512999
0.4537164
0.01337933
0.03340425
0.7789931
0.9898526
0.3974872
0.9761644
0.6040341
0.03785504
0.9326804
0.7765198
0.797172
0.4441688
0.8043395
0.1666079
0.7988424
0.5964493
0.2265484
0.195917
0.2221181
0.01089036
0.1917223
0.9699973
0.02727302
0.3512645
0.9621241
0.1852121
0.9456497
0.9956949
0.005661964
0.7030925
0.9935008
0.6119611
0.1782823
0.2103365
0.9473987
0.007914694
0.9826788
0.4140055
0.5852298
0.3652406
0.2382682
0.5991473
0.8204796
0.3773834
0.6150145
0.4622231
0.9817885
0.9733863
0.04632169
0.9480883
0.9835718
0.9913696
0.9852636
0.9780666
0.002867238
0.9919181
0.9777979
0.9859378
0.0235778
0.002600546
0.02693872
0.9683019
0.9738282
0.01642576
0.02705148
0.9992457
0.0310699
0.9428565
0.02673902
0.07269149
0.03216075
0.9899558
0.005003226
0.974523
0.0005138904
0.9680281
0.04446495
0.9641808
0.9918518
0.9745638
0.01648037
0.9931005
0.004454654
0.9575465
0.007817908
0.9941792
0.9573562
0.001835729
0.003056472
0.05912737
0.9847812
0.02766687
0.9735383
0.01175681
0.9675023
0.9915128
0.977114
0.9810569
0.992436
0.0003649022
0.0180153
0.9836555
0.9861049
0.978091
0.03393902
0.06481434
0.01382259
0.9794875
0.9621925
0.994032
0.9865931
0.01592124
0.9638996
0.05009069
0.06473697
0.02125405
0.9760577
0.9241618
0.9830986
0.01363356
0.01695618
0.03155141
0.07292793
0.9757487
0.0366357
0.004313329
0.960172
0.9305275
0.007790821
0.9736365
0.9898611
0.003984514
0.009073196
0.008851337
0.930865
0.01120006
0.01461511
0.009574914
0.05002859
0.004065985
0.05323286
0.001738113
0.03346913
0.9844475
0.976535
0.05526678
0.9571566
0.03127383
0.01805015
0.9386535
0.01763063
0.9961336
0.9879767
0.02266301
0.06498881
0.9582477
0.0224146
0.9475177
0.003205694
0.982189
0.9940452
0.002792352
0.1072526
0.0146938
0.009420615
0.03020193
0.005719732
0.99906
0.9743208
0.983206
0.007311365
0.03935364
0.07927274
0.02221583
0.006631492
0.005112667
0.04405433
0.962317
0.01569198
0.006449514
0.9680654
0.9848985
0.9990287
0.002175847
0.9647929
0.01553584
0.928667
0.008258377
0.9930965
0.02869425
0.01858148
0.00965209
0.9704916
0.01795681
0.9969789
0.02046626
0.004077026
0.976027
0.9643287
0.04777472
0.03880647
0.9610485
0.9728097
0.9759293
0.9863558
0.03955333
0.02089664
0.04148244
0.001768951
0.002266651
0.03351644
0.9900305
0.05882324
0.008973567
0.981241
0.01569144
0.9579639
0.01661657
0.00390204
0.003859951
0.03262234
0.008364778
0.03208617
0.03809126
0.02337309
0.9701806
0.9242667
0.03227424
0.9664842
0.996761
0.975009
0.04613422
0.01009106
0.9408782
0.9657374
0.9662631
0.05126911
0.97724
0.9666445
0.9764923
0.995354
0.00903552
0.01548512
0.00670092
0.9848325
0.04310567
0.005522439
0.9855557
0.9880763
0.01530174
0.9504218
0.04050493
0.949744
0.9899716
0.9828859
0.9587022
0.03903278
0.0430756
0.995367
0.9993882
0.006423089
0.9320635
0.9834822
0.03089782
0.026111
0.04402138
0.00488053
0.9653631
0.04858359
0.01904168
0.02431658
0.0165329
0.0003986403
0.9657573
0.02018281
0.9598455
0.9926843
0.05835651
0.02230014
0.9552931
0.04157471
0.9633723
0.02870068
0.9874408
0.9953632
0.0183389
0.9749376
0.01466
0.9477581
0.9744891
0.9832687
0.9583567
0.008633659
0.03204638
0.9269853
0.005077875
0.04062208
0.998855
0.9981831
0.06043115
0.9854383
0.9816548
0.0009111746
0.01147197
0.01223345
0.07694894
0.9860784
0.03361653
0.9589044
0.03731984
0.9923337
0.01762619
0.0001807808
0.9996367
0.05171802
0.9570728
0.04407
0.08448376
0.00078455
0.02311818
0.03880041
0.9714924
0.967316
0.9670181
0.978171
0.9743364
0.9687102
0.004753493
0.9755308
0.9777841
0.03017166
0.9825006
0.01263469
0.004411976
0.9550109
0.9561194
0.0007948366
0.02514097
0.9765091
0.9679035
0.005986973
0.9946533
0.9926636
0.9964969
0.007654144
0.03606909
0.9788069
0.008835679
0.002405445
0.02639308
0.0008465847
0.9701139
0.9854777
0.03466983
0.9480622
0.04482986
0.9826393
0.0311568
0.9694597
0.01061533
0.009438921
0.005491828
0.03164257
0.005446011
0.9894812
0.02653573
0.9595439
0.02371335
0.02356241
0.01083153
0.9523656
0.9951282
0.9934476
0.9121321
0.9919706
0.004349107
0.949973
0.01642073
0.9571042
0.0139199
0.01682749
0.01052987
0.9780655
0.03667844
0.9957759
0.00624363
0.9925796
0.03384253
0.00458733
0.05063662
0.9986803
0.0004887523
0.02795615
0.9947385
0.9780437
0.9550617
0.01947862
0.9608163
0.9795788
0.9911801
0.02489966
0.9829712
0.995535
0.9799787
0.9843363
0.9463023
0.9618202
0.0003812322
0.9796231
0.9796298
0.005103177
0.001913495
0.9929878
0.9751364
0.02912049
0.01587811
0.9387836
0.01255785
0.976921
0.9821382
0.9973782
0.9956479
0.05781368
0.9594872
0.9806255
0.9873364
0.00800214
0.9863862
0.9417499
0.04160087
0.997589
0.9844182
0.01321125
0.9546582
0.9801491
0.9921108
0.9700629
0.9812428
0.02598669
0.01265403
0.9458279
0.944606
0.03548267
0.9716201
0.022694
0.9636908
0.02549758
0.05434246
0.01979867
0.01575348
0.9630627
0.01549386
0.9632355
0.9491437
0.04277475
0.9906601
0.0356336
0.9685853
0.9753095
0.01298754
0.9870985
0.9933746
0.9812326
0.03915246
0.04112338
0.008536987
0.968051
0.9649668
0.03113811
0.9781546
0.9875445
0.9607816
0.01739809
0.003657555
0.9743793
0.004893645
0.9545553
0.05281252
0.9624767
0.01216037
0.9985249
0.9532869
0.03328787
0.990017
0.958456
0.9402415
0.02816908
0.9877471
0.9842614
0.07668112
0.001367319
0.9513142
0.9502699
0.02344525
0.9460171
0.9877231
0.9998716
0.04214712
0.02788162
0.002397294
0.9741799
0.9604703
0.03036098
0.9839647
0.9705293
0.003807212
0.07891915
0.9844438
0.968464
0.004962001
0.05501735
0.9443342
0.01505193
0.9654984
0.9990166
0.02022373
0.04151906
0.031219
0.97053
0.9981936
0.9739229
0.9765995
0.9840908
0.9885112
0.01648446
0.04187677
0.05549958
0.9951436
0.03960517
0.9957323
0.9915738
0.01107237
0.9954919
0.992295
0.009057796
0.05055683
0.0111634
0.02676321
0.05499788
0.02711719
0.01968211
0.0003758226
0.007625157
0.0685366
0.05830175
0.0133054
0.01048116
0.0007211538
0.9798942
0.03214829
0.00948555
0.0494432
0.01542388
0.9751655
0.02307499
0.964517
0.9768038
0.98486
0.00636317
0.9972692
0.9989456
0.9943538
0.03076518
0.9843513
0.02745351
0.05853113
0.9951138
0.02163114
0.03071054
2.312577e-05
0.9954605
0.007404183
0.9854227
0.9660741
0.003000675
0.05595598
0.98558
0.03444349
0.01573914
0.02006177
0.07193065
0.04875303
0.07434514
0.006957839
0.9867464
0.03235084
0.03083974
0.02380453
0.04066443
0.03899641
0.02665767
0.006940145
0.978533
0.007213183
0.9546635
0.0004884289
0.9919398
0.02661799
0.9590341
0.07189296
0.01092987
0.964695
0.9716036
0.03065044
0.01643935
0.984223
0.002018952
0.04528251
0.02555236
0.004779288
0.9954079
0.9866348
0.9998245
0.9966291
0.9865275
0.9857059
0.9971468
0.03956085
0.9775748
0.9743062
0.06393315
0.9478074
0.9761821
0.02064129
0.9943045
0.01258889
0.9803367
0.08068776
0.9749167
0.983527
0.01929603
0.9548389
0.01296763
0.983545
0.02540344
0.9929896
0.9404099
0.02612136
0.01139151
0.9662063
0.04311767
0.07803071
0.0517274
0.97461
0.01603254
0.9999239
0.9595887
0.9907755
0.0296742
0.9846979
0.9891996
0.006890838
0.9983489
0.9909699
0.9430511
0.9991228
0.04296903
0.9919965
0.974949
0.9446227
0.05066023
0.9861147
0.0126594
0.03570184
0.9340221
0.968141
0.963418
0.001154993
0.980174
0.0379431
0.9718089
0.005733981
0.0427646
0.01242347
0.9572125
0.02439928
0.9300458
0.02342427
0.9575188
0.9425531
0.002098008
0.02629473
0.9806118
0.9791514
0.9718164
0.02992491
0.005661683
0.02703797
0.9685826
0.04191582
0.9575965
0.0009010265
0.0002264475
0.03934515
0.9861531
0.9985705
0.9843296
0.9861131
0.9739597
0.01909041
0.05254639
0.978629
0.04061035
0.9477152
0.9773597
0.9643985
0.9467132
0.9908527
0.9880278
0.004723288
0.008838919
0.9723287
0.0226989
0.9932213
0.04295909
0.009776344
0.0120376
0.9971702
0.9916349
0.02316301
0.972041
0.02944234
0.9758225
0.9910052
0.9809922
0.9726809
0.0278039
0.01197505
0.02986405
0.009523967
0.9806533
0.9698298
0.03131237
0.03742685
0.9802109
0.9617534
0.9947799
0.03549757
0.01606918
0.02360995
0.9925451
0.9506462
0.9968875
0.0347079
0.008677589
0.01568561
0.02229282
0.9892254
0.00739722
0.9751074
0.01505079
0.9901351
0.9910478
0.01119474
0.9908008
0.9675989
0.04412738
0.9362586
0.009403624
0.005634289
0.03029359
0.9701112
0.989746
0.02296825
0.03725655
0.9990691
0.02522575
0.01690684
0.9866141
0.03314851
0.009826474
0.9920344
0.9625557
0.03685148
0.0191431
0.9818195
0.04255536
0.9766743
0.01879777
0.02529736
0.9626935
0.9799894
0.9948524
0.9623811
0.9698485
0.0002600561
0.9590277
0.9996659
0.02830061
0.02077208
0.9855877
0.969266
0.9984959
0.9977348
0.004687485
0.9386705
0.02137993
0.01431304
0.01401137
0.9811562
0.9806795
0.02164708
0.05586846
0.9703206
0.07142058
0.9772066
0.005438298
0.007331693
0.01439153
0.03529356
0.9803037
0.03082699
0.0247102
0.03333339
0.01914415
0.982118
0.04871476
0.9844648
0.9902962
0.01546365
0.9648337
0.9778942
0.01644267
0.9842176
0.9399388
0.05415086
0.08854275
0.9435517
0.01226818
0.08514709
0.0112121
0.005359685
0.02339681
0.0004477077
0.975729
0.9925688
0.9323572
0.9930669
0.9707205
0.01607942
0.9678856
0.9783907
0.04151898
0.9644729
0.03325398
0.02587368
0.9930404
0.01651484
0.9982152
0.03583835
0.02220728
0.9925198
0.9959295
0.9885778
0.002894505
0.9517642
0.9603176
0.06638481
0.987042
0.9801203
0.05759503
0.01602509
0.0196584
0.04564082
0.968924
0.9865681
0.01946496
0.02848494
0.01392268
0.006128839
0.01023544
0.9759439
0.9889517
0.9665783
0.02404044
0.9836141
0.01239362
0.9866509
0.9652191
0.02619735
0.9421049
0.02299995
0.9613405
0.9737011
0.9869313
0.9887084
0.0176662
0.03410512
0.9936359
0.06595197
0.9636794
0.01850716
0.9617887
0.9863158
0.02324363
0.9780257
0.9632563
0.9367561
0.9797442
0.9826298
0.0162802
0.0008862398
0.9870129
0.03821518
0.9836962
0.03075527
0.0189471
0.9467814
0.9804989
0.03430361
0.9700596
0.9805954
0.02281757
0.009529865
0.9597781
0.9577181
0.9695681
0.924781
0.9903982
0.9507984
0.01186953
0.969542
0.9956802
0.01493987
0.9983982
0.9847259
0.02650015
0.01022341
0.9990587
0.9879701
0.9745924
0.9986188
0.9547133
0.04505162
0.007195458
0.9913699
0.9488974
0.02057821
0.9695307
0.9908924
0.04434965
0.04869034
0.0402778
0.05901045
0.009031163
0.04851866
