0.3787143
0.5829219
0.6591443
0.3901267
0.006780894
0.5669687
0.3955557
0.401488
0.01591736
0.5908025
0.63152
0.599882
0.4321907
0.3855297
0.4166354
0.008493561
0.9910581
0.6107997
0.02597005
0.002898129
0.9715447
0.01239785
0.3651719
0.4421488
0.01046691
0.6165952
0.6520945
0.07761221
0.9352576
0.4167709
0.554559
0.9356733
0.4251236
0.982762
0.5761361
0.9502277
0.7052488
0.01837595
0.9318157
0.3649404
0.4171579
0.6559186
0.4493122
0.4291703
0.6220658
0.9740499
0.5970041
0.04941301
0.9896368
0.9716267
0.9959933
0.9859729
0.009493576
0.9587232
0.4383272
0.02182728
0.9748191
0.5768575
0.3737823
0.5814159
0.6302689
0.5808123
0.4231782
0.3957428
0.01435668
0.3841974
0.5514732
0.97605
0.3687929
0.001276711
0.9930057
0.9712924
0.6347105
0.5623619
0.01991367
0.6194881
0.6276769
0.4007454
0.605725
0.9512648
0.9664521
0.03266343
0.6041515
0.3761201
0.01577304
0.02005867
0.3807099
0.003685485
0.01583069
0.9886952
0.4229706
0.004971434
0.0307774
0.997357
0.4087077
0.9943724
0.3945881
0.419581
0.9889655
0.4526365
0.5912132
0.359637
0.4131597
0.436705
0.9771201
0.9983936
0.9980676
0.0002646148
0.5942134
0.6062992
0.6070874
0.005255949
0.9930441
0.9606081
0.9915799
0.007105143
0.9548205
0.5967795
0.9877361
0.03238847
0.03729962
0.4034687
0.98453
0.6101983
0.02738614
0.5668321
0.00760864
0.9588425
0.01056088
0.9970317
0.5752769
0.01462706
0.3766632
0.6304995
0.03801797
0.4232161
0.4670615
0.408653
0.4032313
0.410345
0.03034879
0.983927
0.9527381
0.9577901
0.383389
0.6108818
0.01613528
0.9748256
0.3634255
0.5965242
0.9500697
0.4539328
0.9913289
0.01027945
0.998136
0.9669766
0.9599916
0.3971496
0.3759202
0.03452112
0.4102502
0.6114225
0.06851958
0.6270696
0.9985629
0.6118473
0.566039
0.9884848
0.9769982
0.5878355
0.3789015
0.3869738
0.9875801
0.01832923
0.9761112
0.05298907
0.9232966
0.6190282
0.02704699
0.6052709
0.6269493
0.002084836
0.006498152
0.6266197
0.99919
0.08072303
0.9646869
0.97896
0.4271719
0.9715893
0.4362162
0.4130555
0.5695665
0.5742862
0.6020585
0.002807222
0.3955683
0.3788389
0.01388941
0.02846803
0.6176606
0.5977512
0.5958978
0.6064351
0.9977981
0.5451947
0.453268
0.05396118
0.01850009
0.9891627
0.6249763
0.02920073
0.596971
0.9655948
0.3937262
0.01936678
0.9727238
0.947709
0.5665764
0.9946268
0.9846718
0.02423933
0.4107137
0.3497856
0.9721925
0.01931139
0.5809479
0.6044029
0.5915509
0.3933634
0.04845653
0.3430232
0.003469838
0.03441038
0.06923055
0.9830002
0.4139443
0.9810045
0.9769212
0.9809959
0.02861599
0.05720214
0.00442178
0.02710004
0.04082782
0.008814364
0.5750888
0.6536485
0.0135666
0.6201136
0.3700041
0.4176395
0.9982813
0.02436985
0.97985
0.9660898
0.007893567
0.4361669
0.5604628
0.5875307
0.3737971
0.009036259
0.5917356
0.9937665
0.4077738
0.381956
0.02709589
0.9650877
0.01639326
0.387007
0.376903
0.3778238
0.05160447
0.5842906
0.3515103
0.6701018
0.3994413
0.993828
0.01485484
0.9853188
0.4022597
0.5953754
0.01245049
0.005186867
0.001457859
0.5856776
0.3546465
0.4577167
0.9463457
0.03156431
0.969196
0.5912783
0.9912365
0.6244499
0.3966542
0.4528893
0.4017341
0.6109914
0.9985601
0.4331157
0.4726476
0.4179437
0.9282732
0.5931892
0.6003194
0.0137556
0.386272
0.005303764
0.9632842
0.01120751
0.04663288
0.3793365
0.3387921
0.5841022
0.991506
0.03502567
0.6052033
0.9925206
0.9452452
0.03340025
0.9844734
0.006416152
0.01250352
0.5861346
0.3912875
0.9799902
0.6117046
0.5615572
0.6405247
0.5417706
0.9922887
0.4884465
0.5432474
0.022786
0.005059326
0.5019092
0.9719727
0.5299273
0.5362856
0.4732177
0.5276955
0.001968158
0.4689201
0.01881932
0.4613364
0.02230717
0.9401012
0.9990681
0.9806497
0.03031138
0.5229661
0.0356135
0.9757376
0.50354
0.02019501
0.5322606
0.9737139
0.01002402
0.01953809
0.0009359904
0.02954504
0.9982028
0.9892348
0.4850091
0.9853228
0.4754176
0.00671938
0.9772259
0.5296659
0.9951539
0.9500008
0.007382886
0.02637663
0.4822781
0.9549107
0.5176523
0.9804022
0.007217237
0.01655325
0.9853323
0.003554665
0.03944115
0.9535824
0.9794383
0.5260829
0.9680006
0.001711747
0.4914806
0.9435033
0.03367544
0.954453
0.5146394
0.5215009
0.01704619
0.4541333
0.9759204
0.9555322
0.05453905
0.4649951
0.9697462
0.04292617
0.4738185
0.9668618
0.01396276
0.02948596
0.5134593
0.9744334
0.4949657
0.01982395
0.9868233
0.001667069
0.9778689
0.5292569
0.5261119
0.4684773
0.06185339
0.01179483
0.03471292
0.4710041
0.9640035
0.9954857
0.5118853
0.01859635
0.02169771
0.5148018
0.4950933
0.9986813
0.9864961
0.9660222
0.9906817
0.006221699
0.0111558
0.4840343
0.9654008
0.02353785
0.9345828
0.5189224
0.467496
0.9894419
0.005472141
0.9736562
0.9983387
0.9444235
0.490911
0.01352166
0.5392273
0.4714533
0.01969168
0.009898135
0.9989244
0.9527634
0.4907251
0.4976645
0.01336539
0.5131118
0.9702434
0.5273971
0.06286583
0.9635376
0.9412331
0.9769985
0.0511905
0.4140192
0.0538925
0.01621465
0.9978828
0.4747565
0.4456886
0.9885145
0.01097595
0.4431936
0.5388223
0.9736647
0.5087674
0.9980057
0.4245538
0.9798625
0.9939014
0.9646365
0.494509
0.5623669
0.480548
0.03679091
0.4716491
0.01899717
0.00338163
0.002016143
0.9992203
0.02292329
0.9928362
0.5469961
0.9843758
0.006344666
0.4958711
0.01627393
0.495199
0.003751232
0.9786517
0.9725783
0.9927013
0.004000383
0.4516567
0.9338289
0.5260895
0.575738
0.9632551
0.0115586
0.9201734
0.02012625
0.01414886
0.01410813
0.9867786
0.946563
0.03993097
0.4744238
0.5993636
0.473104
0.02525538
0.4557608
0.002962814
0.9713995
0.5411075
0.02118877
0.04942459
0.9887876
0.4966183
0.01843511
0.9819513
0.9217217
0.01100709
0.03443991
0.001007476
0.9641897
0.9981818
0.9925305
0.9232412
0.4681741
0.980162
0.5051941
0.5202949
0.04565229
0.02572493
0.5034723
0.5586909
0.9947055
0.9808373
0.02337745
0.4606448
0.02355105
0.01247429
0.5279467
0.973342
0.03684687
0.005290387
0.03335763
0.9597792
0.4873281
0.9962939
0.4708205
0.4873306
0.9943117
0.492862
0.4719727
0.07197353
0.9862067
0.02323841
0.4898621
0.9608628
0.9921437
0.5044255
0.03968268
0.9752163
0.01506366
0.4916746
0.5523255
0.03512067
0.04161459
0.4996179
0.9965433
0.4964518
0.9622303
0.9808297
0.001431855
0.9992902
0.01492109
0.5475976
0.01843983
0.01212628
0.02833612
0.9925029
0.04035697
0.519672
0.03099168
0.5319537
0.9955881
0.937874
0.4957533
0.5628499
0.03217991
0.9650789
0.5196733
0.0128577
0.519403
0.04519356
0.9970479
0.9741469
0.009228357
0.5259109
0.9839537
0.4658748
0.9895318
0.5509122
0.9798126
0.001866901
0.9815149
0.9922687
0.03432572
0.04360873
0.06040958
0.01822258
0.5555394
0.465457
0.5543405
0.4934466
0.9897222
0.9824632
0.4882998
0.01132768
0.9734809
0.02095332
0.9825037
0.008498638
0.9868972
0.9489947
0.5170526
0.005312716
0.9676298
0.9860673
0.01094224
0.9875826
0.04520282
0.5207662
0.4762197
0.5015675
0.526727
0.4717478
0.497666
0.001841596
0.9828894
0.4819146
0.03496842
0.4636608
0.9840678
0.9803053
0.005565594
0.9699474
0.4665434
0.01760734
0.5427479
0.9533083
0.01704215
0.4891965
0.9841264
0.03582582
0.5355724
0.5039456
0.007407354
0.06439826
0.02361742
0.03065169
0.01590092
0.9977807
0.03642762
0.0570125
0.04304908
0.3416979
0.012624
0.04567766
0.5843148
0.01717766
0.9470893
0.9957447
0.9803384
0.4167647
0.9849677
0.9487136
0.06506024
0.9396301
0.9802888
0.009545211
0.4305946
0.9447693
0.01472413
0.3342158
0.4168229
0.5817693
0.5838949
0.9823256
0.3761606
0.6120187
0.02270678
0.01780395
0.5959205
0.3786946
0.5996369
0.9956733
0.0201707
0.3587763
0.07600525
0.02229909
0.9639496
0.3990566
0.3801506
0.9869719
0.9975144
0.05131331
0.9717896
0.5682872
0.9798242
0.6028807
0.9758815
0.9587571
0.01643335
0.9550275
0.4388626
0.02254234
0.4108722
0.02512919
0.3815276
0.3645806
0.9738375
0.3866239
0.6016655
0.9827968
0.03060564
0.02344911
0.5814624
0.383776
0.02311827
0.5847685
0.3294892
0.02941183
0.9578201
0.6032679
0.9592587
0.9759256
0.6017208
0.9875521
0.6292087
0.4180358
0.6340626
0.03122155
0.5832782
0.04005006
0.02176412
0.5792777
0.9998216
0.6056133
0.02279836
0.989243
0.001805206
0.3896392
0.6349494
0.9742468
0.0101431
0.9565691
0.9450995
0.01602596
0.4212676
0.004216952
0.6211161
0.6559777
0.4559657
0.6033913
0.02169806
0.02141265
0.01993084
0.5804551
0.3736127
0.5768096
0.9909602
0.3524668
0.3578301
0.9545362
0.6102243
0.5914806
0.04613147
0.9874471
0.9852848
0.4173934
0.01596032
0.3742968
0.004639396
0.01310803
0.6342022
0.6493232
0.5594396
0.9995246
0.6067926
0.3973567
0.9862179
0.001300158
0.3972039
0.5958
0.0006507914
0.6130833
0.6037921
0.4334412
0.4321867
0.5960719
0.9965893
0.6238686
0.4145644
0.4095442
0.9708881
0.9599715
0.9665783
0.4416308
0.4227379
0.400885
0.005341642
0.607464
0.9654138
0.4013454
0.9797224
0.5910554
0.03099026
0.01319989
0.6178761
0.002741757
0.3517509
0.006952617
0.9781687
0.6619514
0.5704297
0.3623989
0.3825782
0.3717417
0.5933381
0.04790467
0.9893829
0.9809057
0.5843277
0.3963375
0.358382
0.007766265
0.5990976
0.3808428
0.6263006
0.997864
0.01223909
0.3915672
0.3748428
0.6199708
0.3885608
0.3991602
0.3888153
0.009522722
0.01164476
0.4539719
0.4037177
0.3965585
0.02414825
0.6379684
0.9896512
0.58601
0.4183148
0.3678695
0.9778041
0.9764589
0.6054239
0.6138017
0.4442293
0.388969
0.3968816
0.3110941
0.9864039
0.03469697
0.9619821
0.04081124
0.9595514
0.6191063
0.5744895
0.4117863
0.602241
0.9909629
0.9725151
0.6110234
0.5830786
0.001287574
0.6401073
0.9538588
0.9992301
0.6267305
0.6034116
0.3400284
0.415977
0.5797192
0.9872988
0.9266928
0.9624395
0.5964483
0.3855226
0.9867006
0.5971582
0.9514586
0.9504268
0.4049838
0.01135224
0.5829401
0.9636936
0.6549918
0.02371728
0.0459714
0.9546794
0.02307965
0.9933017
0.01461703
0.6118931
0.008458785
0.02020829
0.02323635
0.3759724
0.9518041
0.9937138
0.04204819
0.6102466
0.9884905
0.5832324
0.4233901
0.001629482
0.39891
0.3774091
0.9952925
0.6623849
0.3936305
0.5811874
0.9676132
0.01641942
0.9744696
0.3549836
0.9887436
0.9340738
0.4517939
0.02369844
0.3660133
0.653356
0.3682538
0.9963957
0.6393459
0.629954
0.4249196
0.6274889
0.6455118
0.9783413
0.008032222
0.5765962
0.5790339
0.6078075
0.01123234
0.3868764
0.0198779
0.9954412
0.01155186
0.4205885
0.6331984
0.007794289
0.5592827
0.02539524
0.01021836
0.6190816
0.4250237
0.01606079
0.3971943
0.5518548
0.5906927
0.4232089
0.01718723
0.3536303
0.3967462
0.03099206
0.4084118
0.9989905
0.001123563
0.02453469
0.03183929
0.9986977
0.3898954
0.4385249
0.65043
0.978869
0.6206356
0.0580491
0.03079939
0.6194034
0.9624599
0.007182732
0.9665189
0.9637159
0.951105
