0.007229488
0.9987287
0.003560497
0.9853948
0.5432073
0.9803527
0.9940319
0.02024824
0.969516
0.9862046
0.02975331
0.9795886
0.9234835
0.5312668
0.01992513
0.04483972
0.00824429
0.9900997
0.514893
0.9919261
0.483514
0.4638545
0.01028328
0.4758879
0.970453
0.9954372
0.008984278
0.9950495
0.9757994
0.946481
0.02545086
0.9719087
0.4788846
0.05302585
0.5035226
0.04566464
0.9742194
0.5597257
0.02074731
0.4667895
0.483048
0.9924697
0.9792382
0.9999329
0.4506968
0.02735093
0.9524632
0.9900263
0.02802501
0.003519267
0.9871086
0.9825415
0.0207347
0.9717533
0.003338866
0.5008278
0.04187585
0.5699721
0.929264
0.003040115
0.515413
0.9928793
0.5099641
0.001225648
0.4740005
0.4735748
0.002313853
0.9304127
0.4994579
0.05031602
0.02356195
0.04000891
0.5264689
0.5300895
0.01476333
0.02772475
0.9953555
0.5097056
0.01109617
0.04486755
0.4781665
0.005805385
0.9906484
0.986904
0.5138593
0.4949191
0.5137991
0.03118236
0.002463176
0.5352035
0.9977017
0.9676476
0.4934438
0.9892469
0.4833913
0.4869543
0.04211932
0.007912553
0.4455303
0.5078231
0.03237461
0.3859165
0.4196635
0.02775795
0.9660978
0.3750647
0.5989187
0.9989898
0.4219809
0.985956
0.6162049
0.04611951
0.9405219
0.02422019
0.5448268
0.04162904
0.04095041
0.6568572
0.6212662
0.04311082
0.5658779
0.9952366
0.362216
0.002873174
0.02971557
0.6176257
0.6288146
0.01187629
0.003585485
0.9862851
0.9663322
0.9904181
0.09207416
0.9839107
0.9946887
0.9504069
0.9583291
0.9792947
0.3848394
0.4626064
0.9772761
0.5650679
0.001774114
0.03187476
0.9965591
0.9578023
0.9648153
0.3708467
0.04391395
0.6268159
0.6146774
0.9759901
0.005514578
0.5788167
0.4028005
0.3782772
0.9315473
0.6265326
0.4083991
0.6146388
0.9773484
0.639046
0.3808453
0.4170523
0.005099151
0.3760703
0.9761332
0.4609899
0.3727449
0.06089108
0.9940303
0.003904542
0.008260656
0.01789534
0.4091186
0.6061265
0.992122
0.987296
0.04778611
0.9723933
0.4013891
0.003277118
0.007102894
0.04229948
0.009570017
0.6174476
0.9871135
0.3880181
0.01204521
0.3923907
0.9856123
0.3675746
0.565128
0.03088046
0.9988001
0.9752667
0.3787669
0.03586902
0.005028461
0.02137562
0.5920374
0.6056862
0.9629933
0.3602838
0.4488466
0.3857345
0.6024999
0.9712031
0.008192448
0.5915939
0.3542797
0.0821405
0.4047701
0.3975379
0.01749471
0.02179721
0.006732134
0.4609447
0.5795767
0.5830272
0.6340452
0.9696363
0.9584316
0.4370221
0.3891053
0.6111397
0.5985081
0.5881047
0.9648264
0.4291484
0.9737455
0.04433348
0.9754907
0.3707273
0.5515126
0.9993247
0.08887649
0.01594267
0.9171173
0.3765326
0.4097828
0.9814036
0.009876058
0.430107
0.5966171
0.5540311
0.01350682
0.5903806
0.3665141
0.4133047
0.6550851
0.9808388
0.6531045
0.9954724
0.5846073
0.6355852
0.0189665
0.02204866
0.9879286
0.5884413
0.3749096
0.5802031
0.9786945
0.3549059
0.3827349
0.006021047
0.0410721
0.003120792
0.5378035
0.606611
0.9592254
0.4104671
0.5867977
0.5959399
0.392484
0.54422
0.01854675
0.005317989
0.4089295
0.9885309
0.008257082
0.6194298
0.3887473
0.05364045
0.9713552
0.03187114
0.02864353
0.3884475
0.02516993
0.01162765
0.5832982
0.383013
0.6290081
0.6733373
0.9431866
0.9706856
0.4410889
0.6031416
0.9817061
0.4115342
0.05128533
0.3881651
0.9929721
0.3871523
0.4513938
0.6495144
0.9855811
0.4393105
0.5953411
0.6065502
0.0179673
0.3961654
0.5353482
0.6119174
0.009151787
0.4401857
0.4106985
0.9580872
0.9697743
0.6263002
0.3828335
0.03217035
0.3872837
0.9996197
0.9843069
0.4215924
0.4124123
0.4188558
0.9502939
0.3936963
0.9572628
0.436866
0.9520427
0.545198
0.3956505
0.9467723
0.9910583
0.9641564
0.02127344
0.995614
0.6050173
0.9657723
0.9541661
0.3776103
0.5265874
0.9497397
0.5637144
0.6045217
0.579477
0.605396
0.3977373
0.03849308
0.009614536
0.413649
0.05778525
0.03162523
0.6223118
0.398851
0.5963398
0.05638511
0.9309814
0.3817512
0.02701207
0.3954325
0.946783
0.3854372
0.6058014
0.3977801
0.6041425
0.618112
0.9942218
0.4243678
0.9972456
0.4174001
0.0520955
0.633624
0.5380219
0.04332654
0.3662074
0.05278892
0.0253975
0.9910867
0.4367062
0.02280702
0.9597867
0.9791795
0.06798648
0.03726244
0.620959
0.6154921
0.03530089
0.4539055
0.0129329
0.0619917
0.001505515
0.9974519
0.01139428
0.01539654
0.3957146
0.362639
0.6495628
0.9953717
0.9984997
0.5606159
0.9672708
0.5710952
0.6159654
0.5431599
0.05440501
0.9701949
0.9524348
0.9982896
0.9879677
0.0150749
0.02701042
0.02222277
0.5800981
0.5792975
0.3858928
0.6121457
0.3795217
0.9757442
0.5788335
0.3981819
0.9793449
0.363646
0.6268739
0.589232
0.5808537
0.4538062
0.6019556
0.5864337
0.01586305
0.0003639757
0.9380638
0.977874
0.9991595
0.001642882
0.457849
0.593864
0.4985476
0.4709767
0.4942068
0.486568
0.5248153
0.4413707
0.4670921
0.4627409
0.9886241
0.01862493
0.07322782
0.01917536
0.4841044
0.04042184
0.5017951
0.4561225
0.9850979
0.9853644
0.5388795
0.007161204
0.01986458
0.008759644
0.990359
8.613233e-05
0.9679004
0.5662642
0.9882073
0.02236445
0.9895365
0.01096974
0.5125926
0.5347828
0.008210331
0.9808526
0.03060607
0.01033452
0.9801816
0.9952589
0.06066245
0.004701733
0.9763448
0.9396905
0.4957206
0.4823445
0.9887318
0.9905848
0.01779239
0.5030944
0.9462867
0.5393528
0.0006760472
0.03477662
0.9679531
0.9576163
0.5041886
0.04002719
0.4767571
0.0112113
0.01875733
0.01152848
0.005550219
0.9939901
0.01061471
0.9342106
0.001755016
0.02758067
0.00143509
0.4508136
0.4999751
0.9759716
0.009515543
0.4871847
0.9993954
0.01535063
0.9333098
0.9882559
0.99784
0.5781386
0.9817421
0.01113603
0.05015808
0.5242114
0.5440631
0.4684113
0.4805388
0.02876801
0.5161421
0.02877244
0.9920622
0.9427749
0.9763972
0.4633651
0.05338221
0.5224653
0.01215717
0.5330328
0.9385725
0.05899549
0.9149561
0.007138202
0.9631657
0.0219018
0.04792005
0.5113875
0.9922201
0.9758767
0.5332217
0.04336543
0.965331
0.9879178
0.006760995
0.4849697
0.5081392
0.9893523
0.0001114868
0.9691229
0.006558494
0.5914751
0.5070019
0.4838456
0.5079546
0.5133977
0.003338504
0.5355303
0.9543953
0.4808159
0.5142016
0.04927045
0.9899517
0.9837215
0.006294587
0.9758188
0.9997603
0.9778707
0.4941352
0.05487938
0.01118389
0.53132
0.9892295
0.9644637
0.9987881
0.9911563
0.01417119
0.4657348
0.02212385
0.9967188
0.05615062
0.9982382
0.4447911
0.02952728
0.0510918
0.9701681
0.01723791
0.9868761
0.4687254
0.5086969
0.04539225
0.4618273
0.5421698
0.986257
0.9961235
0.03874835
0.5030989
0.9451628
0.9952295
0.00802248
0.01471316
0.4743074
0.546575
0.4740374
0.006943427
0.01929952
0.4922673
0.5086098
0.004285894
0.9966811
0.9998285
0.9777387
0.03545154
0.4881898
0.04192974
0.5344125
0.9896599
0.5007865
0.9905749
0.9762818
0.9928225
0.9949093
0.02544313
0.04201494
0.008093578
0.9994232
0.03049292
0.5349295
0.9739301
0.0287317
0.9324378
0.4783398
0.984846
0.9690939
0.9416094
0.9723836
0.5356019
0.003067841
0.006923977
0.9739819
0.9350493
0.5091123
0.4922474
0.01949526
0.001073942
0.9870129
0.06264961
0.4652437
0.9655549
0.00833739
0.8978781
0.001692585
0.4779286
0.01303441
0.0265955
0.9914428
0.0119384
0.9821374
0.9976467
0.5173296
0.9936345
0.5294718
0.505268
0.9339154
0.02327137
0.008008611
0.9922235
0.05806825
0.006451182
0.005061929
0.5096388
0.002159857
0.5164273
0.9907663
0.002701632
0.9901315
0.9545534
0.0295601
0.05528676
0.007370894
0.03321777
0.03410623
0.5384154
0.516211
0.01515677
0.4842086
0.5064847
0.5401687
0.005477262
0.984883
0.5117004
0.5081223
0.9980988
0.04050793
0.9941029
0.9825343
0.002375199
0.9157159
0.5076308
0.006845861
0.9922352
0.001324837
0.9847927
0.5250681
0.5002554
0.5412537
0.9640123
0.5276706
0.06002233
0.01823828
0.004551454
0.03275333
0.9840013
0.02000704
0.01217471
0.01035728
0.5060841
0.9986718
0.9978759
0.02009208
0.5019771
0.04205452
0.02505542
0.9982189
0.9975152
0.4671467
0.9687281
0.9612382
0.9944798
0.471424
0.502006
0.5339212
8.12511e-05
0.0386959
0.9721031
0.04345666
0.5123737
0.008990899
0.9390557
0.9885967
0.009990755
0.9906502
0.5361422
0.4738533
0.9958797
0.985251
0.4893031
0.007172614
0.9528042
0.940805
0.01326395
0.9858363
0.5007037
0.5464872
0.9718031
0.003394179
0.4343259
0.9616514
0.4982303
0.003139874
0.0436529
0.5231491
0.9693273
0.004662076
0.5418547
0.9956544
0.984981
0.9765108
0.4536222
0.01530728
0.006654984
0.01095047
0.9967065
0.01118071
0.02109327
0.9968921
0.01689956
0.9796266
0.5496973
0.4618265
0.01257459
0.9640756
0.4756463
0.5060237
0.9879986
0.001697572
0.02392042
0.005789127
0.557507
0.9589992
0.4576482
0.02184099
0.5027162
0.02604746
0.5136692
0.998449
0.02162321
0.9778238
0.05918748
0.01527932
0.4782716
0.4972665
0.5652151
0.04959227
0.02158037
0.04786512
0.9814791
0.9672876
0.5173437
0.4774307
0.488734
0.0097644
0.5311834
0.5205735
0.0223318
0.5414937
0.0553593
0.004159346
0.4659086
0.0463801
0.9894942
0.03648878
0.02447852
0.9967995
0.5469683
0.4708093
0.9483105
0.06706459
0.049328
0.03519219
0.05998246
0.03728021
0.9623476
0.5108412
0.9929481
0.01213266
0.9904374
0.4500191
0.9941934
0.9953016
0.4780572
0.4797894
0.03521927
0.03826718
0.9903942
0.4691326
0.9721373
0.4725427
0.9822726
0.9918015
0.4990532
0.03881173
0.4578744
0.4775683
0.5026862
0.4850235
0.9698002
0.0004201619
0.5178514
0.0344966
0.9862134
0.0165762
0.978004
0.9737142
0.4746803
0.9380566
0.9564231
0.48103
0.5033015
0.9947524
0.5022873
0.9797308
0.5073458
0.5162988
0.03767129
0.9815489
0.0459358
0.02464158
0.4460885
0.0209654
0.9937502
0.5108933
0.9949351
0.9292227
0.4611058
0.9937181
0.9704014
0.009286775
0.4972938
0.5104237
0.4984188
0.9606651
0.9435534
0.05941929
0.9584922
0.482325
0.9387879
0.4924926
0.992155
0.5115137
0.9749981
0.9815527
0.4669309
7.74698e-05
0.9536837
0.9626702
0.03587807
0.513148
0.9840576
0.4736775
0.4750739
0.02213817
0.9811971
0.4768908
0.4723995
0.5046955
0.05256734
0.9728772
0.01476103
0.0395068
0.01339516
0.4579549
0.01477227
0.5494644
0.9954146
0.9925729
0.5025488
0.4325571
0.4900155
0.982716
0.9263601
0.4625824
0.96983
0.5491468
0.4877045
0.9818258
0.01690642
0.01941524
0.9596371
0.5660108
0.5136989
0.9645195
0.01743955
0.9699745
0.9985828
0.5296315
0.4556915
0.9777027
0.4698996
0.4894431
0.001613309
0.02562981
0.9588495
0.02815531
0.5365906
0.05933429
0.003236671
0.5126688
0.5259324
0.008379983
0.5542997
0.9928201
0.5078998
0.4841486
0.9791416
0.4590773
0.5085704
0.01723318
0.03248863
0.02188521
0.991684
0.9943341
0.9944165
0.002193727
0.4744669
0.9830057
0.9783702
0.04514165
0.986429
0.4783592
0.4788437
0.0204023
0.006816396
0.4809977
0.4996562
0.4842658
0.9710352
0.9676949
0.006200863
0.01346119
0.02476615
0.5209283
0.9542775
0.9663774
