0.9997593
0.4670286
0.4968169
0.5200785
0.004813118
0.484901
0.4202956
0.9862955
0.01340861
0.004359622
0.03724613
0.03344589
0.02744984
0.9923576
0.01140826
0.5672219
0.0002053557
0.04144421
0.01020197
0.927091
0.02002128
0.964219
0.008966413
0.9848156
0.549879
0.9971818
0.548217
0.0381622
0.0003768626
0.4877805
0.9941154
0.5200389
0.9585494
0.5024931
0.9644582
0.0336442
0.9715804
0.01891464
0.017614
0.04613238
0.4435665
0.9479929
0.04860491
0.5345521
0.5189126
0.5031682
0.01710198
0.03552083
0.9936704
0.9686008
0.003446686
0.05322877
0.5069665
0.981551
0.4849101
0.002974399
0.5084462
0.01006192
0.9676988
0.996078
0.5494742
0.4907659
0.9529626
0.005706931
0.01892821
0.5094243
0.9775492
0.9716196
0.9974941
0.9728155
0.07401906
0.9734962
0.9983378
0.4816462
0.9770152
0.9774198
0.999249
0.5220325
0.9978115
0.03452286
0.9902641
0.9934256
0.9953198
0.09694279
0.9902314
0.976078
0.94917
0.9467708
0.01307538
0.4860106
0.03536504
0.4697735
0.00736602
0.9782131
0.9604314
0.5005163
0.01629363
0.02390549
0.05681595
0.9838998
0.5218381
0.507239
0.9096077
0.4970232
0.03184536
0.9926519
0.5292408
0.9884215
0.4699194
0.004612433
0.506912
0.9794401
0.503374
0.9975191
0.4843439
0.4657503
0.002306705
0.5137337
0.4921091
0.4874128
0.02054195
0.5185421
0.9656392
0.9863311
0.004198134
0.9842369
0.9550031
0.9776264
0.02780848
0.03143611
0.05611989
0.9630271
0.006288626
0.04673451
0.9983207
0.4996393
0.04795126
0.5079382
0.9759293
0.01100202
0.01300328
0.485933
0.01138563
0.0170147
0.00477942
0.9862306
0.9597718
0.5020531
0.9746713
0.4985819
0.9823139
0.9960794
0.9901464
0.9960564
0.9908989
0.9787151
0.505725
0.02789806
0.5593228
0.002855086
0.4753631
0.00827649
0.513261
0.9833464
0.9667445
0.973144
0.9871525
0.01198672
0.9995981
0.5071588
0.9814809
0.5224433
0.04312738
0.009034904
0.01182971
0.9827808
0.01105725
0.9518166
0.982995
0.02343962
0.9552862
0.4526178
0.9888104
0.4984364
0.926331
0.04778553
0.9640844
0.9432757
0.9847227
0.007132157
0.4837047
0.4936589
0.9765903
0.06921705
0.9949382
0.01361878
0.5358156
0.4499557
0.01521555
0.9834574
0.9312931
0.4892644
0.006724218
0.9649453
0.989289
0.4744445
0.03603475
0.5376318
0.01185609
0.9819801
0.978674
0.9448006
0.9909561
0.06053853
0.9751076
0.5225745
0.4806805
0.4969808
0.05326788
0.4656112
0.03254565
0.002049568
0.4910332
0.5106347
0.003338047
0.4710672
0.4797445
0.9718068
0.5419179
0.5158657
0.02348907
0.9572157
0.9539563
0.0560134
0.9782523
0.01931009
0.01996488
0.5626327
0.02502481
0.03333438
0.5389315
0.4690659
0.5062991
0.009538979
0.02502104
0.5030469
0.9986922
0.9881897
0.9768919
0.0132189
0.4631544
0.0204726
0.530408
0.03843033
0.4653607
0.478948
0.4640326
0.005534386
0.9992549
0.9862664
0.9569285
0.03147468
0.01884929
0.5318766
0.9669118
0.5361867
0.4843432
0.9866511
0.003306938
0.4789381
0.07157177
0.5265748
0.4844258
0.03599602
0.9882352
0.4997579
0.04995559
0.970457
0.4788498
0.4719483
0.9863472
0.9795815
0.5323114
0.9455727
0.5174967
0.01113691
0.02406619
0.5115401
0.4738964
0.4769473
0.04268095
0.9942952
0.03488335
0.5018712
0.5424311
0.0009392871
0.01746796
0.9868337
0.0007764105
0.5101626
0.03229065
0.03717977
0.09021281
0.4507061
0.004782404
0.01002265
0.9747286
0.01972426
0.01658937
0.5452367
0.9857081
0.9703382
0.5205666
0.5055045
0.4753271
0.008848628
0.5103643
0.5039781
0.9834797
0.9885467
0.02176988
0.9951304
0.9674886
0.9999835
0.09116882
0.01009721
0.03003059
0.4446978
0.5201926
0.476818
0.4204697
0.03197406
0.5106002
0.9582319
0.9844863
0.01821312
0.4561674
0.005670838
0.01844122
0.5072904
0.01684216
0.003665943
0.03070045
0.03241993
0.9731595
0.02986611
0.04632894
0.4381209
0.4557742
0.9686118
0.9812912
0.491842
0.5396731
0.4568248
0.5211669
0.01387693
0.9723004
0.5532386
0.01750281
0.01020534
0.9857247
0.9908201
0.5076362
0.5192446
0.008647859
0.4531984
0.9817643
0.02050304
0.5253386
0.5085939
0.02222259
0.0009117596
0.9781862
0.9671674
0.02666006
0.5064914
0.0001428355
0.4987923
0.5005583
0.9759325
0.5190033
0.04706407
0.4863362
0.948211
0.5238696
0.4413053
0.9889385
0.008199969
0.9874219
0.4679022
0.9811943
0.9970817
0.05897087
0.5159841
0.9469789
0.512878
0.03994273
0.5206424
0.9562138
0.5028164
0.02247572
0.9859257
0.0530364
0.9887766
0.002893266
0.04072916
0.9727205
0.9415802
0.02961644
0.9845725
0.0275277
0.03204434
0.9828363
0.03395104
0.03289945
0.9874493
0.0282158
0.02586376
0.01171473
0.004328486
0.4633664
0.5210748
0.4674714
0.5147364
0.5139326
0.5193695
0.01771871
0.9960794
0.9726002
0.942858
0.9849028
0.006198225
0.512481
0.004225401
0.0123445
0.5616484
0.5414152
0.5074753
0.4769083
0.02053117
0.03553417
0.008748076
0.9529079
0.06258372
0.5240517
0.008795069
0.04341474
0.9894456
0.04497606
0.4987527
0.4902589
0.950199
0.9845846
0.9903331
0.5028827
0.009460165
0.9488025
0.4664214
0.4758087
0.5000827
0.6071744
0.970515
0.07486758
0.4787847
0.9949801
0.9677862
0.9922966
0.4691833
0.9607642
0.04353999
0.9557633
0.9752868
0.999752
0.5202418
0.5198684
0.02819058
0.9717083
0.9756015
0.5222639
0.004358237
0.982703
0.4666137
0.9702513
0.4893475
0.4720395
0.04128273
0.502773
0.99203
0.5404516
0.4888008
0.9791943
0.01604327
0.9889786
0.9735918
0.4785445
0.005143439
0.01921526
0.9553022
0.4712584
0.4239021
0.0341591
0.9703822
0.02613211
0.9804035
0.01575773
0.02242994
0.01439405
0.007053336
0.004355761
0.9938408
0.01830781
0.01396749
0.995534
0.006342143
0.01462921
0.03356725
0.9906074
0.02604407
0.01618094
0.01769166
0.9882156
0.9629687
0.9914236
0.006644983
0.02028019
0.99401
0.9865127
0.00724399
0.9451738
0.006259028
0.9452688
0.9980235
0.9929447
0.9829888
0.005191386
0.9373032
0.04178618
0.003652715
0.9746545
0.9964574
0.9979606
0.01444309
0.04995379
0.03825938
0.9806847
0.01751928
0.01135379
0.008652574
0.02565002
0.04115829
0.001578266
0.05240763
0.9639815
0.005812562
0.01403125
0.009800919
0.008468142
0.01980429
0.9812402
0.01820161
0.9991494
0.9291852
0.03261418
0.986882
0.9672941
0.03323227
0.04257843
0.008240155
0.042072
0.01309815
0.005223981
0.01702311
0.0210642
0.9513524
0.978525
0.9959478
0.9423875
0.00743942
0.9863409
0.9715963
0.07299848
0.9963265
0.001036411
0.9968403
0.02606503
0.9907451
0.9734752
0.04715716
0.01134802
0.9643366
0.997724
0.04262403
0.9585035
0.04422963
0.9838825
0.9402447
0.9570304
0.994489
0.004591113
0.01393146
0.02128641
0.9902939
0.9696995
0.9808378
0.03392219
0.9919942
0.02565493
0.005086411
0.0272978
0.00904746
0.01320463
0.0140415
0.03483874
0.9769037
0.9889809
0.9942282
0.9592776
0.9837622
0.9947631
0.9616798
0.05667814
0.9655029
0.9871914
0.9898352
0.0009549306
0.9133912
0.9804267
0.9450988
0.9659877
0.975165
0.01149325
0.01445236
0.962673
0.007548947
0.9615699
0.989179
0.02649243
0.02108333
0.03182755
0.9590064
0.98344
0.9985358
0.9932966
0.9521082
0.9849636
0.9711363
0.9886329
0.009150316
0.9595253
0.01897046
0.01421259
0.06767168
0.9605869
0.01011539
0.9985421
0.9918623
0.02362378
0.004215908
0.0139406
0.01051707
0.0001002611
0.01747273
0.0014809
0.03028084
0.9558512
0.9708391
0.9621473
0.05370393
0.9973285
0.9581978
0.04242441
0.03806192
0.9914268
0.01608622
0.9968412
0.07726864
0.01966342
0.01642903
0.9907444
0.9965463
0.952497
0.01855198
0.9626019
0.9845756
0.9478272
0.9764819
0.991351
0.009722895
0.9703579
0.9711162
0.02233575
0.9989194
0.01623817
0.9531936
0.8828554
0.9721394
0.01643945
0.0295482
0.9543549
0.9812971
0.9988974
0.9802641
0.0003837509
0.9558821
0.005111047
0.9898108
0.9501791
0.02025655
0.01715175
0.9366411
0.9801251
0.9598522
0.02769338
0.9362169
0.04815829
0.02209939
0.009684718
0.001253518
0.004812628
0.9530252
0.9685438
0.9495357
0.940046
0.01804978
0.9628945
0.03857814
0.9744356
0.003775774
0.9871896
0.9633959
0.02696457
0.9908975
0.02880887
0.007190401
0.9649254
0.0243473
0.0162968
0.01144991
0.9898527
5.858336e-06
0.006256035
0.9903774
0.0341309
0.9930455
0.991645
0.9733642
0.0142969
0.0255912
0.02939881
0.01417292
0.03038864
0.9647391
0.9954522
0.9925402
0.9598348
0.9611976
0.02172961
0.01296552
0.9484609
0.9889729
0.9457053
0.9928554
0.0158614
0.00501994
0.04008211
0.9593178
0.9919012
0.01241073
0.01994257
0.9840049
0.9794587
0.01054331
0.9452992
0.02007531
0.9606667
0.002973444
0.01049299
0.9907022
0.004866075
0.0005154568
0.01900126
0.9820634
0.02457446
0.0592965
0.01955609
0.95453
0.00272256
0.9522065
0.04711398
0.9978688
0.003939972
0.04099046
0.9752706
0.9715253
0.0002820106
0.9853127
0.9715375
0.9641416
0.02319239
0.997693
0.9999365
0.01746321
0.9906106
0.9839575
0.02077019
0.9873142
0.02487113
0.9990011
0.06316687
0.9673233
0.983404
0.9973609
0.9846757
0.9564401
0.9644388
0.9525737
0.9957269
2.003993e-05
0.01784784
0.9940174
0.9857528
0.01595147
0.9931432
0.9942175
0.9874624
0.009022331
0.009549345
0.9785573
0.002499526
0.9968296
0.01067969
0.01028775
0.9964904
0.9795751
0.04458809
0.05552076
0.01337397
0.9476831
0.9666181
0.01209479
0.001962265
0.02258463
0.9963165
0.9253572
0.986697
0.02989207
0.07591121
0.01951532
0.9473567
0.9617994
0.03022667
0.03833988
0.01060433
0.9632009
0.9671249
0.9828219
0.012375
0.02874782
0.006839747
0.9482892
0.9729859
0.9810733
0.9982414
0.9657159
0.01828824
0.03503607
0.03129506
0.06195546
0.9827493
0.9702256
0.01755084
0.9843671
0.9690448
0.9770033
0.01731063
0.01565333
0.9920179
0.01932878
0.01859573
0.9534458
0.0259057
0.9671526
0.9987106
0.9999217
0.01943404
0.04121165
0.9778721
0.03650119
0.04796025
0.002086692
0.0007226485
0.9908941
0.9980106
0.0225895
0.9773336
0.9782671
0.9350932
0.03996396
0.05107113
0.0101489
0.958657
0.9942242
0.02290065
0.9888456
0.9857382
0.9991622
0.01726698
0.02116744
0.1025143
0.02564554
0.03415602
0.04515706
0.9958979
0.04627573
0.03648243
0.03580288
0.9401393
0.01637203
0.985148
0.943661
0.03436687
0.9967671
0.01296502
0.006068063
0.9681244
0.9251677
0.003996
0.0004783224
0.9760124
0.0118119
0.03072597
0.972514
0.00629942
0.9968205
0.006969056
0.04523261
0.00276199
0.9308543
0.9831711
0.9986413
0.9592116
0.9745128
0.9793967
0.9832531
0.9726242
0.9836894
0.9994103
0.04531161
0.9959858
0.9924614
0.9957337
0.01880229
0.01072514
0.9822406
0.03382629
0.01962135
0.002262127
0.02131122
0.001931874
0.04022749
0.01287741
0.9972363
0.9492318
0.9415181
0.9965905
0.9917852
0.9923083
0.03130107
0.9894584
0.001537963
0.9405329
0.9878313
0.9994717
0.9924094
0.002198577
0.02266291
0.005150113
0.01010386
0.01450824
0.9396182
0.9822817
0.03683412
0.002688866
0.9745125
0.01234845
0.001915565
0.9782453
0.02142359
0.01452983
0.9952985
0.01828707
0.01604664
0.003330118
0.04476555
0.9918598
0.01487083
0.9722723
0.01767904
0.01605528
0.04454731
