0.0451658
0.0150277
0.4599934
0.02081336
0.005012099
0.9638834
0.01880248
0.05292902
0.9228278
0.4934501
0.9803067
0.001946293
0.9925819
0.02292482
0.9915514
0.5002346
0.9798876
0.01655566
0.5123442
0.9781093
0.5081125
0.4802803
0.02094985
0.4959077
0.04648645
0.4956394
0.509827
0.04827812
0.9919906
0.5631524
0.9999663
0.5171327
0.5158336
0.03963113
0.4621059
0.9997111
0.9876766
0.9871203
0.002077057
0.4949619
0.4900505
0.9815612
0.03303989
0.9840882
0.483378
0.01541046
0.9519628
0.06115897
0.0318168
0.04759447
0.4931459
0.4667556
0.9391455
0.500146
0.9710216
0.03125773
0.4619526
0.4754752
0.01362209
0.03209982
0.9991703
0.01011559
0.9700153
0.0139533
0.02288063
0.483233
0.456974
0.9993101
0.9854453
0.954146
0.9748773
0.5081884
0.997877
0.5382439
0.4729164
0.02835237
0.9911131
0.02039098
0.037567
0.0412641
0.008830984
0.0115467
0.9703088
0.4924336
0.9978624
0.005833435
0.4493912
0.5288338
0.4475895
0.02972418
0.996048
0.04202972
0.9853568
0.994491
0.9640562
0.9949647
0.4902375
0.482298
0.9744905
0.4941543
0.9730825
0.9970756
0.994643
0.9893776
0.04085182
0.04184249
0.007403092
0.9671085
0.9991144
0.0141398
0.9956234
0.9365214
0.05224379
0.06588844
0.9878514
0.9594516
0.9649931
0.9705083
0.002137002
0.01519249
0.9604315
0.004480801
0.9102693
0.04147647
0.9831008
0.9759784
0.9727785
0.008213471
0.9923209
0.9881017
0.9851711
0.02295536
0.02313175
0.02002286
0.9352163
0.05138552
0.9760677
0.02553429
0.9494684
0.9920661
0.9728316
0.9450494
0.03501572
0.981013
0.9975462
0.01029786
0.9632161
0.9360629
0.01804198
0.9749886
0.01098547
0.9944261
0.9835955
0.9773954
0.9793054
0.9664137
0.9789994
0.01089411
0.03854018
0.05977196
0.0232167
0.02446205
0.9756071
0.9583593
0.02456082
0.9763575
0.03899817
0.01107298
0.07342045
0.9789817
0.01594057
0.9952197
0.03085483
0.01794283
0.906476
0.03102626
0.04905925
0.01971102
0.02924856
0.0004530269
0.998548
0.980558
0.01942281
0.9641628
0.9948689
0.9921081
0.9809823
0.9552867
0.02808786
0.031037
0.04401293
0.04349346
0.02248776
0.9887572
0.9960543
0.00545454
0.01626057
0.002507907
0.03368843
0.9708571
0.02567
0.003461111
0.03961935
0.01045147
0.9596939
0.9529688
0.9404007
0.9492904
0.02782624
0.9751037
0.006788186
0.9746908
0.0105653
0.03408101
0.009366391
0.981142
0.9874829
0.005118942
0.01581391
0.9625645
0.9838666
0.03601807
0.01900669
0.9666792
0.05574014
0.9918752
0.9855665
0.005327123
0.9687253
0.02213697
0.04282264
0.03231664
0.002903141
0.9709976
0.001772012
0.01746313
0.9890089
0.9855639
0.9902155
0.9909208
0.06896041
0.983512
0.01612662
0.03751001
0.9563657
0.9705304
0.003744265
0.9894219
0.9755181
0.0334387
0.9409092
0.03358657
0.9505228
0.007581546
0.01710391
0.9959443
0.9998916
0.03524849
0.0318279
0.001800124
0.07078365
0.9979299
0.003091986
0.0006983607
0.987945
0.02811203
0.9632996
0.9753675
0.01819459
0.008519828
0.9527478
0.9927933
0.9765302
0.9705726
0.9690071
0.9892727
0.02209925
0.01399634
0.00144445
0.9660594
0.0187602
0.9653393
0.9986072
0.975892
0.9944862
0.9687197
0.9881279
0.9787649
0.9692474
0.9679016
0.01391758
0.9747109
0.003640685
0.0153497
0.9854692
0.9650067
0.9743353
0.9696684
0.0142114
0.9570292
0.06103954
0.01051681
0.04568423
0.9635983
0.9566096
0.0004219661
0.9897452
0.02554424
0.03081676
0.0402253
0.04684068
0.9860018
0.951061
0.008555257
0.01402946
0.9693183
0.9464317
0.9850505
0.9596966
0.9481678
0.002949638
0.9700272
0.06922129
0.05579968
0.9834915
0.9794108
0.986813
0.9669222
0.9813768
0.05366093
0.01909542
0.9950129
0.01317262
0.9833565
0.01045233
0.004354378
0.9235166
0.01751635
0.002922998
0.007627103
0.01009403
0.02155129
0.03949469
0.02069917
0.04580123
0.9948117
0.04713247
0.01535927
0.9852184
0.03436701
0.01278499
0.964258
0.9966587
0.9473007
0.03431587
0.01815595
0.965172
0.9835872
0.9593955
0.988818
0.05032653
0.0174739
0.005592425
0.9852331
0.006022818
0.9857982
0.01497302
0.01999062
0.04463886
0.9673217
0.009183251
0.03908591
0.9956904
0.08182043
0.05240956
0.9984228
0.9975906
0.9862359
0.9875751
0.9852797
0.05850053
0.9790172
0.01226898
0.03235249
0.02588482
0.9737482
0.03151085
0.9986773
0.9618259
0.02081085
0.9693253
0.9751463
0.02772558
0.9926029
0.01827559
0.9735963
0.9948059
0.0426141
0.00520682
0.02987389
0.973509
0.9563419
0.01863666
0.9997752
0.958523
0.01980927
0.02902857
0.0260264
0.03213527
0.009985651
0.9767901
0.0192439
0.007298177
0.03950543
0.9643153
0.9998322
0.9863263
0.01184152
0.9598735
0.04493035
0.003646946
0.01743331
0.01181043
0.9892277
0.04401456
0.03140229
0.02540784
0.9659456
0.9848751
0.01463149
0.9656969
0.01479329
0.06120763
0.9933568
0.9139185
0.9775137
0.02290737
0.01010637
0.053172
0.9810297
0.02908991
0.4836703
0.4467252
0.04641872
0.9689044
0.01150881
0.9632999
0.9903512
0.9130174
0.04012628
0.5360814
0.9958891
0.5396754
0.03791833
0.505749
0.01605408
0.01921917
0.02097054
0.01552212
0.5257527
0.5238096
0.5118039
0.009672442
0.0001812176
0.5134482
0.9775116
0.9851127
0.498469
0.9281764
0.02846881
0.9656404
0.5450632
0.4757164
0.9883305
0.5267105
0.9800906
0.9750394
0.5015419
0.03008938
0.5189216
0.06245489
0.4876831
0.9893778
0.4713105
0.9741305
0.558981
0.5232369
0.001763833
0.01441298
0.9723434
0.004197906
0.9543027
0.9584089
0.006176155
0.5133784
0.476239
0.5093282
0.009825902
0.4822883
0.0163343
0.4954147
0.9716732
0.9441147
0.03833452
0.956502
0.9459346
0.5269766
0.5083317
0.02378285
0.01709239
0.02729203
0.02820101
0.9813361
0.9882294
0.9981646
0.4882595
0.003172159
0.01167996
0.4618673
0.9987933
0.9724612
0.9974004
0.9759583
0.01536142
0.03209716
0.04602182
0.9480696
0.9986869
0.03432341
0.4899644
0.9974346
0.00628514
0.02310411
0.9811031
0.9552342
0.4819683
0.5431794
0.5057836
0.9544564
0.4995466
0.5053929
0.9974599
0.9962593
0.01804427
0.9953782
0.4907712
0.9583572
0.4966306
0.4674281
0.9656429
0.9852067
0.00294989
0.4851694
0.5130038
0.005195137
0.9848518
0.003860403
0.4904944
0.01085982
0.9089285
0.02002192
0.9914417
0.997531
0.002732206
0.02779543
0.9861718
0.9592572
0.9976137
0.9643553
0.02660032
0.006724327
0.950217
0.02548344
0.9883246
0.9935445
0.4460979
0.457861
0.5168948
0.9318796
0.01106848
0.9916639
0.509062
0.4992137
0.03507888
0.5040387
0.9346701
0.4709731
0.9766168
0.5029188
0.03742444
0.5239212
0.4948863
0.4814714
0.008508936
0.9649447
0.4950388
0.971347
0.9737069
0.01314922
0.9850665
0.01167257
0.007375593
0.5043036
0.002250184
0.0495447
0.01671535
0.4638336
0.03876253
0.9347313
0.005622193
0.9654982
0.03785078
0.01006369
0.9668663
0.9907867
0.9802491
0.5489746
0.9570015
0.5252607
0.5403633
0.02651835
0.4823633
0.5128495
0.5033909
0.5414743
0.05198259
0.9620375
0.5048798
0.96477
0.4627958
0.02587766
0.980885
0.5116955
0.9927923
0.01147872
0.9966462
0.9892339
0.4742727
0.02941344
0.9656806
0.00497352
0.9816189
0.9535543
0.9820151
0.008316791
0.98448
0.9716885
0.02633348
0.4639938
0.4909078
0.4432138
0.9728284
0.4998807
0.9409624
0.049325
0.5038414
0.5063918
0.9940766
0.9886897
0.9993744
0.5189956
0.03139454
0.03546738
0.009788369
0.987102
0.4815505
0.9935154
0.4886931
0.4990678
0.4709584
0.4756132
0.9721914
0.9738233
0.5444346
0.4771169
0.9668443
0.4686005
0.05341672
0.00446231
0.004387664
0.07277112
0.9512199
0.9924274
0.957182
0.02047515
0.06143753
0.05379205
0.9859408
0.9957249
0.9653664
0.500091
0.5138962
0.007443271
0.9956151
0.9835571
0.009099839
0.5060993
0.9468337
0.02845564
0.0275406
0.01912068
0.9746688
0.02654603
0.004557852
0.4680031
0.01973498
0.9845253
0.9572158
0.04997429
0.04037096
0.003943482
0.03544231
0.0144191
0.9869495
0.0316271
0.9608815
0.9550815
0.0008484002
0.4825989
0.0195966
0.9812613
0.9959868
0.01317918
0.5367307
0.994094
0.4731607
0.5374553
0.4682846
0.01832215
0.03860558
0.9962951
0.5261017
0.4841664
0.01504036
0.996735
0.9524002
0.4179356
0.9686983
0.04161574
0.01667715
0.02280556
0.007492502
0.9597663
0.4672039
0.9993636
0.5081186
0.9999153
0.03701589
0.4782393
0.03309975
0.9884366
0.9822085
0.9762089
0.01036403
0.4983772
0.5029045
0.9884318
0.002677737
0.05181743
0.04092672
0.0108772
0.4626656
0.04896482
0.9941582
0.02198992
0.9985415
0.04721899
0.05715806
0.02138977
0.01008662
0.5528688
0.01114565
0.9516061
0.02373877
0.9804504
0.4560357
0.9952035
0.02980974
0.9999571
0.9809201
0.9932183
0.9853466
0.4357551
0.00706424
0.9358257
0.9867493
0.5724294
0.514168
3.078558e-05
0.0704297
0.01056517
0.0001229787
0.5269322
0.514135
0.04451948
0.02032783
0.03268447
0.9682106
0.4999595
0.9479442
0.4843131
0.9882144
0.5355527
0.9861812
0.01103339
0.9980298
0.4791532
0.02108912
0.4748755
0.5154889
0.9884038
0.05129054
0.9978169
0.4712907
0.545672
0.03738479
0.9422842
0.02802375
0.01333112
0.4762029
0.02852384
0.4379937
0.4730909
0.516293
0.971638
0.5340393
0.5116528
0.9960606
0.980458
0.4802064
0.4747961
0.9708811
0.9639106
0.00255472
0.5074069
0.4849132
0.5104283
0.01429312
0.9971791
0.5916256
0.4990786
0.01740615
0.01347785
0.002715979
0.5256282
0.01862802
0.9448775
0.9994159
0.4831382
0.5667284
0.9302368
0.0007003522
0.9704985
0.05181433
0.9710659
0.01981168
0.0338933
0.9918427
0.03619055
0.4844782
0.05386329
0.4753027
0.02274801
0.5367045
0.03006806
0.03816273
0.4804918
0.02340504
0.9456384
0.9806682
0.976592
0.9822808
0.5033029
0.4926876
0.9807019
0.008580362
0.4651719
0.5030209
0.9956694
0.4492283
0.9738324
0.9979974
0.00699033
0.01459419
0.01965787
0.9796825
0.9886886
0.4892776
0.522454
0.9811906
0.5222722
0.5100641
0.4767136
0.5003626
0.9746663
0.4929083
0.5697037
0.03446001
0.007046808
0.9932418
0.02755899
0.02467391
0.4512264
0.4590481
0.9683208
0.9951895
0.007352644
0.9583273
0.4874325
0.9863335
0.9913767
0.9859551
0.01453354
0.003425961
0.004709508
0.5032491
0.4476663
0.01929404
0.9911889
0.003931783
0.01628784
0.9823824
0.4765139
0.02498615
0.4914616
0.4847162
0.4712543
0.01155397
0.000651567
0.5007276
0.4104808
0.9865757
0.9637201
0.02259649
0.02819953
0.4910045
0.9718992
0.9952719
0.4972834
0.5026284
0.9897825
0.496791
0.02065531
0.05207855
0.9857955
0.02870431
0.04012859
0.483153
0.04912761
0.9791595
0.06028655
0.9698591
0.4960643
0.01256809
0.4897002
0.0004631863
0.4987181
0.9628205
0.4809549
0.0298586
0.9587175
0.006864206
0.5391976
0.5725428
0.5064648
0.9874476
0.4497391
0.05830016
0.4774225
0.9897802
0.9716764
0.985339
0.02517054
0.502105
0.5078568
0.4811143
0.4419723
0.4472157
0.4530895
0.5406662
0.4876931
0.5359752
0.00470321
0.01715612
0.07621002
0.4868515
0.4616242
0.4941136
0.9920475
0.01936914
0.05056792
0.4887311
0.4909361
0.991903
0.9963772
0.9638657
0.9890466
0.01272174
0.01768966
0.5214299
