3.990675e-05
0.006843837
0.5305799
0.996019
0.01800147
0.03299837
0.531927
0.9600861
0.004275452
0.511719
0.01926118
0.00303274
0.5330478
0.5084702
0.5327537
0.9871021
0.479007
0.01033819
0.9668698
0.9697043
0.02572886
0.454459
0.5094973
0.02143814
0.9709575
0.005551502
0.03778883
0.4936189
0.991892
0.01077481
0.001811417
0.5492869
0.002462116
0.9979285
0.01357195
0.989493
0.9929754
0.004237923
0.53194
0.03066208
0.9662833
0.9435821
0.01498568
0.4863916
0.5044606
0.5096644
0.9711114
0.5226173
0.9450039
0.01803199
0.03616158
0.4877744
0.01094907
0.9836792
0.4677524
0.9767954
0.4894649
0.02543867
0.5333035
0.0116832
0.02241346
0.9647271
0.01265209
0.5349138
0.9883317
0.4723828
0.4679064
0.9987105
0.9760017
0.5010668
0.00857573
0.5132312
0.01903777
0.03144883
0.01697928
0.4970195
0.9549881
0.5223591
0.9808378
0.0345036
0.005764354
0.06299627
0.4726846
0.9873397
0.02580299
0.03906851
0.4614175
0.004493576
0.467181
0.008259574
0.4828296
0.9978089
0.01133556
0.9409721
0.4466587
0.9479615
0.9914223
0.9684137
0.5207378
0.05403848
0.008343555
0.9834425
0.9798281
0.9864782
0.978101
0.9777062
0.504808
0.9825991
0.9762783
0.03946852
0.4259219
0.02757441
0.4904372
0.9862903
0.9096475
0.5205279
0.02287622
0.02527484
0.07496474
0.008436483
0.4933889
0.03248007
0.4928373
0.02724384
0.4972294
0.02440608
0.03159909
0.4970546
0.9735309
0.9551346
0.9930172
0.9598331
0.9818966
0.9826546
0.041643
0.005100141
0.4707855
0.03796004
0.9839213
0.9683089
0.9438245
0.4882208
0.9817515
0.9643863
0.4949295
0.05399394
0.007904486
0.9982421
0.9413633
0.4933308
0.9992859
0.9428269
0.9654536
0.5362134
0.5401623
0.9975236
0.5128567
0.4782756
0.006436894
0.9806816
0.48298
0.4651727
0.004969178
0.007358615
0.006266814
0.9609482
0.5378881
0.9503357
0.5141318
0.03243272
0.4795606
0.001059151
0.4593911
0.9515097
0.9581903
0.5018238
0.0262682
0.992224
0.01445942
0.9687515
0.007336626
0.5605297
0.03979082
0.4626953
0.9889808
0.00806653
0.9941198
0.01067738
0.000410096
0.480878
0.9931071
0.5091994
0.000727679
0.04516061
0.006485907
0.04090417
0.05119994
0.9752761
0.03030578
0.5156943
0.003129993
0.02717585
0.9391988
0.4866821
0.960367
0.9725837
0.9657348
0.9683249
0.03717408
0.03250238
0.4727508
0.01420561
0.9731621
0.9901591
0.9802007
0.9843379
0.01774836
0.5061538
0.4696915
0.4520664
0.9773359
0.4849231
0.9339109
0.4873264
0.01879066
0.9894172
0.4958095
0.5199484
0.5379893
0.9817556
0.9233018
0.03786587
0.9567615
0.06936103
0.008883472
0.9898235
0.03284146
0.4989067
0.4954358
0.9841008
0.04718022
0.01179025
0.9647604
0.9927056
0.5551328
0.03672875
0.506727
0.9882927
0.9671967
0.9916879
0.4891981
0.4569047
0.5063664
0.03715232
0.5081236
0.4365369
0.04905286
0.0195981
0.4728577
0.9921047
0.9753659
0.01558406
0.9949107
0.01340109
0.982271
0.4923634
0.02991736
0.9470406
0.9939427
0.03354458
0.480847
0.01438991
0.9822206
0.98458
0.9976694
0.5250705
0.01299188
0.4530346
0.9561325
0.00716807
0.0118367
0.9858166
0.05335601
0.5121265
0.01383075
0.5298766
0.03247764
0.0249952
0.4845731
0.02081964
0.4781856
0.9778586
0.5204266
0.4728129
0.504063
0.06315649
0.4561465
0.9862448
0.5745955
0.5205793
0.5391735
0.01204981
0.02300414
0.959076
0.0166339
0.004248035
0.9752945
0.9649119
0.490096
0.9894041
0.955193
0.5051305
0.5412008
0.954709
0.9798075
0.968299
0.9684556
0.9554839
0.9939488
0.5181678
0.0329748
0.06489235
0.004009988
0.9726097
0.02729282
0.9583248
0.01774941
0.9790962
0.9908556
0.4976182
0.4952519
0.02488976
0.04198679
0.9600321
0.5596955
0.9892376
0.9823353
0.001787401
0.9936017
0.5287441
0.007231904
0.5066709
0.05378213
0.04898846
0.9923808
0.9764533
0.01089949
0.4994714
0.5520716
0.9822862
0.4876333
0.9533401
0.4377271
0.9877822
0.02184207
0.5328679
0.02161136
0.4845507
0.003124235
0.4812215
0.5136718
0.024756
0.4568468
0.4936428
0.9934473
0.0534504
0.9430366
0.5045536
0.02681582
0.9627237
0.4928433
0.9724454
0.5331155
0.456881
0.9839774
0.9635391
0.9858345
0.06218809
0.9985301
0.02803623
0.4945625
0.4861943
0.4787957
0.5051826
0.02444505
0.5165637
0.9604297
0.9909079
0.9788029
0.970277
0.0324436
0.01595854
0.5048193
0.04363313
0.9774539
0.5231389
0.01282986
0.5271849
0.5252094
0.01056657
0.5236804
0.9978824
0.9769286
0.01848312
0.02653169
0.03092738
0.5101381
0.009177167
0.01242828
0.9948589
0.4817113
0.4634098
0.521246
0.03527261
0.9885454
0.9902867
0.02344478
0.5081871
0.9923174
0.007638775
0.4958836
0.4787838
0.511236
0.05950938
0.468055
0.005207071
0.02257775
0.004620748
0.4756782
0.5540566
0.4493274
0.9833002
0.9750573
0.5081744
0.4712302
0.5064562
0.4939609
0.9949703
0.005947011
0.0296099
0.4595561
0.4943489
0.428614
0.5264607
0.5148669
0.5226834
0.4831555
0.02484588
0.9808925
0.9773774
0.9998427
0.9796165
0.9544829
0.9737172
0.02168083
0.01029795
0.5034343
0.9715951
0.9449306
0.02232147
0.952913
0.009702483
0.04832869
0.9556775
0.05223113
0.936732
0.9889213
0.9846231
0.9822254
0.0801244
0.4877865
0.4851055
0.0004048693
0.4644435
0.4974943
0.04497849
0.4506986
0.5313259
0.9752682
0.5430543
0.03762933
0.9656492
0.9650912
0.4795114
0.0340537
0.974588
0.9716948
0.9945531
0.4717352
0.9900619
0.01650193
0.9960239
0.01975362
0.9948631
0.5451897
0.9705924
0.02084454
0.9430737
0.989391
0.06410958
0.98205
0.9592637
0.05538135
0.9481999
0.04479002
0.4758579
0.474849
0.03790388
0.9873465
0.5072208
0.0293792
6.576674e-05
0.9646599
0.4982403
0.9537843
0.9661504
0.01213125
0.5099391
0.9774365
0.5340978
0.4890299
0.4901897
0.9728005
0.5323471
0.01671981
0.5083947
0.02922572
0.003672367
0.02498848
0.5106877
0.9937231
0.04286208
0.9560758
0.9644588
0.01216931
0.01787054
0.9967976
0.008340273
0.05172346
0.9724661
0.03725018
0.002236951
0.4620374
0.9755627
0.5310377
0.9967258
0.4858719
0.4361652
0.02096251
0.4594693
0.9588729
0.006878863
0.4971906
0.006483156
0.9866548
0.9651454
0.03376049
0.01060619
0.9825316
0.4836883
0.4989409
0.5113155
0.4959217
0.9897402
0.9975281
0.9945804
0.0101239
0.02402625
0.9923079
0.9891398
0.5127641
0.9888835
0.505991
0.007435896
0.005145295
0.4613856
0.4991775
0.004468062
0.5324208
0.9988782
0.4925497
0.4932141
0.9962888
0.005841175
0.502505
0.02371466
0.5155271
0.972694
0.9708757
0.5275103
0.5177151
0.5147329
0.9544198
0.9963874
0.01226893
0.9757457
0.01566629
0.5194119
0.9676684
0.00983473
0.9673158
0.4865176
0.9857373
0.0142475
0.9911931
0.5019561
0.03114128
0.9658538
0.9269663
0.9842279
0.4944815
0.9915416
0.03854561
0.9716011
0.9702386
0.4845998
0.4972368
0.0008705633
0.004533133
0.5361606
0.003914348
0.9695788
0.01587126
0.03343795
0.4987937
0.4468607
0.02028075
0.5022427
0.9436737
0.006656093
0.01548718
0.9990698
0.004584145
0.5048788
0.5222561
0.02938028
0.974761
0.536392
0.0296676
0.4954064
0.964432
0.9831334
0.9665372
0.9701611
0.9446852
0.9555339
0.0006318662
0.007168794
0.01126289
0.9882104
0.520081
0.9704482
0.001282107
0.4681695
0.5169289
0.4746632
0.01414568
0.5732279
0.03219222
0.0169911
0.02943385
0.02339483
0.01721967
0.9990519
0.4583452
0.01077052
0.06761189
0.9687014
0.05366467
0.01384388
0.9452328
0.001560872
0.9669921
0.02690056
0.9933657
7.894986e-05
0.4959446
0.9115518
2.335326e-05
0.9853984
0.4574015
0.5179217
0.9951299
0.9904663
0.4431973
0.02964967
0.9656702
0.9417794
0.460163
0.9915938
0.5108967
0.4936737
0.950857
0.9533106
0.4459289
0.491389
0.9810912
0.4868294
0.01275278
0.97098
0.004258848
0.4584877
0.00301549
0.4857127
0.4670411
0.5182239
0.5374566
0.9792544
0.9811499
0.01176875
0.5479612
0.008425821
0.03115554
0.9909193
0.5083263
0.004167384
0.02025337
0.02224879
0.5014318
0.4526405
0.4725334
0.006779562
0.01906841
0.01477308
0.9788618
0.9948412
0.5038924
0.9872966
0.4914014
0.9225233
0.0053306
0.01158977
0.01570843
0.5037741
0.4983716
0.02403428
0.523306
0.5536939
0.515033
0.0129662
0.9518566
0.4641451
0.5166057
0.4725328
0.02634034
0.9866965
0.9752372
0.02491132
0.006328648
0.5194694
0.04571387
0.9831455
0.03336974
0.9865763
0.9868804
0.02188309
0.9559183
0.01299476
0.9650939
0.9899067
0.9961429
0.5651422
0.5169339
0.03183859
0.9926527
0.9792628
0.03119458
0.9874649
0.03971223
0.512765
0.02343174
0.9709973
0.9696229
0.06740705
0.01551393
0.01323985
0.5081376
0.02517894
0.4943526
0.5193322
0.008916955
0.9738945
0.4945847
0.9730533
0.5478618
0.9643861
0.5241056
0.472458
0.9714381
0.5079253
0.9856895
0.4950607
0.9887365
0.5034759
0.01870747
0.5082974
0.9898535
0.02046328
0.9616778
0.4881541
0.9721648
0.4838881
0.523068
0.5070346
0.01900284
0.4627081
0.004159122
0.001709853
0.9903859
0.9787078
0.5090147
0.9850161
0.00644308
0.9823788
0.5483151
0.4768438
0.02114221
0.02231327
0.5237084
0.02090559
0.03502853
0.4787162
0.5330175
0.5310829
0.4344761
0.02310999
0.03671943
0.01125042
0.9908274
0.4520542
0.01817943
0.03569402
0.03028227
0.9757123
0.471427
0.5103233
0.0238658
0.01685067
0.4932556
0.4817466
0.4952784
0.4581398
0.05891009
0.9425573
0.496264
0.5203024
0.9941779
0.4702996
0.9470825
0.01007198
0.5122693
0.0431734
0.9817157
0.4755244
0.96595
0.9504204
0.4859545
0.4731818
0.5084455
0.9881653
0.001572507
0.05773676
0.0195492
0.501955
0.9494703
0.9620606
0.02232864
0.5591595
0.4964205
0.005771247
0.02027505
0.9917538
0.9879611
0.01120277
0.5248751
0.001280334
0.06254679
0.006046438
0.9492874
0.4786758
0.03702892
0.9789234
0.55217
0.9843983
0.9736656
0.0134505
0.9664792
0.507972
0.02674993
0.0009598118
0.9887547
0.001087843
0.5749582
0.9661379
0.03227628
0.5231898
0.9916252
0.4983185
0.9833955
0.517229
0.03909356
0.0109682
0.9275112
0.03100416
0.973137
0.9886712
0.03912309
0.02069031
0.9547359
0.9783752
0.9744623
0.968413
0.01417758
0.06514865
0.01732046
0.9378289
0.9938784
0.02338511
0.02240412
0.9773768
0.01146296
0.001420793
0.9960666
0.970373
0.01017886
0.9917555
0.01284653
0.9620754
0.02705542
0.9842485
0.0151037
0.970005
0.9723423
0.0270721
0.9945998
0.9874756
0.9600875
0.9322588
0.03253409
0.001133233
0.9906316
0.9943522
0.9607354
0.02862648
0.9707856
0.0268884
0.02445084
0.02103074
0.04756777
0.006998078
0.991175
0.006097976
0.9434075
0.06580349
0.001028891
0.008667999
0.9857688
0.0316776
0.06582224
0.03367902
0.9811573
0.9119447
0.008810801
0.9735833
0.9729778
0.966649
0.02513798
0.9933691
0.962378
0.005593984
0.989211
0.006432178
0.9673659
0.0004177865
0.9997123
0.967014
0.9750049
0.0253923
0.9717268
0.01479248
0.01756283
0.9883773
0.05072474
0.02003484
0.9971329
0.9732223
0.9692826
0.0499245
0.02044533
0.02873687
0.03288962
0.9869828
0.04863261
0.02049414
0.02310136
0.9853247
0.9884183
0.9949641
0.009496648
0.9809101
