0.9738488
0.01839267
0.9675109
0.03915201
0.4875908
0.9793389
0.004580977
0.9913562
0.9824834
0.004049033
0.01273601
0.9376041
0.4992136
0.5122465
0.9531918
0.02441432
0.4987635
0.4823205
0.02542062
0.9809686
0.03616961
0.999256
0.974083
0.9840102
0.9809534
0.0585701
0.990941
0.01628213
0.5067602
0.0274484
0.01942391
0.5048258
0.5492483
0.4916528
0.4439332
0.5192339
0.9870181
0.9959846
0.07984828
0.4837604
0.02399636
0.5020461
0.9859799
0.9878196
0.4572305
0.0293587
0.4791047
0.4682147
0.4017381
0.9923604
0.9359604
0.9643174
0.02250994
0.008073394
0.9719534
0.03022342
0.982103
0.0170442
0.5203127
0.9813206
0.9748829
0.5569194
0.5105515
0.9965652
0.503992
0.4578683
0.9478621
0.002740824
0.4855291
0.9665358
0.9874211
0.9861744
0.9802196
0.4912849
0.5019656
0.4939613
0.07000817
0.4730008
0.4982396
0.01623136
0.4634985
0.4916472
0.4963099
0.02827783
0.5169846
0.1019321
0.5074417
0.5226208
0.9814439
0.9858424
0.4759008
0.06515864
0.9727861
0.03525694
0.01016432
0.9484496
0.9499479
0.01003345
0.5479945
0.5017408
0.9949568
0.4533294
8.752472e-06
0.9717137
0.03502635
0.5155311
0.550107
0.02472799
0.002277604
0.9801183
0.03544757
0.07188748
0.9997406
0.4671047
0.001735424
0.9600245
0.4801643
0.4791175
0.9753682
0.9751713
0.4934424
0.450138
0.5126965
0.04305267
0.54374
0.01345143
0.019781
0.9605014
0.001896322
0.9875233
0.4827308
0.03210996
0.4977069
0.4452195
0.5078818
0.9957027
0.4497921
0.01950354
0.01904342
0.5307119
0.45314
0.9980897
0.009599703
0.02985383
0.9661614
0.9874005
0.4522105
0.5412577
0.5234581
0.9943545
0.4673847
0.9774244
0.9894966
0.03520965
0.9637609
0.4980587
0.04420009
0.03641998
0.9919714
0.03647405
0.02374511
0.9538665
0.5172859
0.9739852
0.9927523
0.4611006
0.9539071
0.4180395
0.9754494
0.00336672
0.990371
0.9435064
0.496657
0.5000761
0.5112783
0.007727445
0.07214697
0.4913969
0.9780614
0.9635629
0.4763728
0.96064
0.03055427
0.9665608
0.01233203
0.5251106
0.9615475
0.9731647
0.04145129
0.04370566
0.05457164
0.5136951
0.02276669
7.572322e-05
0.5390041
0.03391128
0.9950679
0.008037545
0.9998882
0.02185546
0.02740552
0.9931351
0.9796088
0.9564311
0.05107592
0.4765493
0.9956611
0.4791075
0.4767593
0.4444032
0.009579471
0.01113208
0.01461307
0.02184169
0.997311
0.9915099
0.01632192
0.03132194
0.9671725
0.4968936
0.9852306
0.9718963
0.01576527
0.977328
0.008861217
0.5395855
0.4972616
0.02866112
0.5034521
0.9968748
0.9946868
0.9860244
0.5252475
0.4942087
0.04504904
0.9368156
0.5119995
0.4830716
0.5564332
0.4267882
0.9856164
0.4966463
0.01298337
0.5065814
0.007567114
0.5096004
0.01047986
0.03909018
0.5168698
0.5416221
0.02532425
0.9594244
0.9527717
0.008478829
0.9965916
0.01120573
0.5742887
0.03613462
0.5178276
0.01302727
0.02442801
0.01761185
0.4495517
0.04399705
0.04278315
0.9666378
0.4707564
0.9666034
0.9939716
0.003602316
0.9775717
0.02560409
0.4817877
0.9815343
0.5007998
0.02858706
0.9980177
0.9976649
0.03146911
0.9645383
0.505339
0.06159179
0.9914916
0.005244935
0.036198
0.5246818
0.9865072
0.04892086
0.008713979
0.4682155
0.9619317
0.4962701
0.000496288
0.02181577
0.05422759
0.5350772
0.02033923
0.4656455
0.5167362
0.4862427
0.9799622
0.5017288
0.004623931
0.9695857
0.9438585
0.9524947
0.03729551
0.9810097
0.9960347
0.5294632
0.9810054
0.00712736
0.9797591
0.4773962
0.01527268
0.9688476
0.9788704
0.9891381
0.4857557
0.9910669
0.4945309
0.006061865
0.5370751
0.4984721
0.9731119
0.9885556
0.4713525
0.4097356
0.03855117
0.003507885
0.01706728
0.9648259
0.5453269
0.9313164
0.020065
0.06525039
0.9978073
0.04372143
0.4501371
0.01204882
0.5221865
0.5243304
0.5686656
0.4971815
0.5352472
0.5222709
0.4501399
0.9742656
0.01318106
0.9628961
0.9459209
0.9947944
0.5373335
0.07036966
0.99998
0.03728224
0.02239704
0.4753695
0.5343229
0.5025556
0.9729682
0.5187404
0.01820163
0.538361
0.9257285
0.5097493
0.5148985
0.4906286
0.9636592
0.9648799
0.4664336
0.02216228
0.9700048
0.9943974
0.4937695
0.002019354
0.0373281
0.4830484
0.03720326
0.5597164
0.518763
0.00423342
0.4838631
0.9651385
0.04861254
0.9794018
0.001829389
0.4600073
0.02797584
0.9712003
0.9820952
0.007984895
0.4798439
0.03746716
0.06303503
0.5121922
0.01984903
0.4883895
0.5152874
0.4737685
0.4819815
0.9820584
0.01516053
0.9805638
0.01190213
0.4684639
0.5387358
0.9924638
0.9554492
0.5486318
0.03799437
0.9614043
0.9757002
0.474616
0.4805365
0.468766
0.485563
0.9789864
0.9771153
0.9724315
0.9741927
0.9913261
0.540691
0.5326742
0.01219251
0.9873553
0.9952246
0.9740714
0.4500066
0.9721472
0.02725303
0.01130285
0.01411193
0.01608189
0.04360566
0.4661389
0.005575741
0.03218754
0.03552971
0.01166149
0.9775879
0.9974379
0.9375228
0.9602865
0.9909902
0.9951826
0.006268136
0.9716495
0.5465927
0.04951325
0.9808343
0.4903813
0.4728782
0.9802
0.5045353
0.9427875
0.5633524
0.9362477
0.02676222
0.4759455
0.9801202
0.01072703
0.02376632
0.9844425
0.4917467
0.005896014
0.4981539
0.007832305
0.01191536
0.9777288
0.9686544
0.530951
0.9955463
0.02680298
0.9870862
0.9953054
0.9732967
0.4267728
0.003790492
0.01526787
0.9500275
0.02496239
0.9756777
0.971409
0.02963596
0.02275053
0.02604399
0.4858258
0.4666479
0.0405015
0.01681551
0.9841579
0.06824897
0.03214404
0.0756837
0.01474182
0.01197196
0.01220964
0.001524043
0.4868101
0.9800947
0.01294761
0.4329539
0.03203576
0.0200364
0.6795734
0.02555737
0.9878991
0.9327002
0.0137862
0.9835911
0.9846788
0.4038223
0.02615509
0.3959728
0.9679247
0.02056727
0.6455135
0.01645086
0.03690203
0.01249955
0.388346
0.996927
0.00708245
0.008818551
0.633963
0.421358
0.002632825
0.6394854
0.3594652
0.6315836
0.01542938
0.01057388
0.979329
0.6256599
0.6199728
0.9271041
0.01985553
0.979858
0.9848222
0.606374
0.9960288
0.39738
0.4044964
0.399064
0.9882384
0.967301
0.06480297
0.9628612
0.02586299
0.610061
0.4376889
0.4387139
0.01798319
0.3642385
0.6340399
0.5928469
0.6396288
0.05168761
0.9891404
0.9789663
0.0240069
0.3889743
0.009934941
0.9839277
0.399769
0.03954742
0.005757868
0.3916279
0.9604772
0.01751469
0.04597165
0.3651266
0.4630127
0.4002252
0.9895868
0.0005938883
0.9669252
0.5861385
0.6104195
0.4099142
0.4087074
0.9982465
0.5949864
0.009016093
0.5892004
0.5828731
0.01119855
0.01366351
0.6264261
0.9765347
0.413028
0.4389459
0.5899347
0.4218098
0.00226839
0.1126688
0.5403364
0.02042246
0.9726827
0.001773806
0.9920104
0.4380286
0.9841036
0.610758
0.4060113
0.01418543
0.4343989
0.06510402
0.5754457
0.9697626
0.580105
0.5967526
0.9952335
0.4039218
0.00253446
0.05082167
0.4272496
0.6385301
0.9472998
0.9875307
0.438943
0.5139292
0.6247797
0.6215143
0.02050655
0.5657312
0.9825222
0.6208281
0.3895426
0.6115545
0.4087731
0.0006341096
0.4118286
0.3390608
0.9971657
0.04665031
0.04766264
0.4114391
0.6030673
0.991244
0.6057072
0.3923466
0.04613292
0.4078986
0.5740514
0.4198676
0.9884811
0.02872354
0.02900228
0.3907564
0.9426072
0.001136057
0.006291665
0.6165695
0.551168
0.0101452
0.598379
0.5994669
0.4257357
0.4241188
0.6142408
0.9880509
0.3619612
0.3761002
0.5902037
0.3812749
0.568412
0.9458399
0.9761714
0.6166097
0.5920004
0.6053842
0.3436762
0.9908143
0.01391731
0.6267669
0.005801969
0.4241962
0.976313
0.9628458
0.4213174
0.9377513
0.3773163
0.01815127
0.396187
0.58093
0.9898143
0.3823093
0.9812126
0.6070063
0.3709472
0.967673
0.5614078
0.9914159
0.9530931
0.03646777
0.3759292
0.3674277
0.03345177
0.9660762
0.9858767
0.3805991
0.3670434
0.6339709
0.9930162
0.02499543
0.600606
0.4534063
0.0237431
0.3987305
0.6298808
0.9510262
0.3916245
0.4209083
0.9509185
0.9132102
0.632732
0.03640512
0.008017694
0.02337182
0.03376653
0.5943565
0.9706986
0.01092767
0.9940866
0.6007719
0.6242501
0.9744723
9.16623e-05
0.9916722
0.6338877
0.9878746
0.4171266
0.01808608
0.02384303
0.01095526
0.5215689
0.9709496
0.4137323
0.9820213
0.6304133
0.6174365
0.0238002
0.01234629
0.6109652
0.5716811
0.5221583
0.4335476
0.6002086
0.6180623
0.4250318
0.985441
0.01268069
0.3407856
0.6565582
0.5429427
0.5794426
0.5641742
0.4068071
0.9881408
0.4302796
0.9840045
0.5625286
0.4424415
0.9664164
0.02943483
0.03389122
0.9714809
0.5868691
0.9790772
0.00747012
0.9565058
0.03730083
0.005076355
0.4622028
0.4312979
0.989409
0.6308445
0.989179
0.4022666
0.9993337
0.98049
0.02087274
0.9880121
0.01693339
0.9767176
0.6061177
0.03646022
0.9413281
0.01435989
0.6485559
0.4033592
0.6580143
0.6258806
0.5273564
0.05351049
0.005646828
0.4319689
0.9417394
0.9719273
0.584612
0.07506079
0.05432709
0.6163597
0.5444862
0.04269732
0.002813169
0.9961994
0.3783014
0.5795087
0.001515052
0.3811124
0.9684751
0.6022368
0.03060823
0.01491561
0.4490236
0.9520009
0.528268
0.6323041
0.3784017
0.9658634
0.5548962
0.9744562
0.646439
0.005627851
0.396108
0.3967656
0.9850809
0.4191171
0.01531769
0.5934212
0.5677157
0.9575308
0.9840671
0.6194103
0.01328176
0.587785
0.361598
0.02087281
0.9774549
0.3597889
0.9782097
0.03547635
0.9587073
0.611686
0.9746652
0.001790643
0.979793
0.6036858
0.3967794
0.9994359
0.9992164
0.008842709
0.5856222
0.5493214
0.3396246
0.3566632
0.5791244
0.3963475
0.5931474
0.958202
0.4301415
0.6621827
0.3985874
0.6054248
0.6156768
0.005902318
0.4334481
0.9554427
0.6352894
0.6009111
0.4316355
0.9989456
0.9855596
0.9833722
0.3931535
0.02223518
0.4038499
0.5705421
0.4478503
0.019335
0.9866667
0.02167743
0.03950045
0.638685
0.3471217
0.5231614
0.02372992
0.5954504
0.9480283
0.61237
0.0131017
0.6125914
0.01269292
0.9728154
0.4177537
0.9891754
0.3743225
0.0188514
0.4177667
0.3848734
0.5696468
0.02277055
0.9965052
0.3588114
0.02537305
0.4285554
0.6236577
0.4556728
0.9877105
0.6335428
0.3669107
0.5971996
0.003983071
0.3895732
0.4075687
0.4372609
0.9786304
0.9834975
0.9894604
0.402808
0.6029693
0.4029141
0.000891615
0.6310291
0.002131244
0.3900307
0.9819425
0.03602545
0.9385551
0.5849823
0.384138
0.3821795
0.02764163
0.006812481
0.01873124
0.3539598
0.4169191
0.006627729
0.4246775
0.5400412
0.9473817
0.4245495
0.3779392
0.9881163
0.9944292
0.01429735
0.02769496
0.03621328
0.000364261
0.9890958
0.619927
0.9520866
0.3734166
0.6175187
0.6204171
0.05370057
0.01274459
0.975162
0.3827383
0.9375312
0.9898019
0.4289966
0.3902878
0.9600613
0.5988068
0.9271042
0.03282355
0.9950711
0.9592076
0.5869657
0.009712709
0.581891
0.9730163
0.9741562
0.9690149
0.4224515
0.3497869
0.634373
0.04627283
0.4194345
0.9808889
0.4037158
0.6173125
0.002629924
0.3982341
0.610263
0.0252126
0.477498
0.02137001
0.5827766
0.0158401
0.9656274
0.3999155
0.9989632
0.007950222
0.6061263
0.3750581
