0.4149027
0.6029861
0.3715382
0.5255106
0.2056028
0.3514403
0.9563534
0.9744488
0.5932937
0.6004642
0.8092166
0.6679209
0.9952328
0.4125771
0.5774424
0.2007386
0.8310063
0.5881362
0.01604522
0.233603
0.7526522
0.004946433
0.4149034
0.02374416
0.5907331
0.9691959
0.7961508
0.6580304
0.9578508
0.02009772
0.02447653
0.9593757
0.8135037
0.2619428
0.3911946
0.2057843
0.3591245
0.3897642
0.2130987
0.4296503
0.01595699
0.7958668
0.9821942
0.9649094
0.8117979
0.8250768
0.03121812
0.007384356
0.1988861
0.1890166
0.2069345
0.452268
0.9536927
0.7941156
0.2329125
0.8521609
0.5874036
0.8022329
0.008832182
0.8207747
0.1311289
0.2240881
0.7909682
0.6336285
0.6102374
0.01162696
0.2048303
0.5741557
0.2140545
0.1597141
0.2076981
0.4501985
0.9610975
0.8148792
0.7973443
0.9056329
0.9715055
0.2423476
0.576503
0.005800024
0.4477836
0.6283968
0.6528404
0.615258
0.2569512
0.4318935
0.7708855
0.8289208
0.6115031
0.6625624
0.1783386
0.2186209
0.6678457
0.4242087
0.1476966
0.4147712
0.2060854
0.9978269
0.9969259
0.5471717
0.3723587
0.8090054
0.9781264
0.4314452
0.201532
0.410604
0.9843663
0.984384
0.007034127
0.01978855
0.1590265
0.8411843
0.8293615
0.60029
0.1855004
0.9800758
0.03319014
0.1446606
0.8038439
0.2329472
0.8302745
0.20079
0.02725341
0.03241167
0.2335803
0.03289757
0.02967824
0.8485478
0.005652632
0.3666623
0.01675242
0.2186061
0.02634095
0.9802229
0.9906408
0.7542165
0.7794065
0.1664486
0.8058199
0.3691184
0.9529671
0.05360517
0.3520241
0.580011
0.8663599
0.2158127
0.4024939
0.05306658
0.3969408
0.7679988
0.01266766
0.02091869
0.9704681
0.8198686
0.4189096
0.580948
0.4059077
0.4100231
0.5937836
0.003650441
0.04136689
0.4298548
0.3898632
0.9936078
0.6458297
0.3743773
0.6296225
0.02621539
0.3954378
0.228151
0.5830977
0.5992219
0.9780022
0.4149823
0.6022718
0.9816498
0.1551712
0.9542611
0.4028398
0.7793624
0.9985795
0.8353169
0.9952093
0.5701416
0.7748133
0.1431047
0.3421274
0.5615533
0.7399313
0.5991016
0.2335867
0.8004506
0.201948
0.6202534
0.9548363
0.1749616
0.9740881
0.9770625
0.04771896
0.8308076
0.0556758
0.005237085
0.8234489
0.3992547
0.02812833
0.7808612
0.0513511
0.02529686
0.6226054
0.8126687
0.01782489
0.4589484
0.3719967
0.9911199
0.1837533
0.9612499
0.7893441
0.9951317
0.9851019
0.4449368
0.3716168
0.3478445
0.00282954
0.6308027
0.9972253
0.4065192
0.2048634
0.5682712
0.2100394
0.7550706
0.009224227
0.3833277
0.9583278
0.2090393
0.7591748
0.6272844
0.2266019
0.1765104
0.4298523
0.391431
0.5911293
0.2276916
0.2246148
0.7787964
0.9998067
0.7865991
0.6121969
0.4081814
0.0292071
0.5971938
0.8535735
0.3790454
0.3837102
0.7483
0.4083267
0.4177526
0.2182535
0.161228
0.9739086
0.06896961
0.3718079
0.3720164
0.1952743
0.2010344
0.001579552
0.988216
0.4579817
0.8385601
0.7826651
0.2217496
0.9267834
0.9967623
0.02163776
0.6035824
0.9818462
0.9814315
0.4143097
0.1509736
0.9512387
0.7639269
0.545842
0.2372533
0.01094968
0.234486
0.3782534
0.2117309
0.197355
0.9909046
0.6244404
0.6474205
0.3767339
0.6070901
0.3753329
0.9638367
0.4127961
0.9489316
0.615319
0.9690414
0.1699177
0.01016505
0.1523773
0.8129223
0.9588376
0.621243
0.05351431
0.3743002
0.4043908
0.5860251
0.8236241
0.3842711
0.6304037
0.614231
0.007081262
0.4271003
0.01038133
0.8398939
0.2024351
0.1709646
0.3495583
0.8490969
0.5363364
0.6636019
0.8175326
0.05379882
0.02170488
0.5927285
0.9839896
0.3979215
0.1946339
0.7543635
0.8232019
0.603063
0.7674167
0.3526415
0.2066273
0.5888441
0.3925769
0.9820541
0.9966486
0.7604941
0.000375376
0.3838935
0.2381402
0.1797818
0.9860688
0.0008238976
0.8037025
0.3627756
0.3580017
0.6377173
0.0285205
0.5610867
0.5995957
0.9954383
0.7644499
0.9857884
0.228911
0.7847486
0.587208
0.24788
0.4574936
0.7584129
0.7827857
0.999797
0.9738351
0.9659966
0.02190631
0.1878129
0.4484696
0.9808223
0.5771639
0.01767616
0.8424386
0.221975
0.002791239
0.3741
0.980632
0.990372
0.2197278
0.03671611
0.7482845
0.1926953
0.2312768
0.9844762
0.9829619
0.3941806
0.371998
0.158875
0.9789589
0.1465836
0.7611764
0.667439
0.02264584
0.01584117
0.7726652
0.02294832
0.008382605
0.5750138
0.5381219
0.7640794
0.421464
0.02512658
0.6066349
0.7713451
0.8124408
0.5975017
0.03759827
0.03843194
0.2043142
0.7553808
0.150282
0.4069505
0.9992679
0.1742496
0.5953594
0.5843958
0.3968876
0.8133051
0.4086812
0.02653145
0.962947
0.590067
0.6110971
0.06364806
0.7832126
0.5863817
0.998632
0.1476164
0.1999919
0.7547246
0.9971284
0.9997315
0.7968412
0.002903475
0.01069672
0.7702389
0.404018
0.5620287
0.7998922
0.2275963
0.0365797
0.4012736
0.4446117
0.7660399
0.585772
0.2180721
0.374462
0.9697187
0.01578182
0.7738556
0.0005075819
0.985393
0.9779454
0.8330072
0.3785475
0.2065826
0.1585868
0.9879299
0.02383771
0.9697725
0.4505405
0.2574011
0.385596
0.5785076
0.8270189
0.3686997
0.5647712
0.9900662
0.9747531
0.4020117
0.02615115
0.7886342
0.37738
0.6071716
0.9666613
0.9943889
0.7607436
0.4201756
0.7376567
0.9984268
0.8457381
0.995382
0.002523513
0.5679554
0.02263252
0.7744702
0.04832578
0.1952049
0.7802415
0.5722248
0.02570397
0.04242032
0.4055586
0.008137768
0.409647
0.01615072
0.8319876
0.6176013
0.1719783
0.4511007
0.1815545
0.2032741
0.6128752
0.9910699
0.9487786
0.9831574
0.05910688
0.6147141
0.998278
0.6565548
0.6401241
0.980602
0.4096471
0.1741302
0.1898026
0.1660281
0.559383
0.02535179
0.2043948
0.005512147
0.3901583
0.6004642
0.4062125
0.4114088
0.04904019
0.04263411
0.04878352
0.6268077
0.006638094
0.8021254
0.9828466
0.4148734
0.5922312
0.4115778
0.3935306
0.8273482
0.1827783
0.9984071
0.2109267
0.03373019
0.05386273
0.9981003
0.3625541
0.569934
0.4077659
0.179245
0.3792459
0.4123977
0.5915211
0.5603091
0.5627566
0.7639897
0.374195
0.1922982
0.6060872
0.9803492
0.03241093
0.235351
0.2113375
0.3829908
0.005266962
0.9663601
0.9932075
0.5588278
0.004167006
0.8193469
0.6098076
0.578668
0.7687268
0.8089117
0.594728
0.6038682
0.007884849
0.7906248
0.9503015
0.002180019
0.005437299
0.7766977
0.7696609
0.9963343
0.4621594
0.01035576
0.02948349
0.3830906
0.802962
0.176377
0.9824663
0.979047
0.412532
0.592029
0.2080497
0.7856961
0.5701522
0.8646324
0.5835826
0.9871236
0.2027029
0.8120537
0.986603
0.6190457
0.3967753
0.9944966
0.5800732
0.01196726
0.7817636
0.6131247
0.3964192
0.7746169
0.9916749
0.9594355
0.00274235
0.1938248
0.8079498
0.0196048
0.2240865
0.5925915
0.9826999
0.7708513
0.03328952
0.05196413
0.9449733
0.9950656
0.7861847
0.3979409
0.786314
0.5744415
0.03940784
0.4335923
0.6137804
0.9449197
0.9959319
0.7897074
0.03516085
0.02373016
0.05254565
0.9235762
0.1907961
0.9746402
0.9928759
0.04430543
0.6173726
0.991709
0.01255049
0.2247876
0.3748146
0.5830352
0.5302962
0.4016296
0.2144115
0.04653587
0.9872496
0.005057099
0.3914912
0.006049844
0.1846042
0.9872197
0.8352304
0.424536
0.7865761
0.4431223
0.02968339
0.9688274
0.5805201
0.2168623
0.401467
0.9543364
0.1974912
0.3823505
0.9905214
0.8290764
0.1824453
0.1980748
0.7715986
0.007239674
0.7691757
0.9990384
0.5689502
0.3982064
0.01500933
0.03148839
0.01225838
0.9870073
0.812072
0.004722885
0.615385
0.3539729
0.9734881
0.2498026
0.2102939
0.3584027
0.2104674
0.6071353
0.6537104
0.222139
0.2419242
0.3696945
0.6134857
0.06725999
0.991316
0.5895389
0.3913448
0.3997391
0.7748387
0.01973798
0.5695441
0.9828084
0.5977242
0.03211292
0.6295624
0.5860173
0.6514025
0.005771198
0.4036287
0.8304794
0.2008664
0.02634536
0.8168645
0.01692233
0.3910978
0.4310866
0.004239717
0.4235228
0.6573808
0.7507572
0.9942456
0.009445092
0.2004883
0.04209371
0.1971784
0.4059229
0.7946642
0.6429684
0.4292692
0.1692225
0.4480575
0.006711704
0.01231294
0.8109414
0.3812097
0.9646223
0.4489722
0.4133807
0.2276515
0.0007732508
0.01660319
0.8131147
0.2046702
0.5612757
0.8362546
0.7513526
0.9649248
0.5688197
0.227162
0.1610545
0.9934097
0.01860397
0.7876334
0.9963741
0.002616875
0.2148936
0.9691455
0.9768991
0.1952026
0.5829447
0.997958
0.5876287
0.8189444
0.5454387
0.7882052
0.9618852
0.8040948
0.3978405
0.585153
0.6389621
0.4000416
0.9724671
0.8668327
0.03129798
0.7691724
0.628148
0.01469919
0.9321074
0.01145053
0.7875047
0.3660101
0.8327772
0.3838391
0.6186565
0.9497172
0.1781858
0.4100986
0.8451482
0.5623028
0.1482238
0.02776359
0.8036083
0.9795966
0.4181124
0.9913254
0.6074785
0.1864927
0.1995382
0.0005932649
0.9950789
0.2461378
0.9718986
0.004333998
0.04210775
0.8280731
0.2068995
0.9170276
0.2301843
0.6725671
0.2030119
0.8004003
0.2519414
0.579814
0.2316394
0.6384616
0.8419113
0.5531377
0.400078
0.9861113
0.2149786
0.4138689
0.1956056
0.5658034
0.1743534
0.006642936
0.1934821
0.4133959
0.4017928
0.1985516
0.003550066
0.1555812
0.02204679
0.5981617
0.9732449
0.1932843
0.9738681
0.9526474
0.9749469
0.8289945
0.01125281
0.6259275
0.9991267
0.2104165
0.3749017
0.9737246
0.9784767
0.7884289
0.8518969
0.02060492
0.1512603
0.6496132
0.8581922
0.763505
0.1555313
0.007468893
0.2050385
0.7806087
0.8236865
0.3315428
0.8456845
0.002863211
0.5743025
0.8195175
0.01855905
0.9792846
0.1532294
0.135136
0.03991903
0.0343608
0.7802318
0.5958006
0.6290216
0.4238325
0.6146024
0.396677
0.8113889
0.3879716
0.03096719
0.0119098
0.6202552
0.8191362
0.2059474
0.2076015
0.7843454
0.5909235
0.9463229
0.04031324
0.5800613
0.3921368
0.3884056
0.9592123
0.6164081
0.9725933
0.9728501
0.8039531
0.8055677
0.9351696
0.973871
0.5249825
0.9927113
0.5405184
0.5271982
0.002164642
0.4587983
0.029927
0.4933314
0.4715742
0.9924769
0.02458157
0.008402988
0.01802117
0.5167513
0.0001414715
0.9962744
0.9410673
0.05369274
0.02537454
0.04973871
0.9906224
0.4925026
0.5898803
0.9587741
0.9882472
0.9825284
0.9768457
0.4943805
0.01921823
0.02668825
0.04025504
0.00999961
0.4875499
0.9887064
0.9770555
0.0412154
0.9685692
0.4982619
0.041921
0.008010622
0.5374615
0.4744196
0.05323261
0.04142685
0.006082318
0.9682495
0.5067469
0.4916213
0.9822849
0.9745638
0.9955158
0.4967693
0.5090565
0.0005404822
0.4905685
0.009675255
0.4675905
0.5270176
0.9861079
0.9987926
0.528076
0.008215879
0.007744139
0.4853784
0.02138211
0.9666359
0.008231711
0.4739705
0.9724523
0.5169208
0.9270338
0.04804173
0.03371553
0.6012324
0.4845993
0.5093013
0.9870907
0.009572201
0.9777867
0.004553988
0.9791208
0.9592639
0.01701425
0.4850679
0.485162
0.003128247
0.968067
0.4839705
0.4807503
0.9979247
0.05098058
0.9913307
0.997812
0.9737905
0.03448454
0.4875133
0.9849029
0.02417972
