0.9928388
0.9917829
0.4626207
0.4696963
0.04888559
0.4930335
0.005077742
0.009477847
0.02823744
0.001315233
0.4893568
0.0004131265
0.9937497
0.4950781
0.4983252
0.5399473
0.9793672
0.9959214
0.9855682
0.9789015
0.001610042
0.9838295
0.515253
0.9753402
0.009493921
0.02318759
0.9715543
0.9604784
0.01730379
0.4932528
0.4948836
0.9836895
0.03564889
0.5036152
0.4665145
0.03875995
0.9553373
0.9777129
0.4652876
0.4836408
0.02064327
0.9758495
0.9952045
0.001370581
0.9876057
0.5021852
0.02248614
0.9474455
0.9873611
0.08058366
0.5458844
0.9815989
0.5238904
0.002263619
0.001832717
0.4928942
0.5458647
0.03438285
0.4180798
0.03391141
0.9610747
0.9991763
0.01144808
0.509125
0.007495888
0.9876176
0.9593072
0.9691109
0.02359996
0.441979
0.963913
0.03489672
0.01001162
0.9636246
0.5329913
0.01339484
0.9673988
0.4812092
0.9576397
0.08473057
0.9571825
0.9964963
0.03671643
0.5036969
0.9789828
0.03085426
0.003553161
0.9635604
0.01751727
0.4863324
0.459445
0.5450669
0.003517256
0.4951376
0.02221468
0.5163052
0.5236142
0.4608903
0.9988367
0.5643985
0.01012034
0.0353087
0.02157639
0.05391223
0.04790029
0.04815985
0.03893786
0.002808432
0.02621115
0.06194809
0.01072555
0.002967109
0.04858695
0.04984856
0.01029737
0.01472739
0.01463076
0.009900257
0.009728896
0.07841131
0.02490609
0.05805466
0.04520356
0.02461061
0.03416164
0.001253308
0.02383764
0.07833847
0.005821442
0.04165069
0.01290662
0.001555699
0.02176999
0.02736844
0.036685
0.02673934
0.0265838
0.02121278
0.08933262
0.03723397
0.03195082
0.02719382
0.008575963
0.01295554
0.02183667
0.04860616
0.02322214
0.01698999
0.04040893
0.0218295
0.02095694
0.003618001
0.00642537
0.01760937
0.004641095
0.05406924
0.02948917
0.02051746
0.03668535
0.03051659
0.00577996
0.04157454
0.01560603
0.03949597
0.02216732
0.03187844
0.004322115
0.008957801
0.006833911
0.0245963
0.02269709
0.01789849
0.04607154
0.01703175
0.0141371
0.01692015
0.01674167
0.02066929
0.02245891
0.07884939
0.03950458
0.03455926
0.0214891
0.0298119
0.024667
0.01807876
0.01570299
0.0176576
0.02266707
0.01628538
0.01435025
0.03229489
0.003072383
0.008388237
0.05063599
0.01792036
0.04374361
0.05872073
0.01335372
0.0005820642
0.0444434
0.005172789
0.01949604
0.01502717
0.02797673
0.005450166
0.02007273
0.02962236
0.007737981
0.02818511
0.06346298
0.04296405
0.005591937
0.008430445
0.0497865
0.04646595
0.01574801
0.009467904
0.02313232
0.02114105
0.0383082
0.06351823
0.03859153
0.02441529
0.02694271
0.01133095
0.02394935
0.004078087
0.05582378
0.03196689
0.03106764
0.02478764
0.004684737
0.007950628
0.01570296
0.01530191
0.04171049
0.04252982
0.02869582
0.02273443
0.0005873984
0.0606223
0.0628622
0.06909477
0.001587036
0.006187255
0.05722289
0.01705378
0.06597374
0.01323544
0.02091123
0.03918959
0.005567308
0.01231696
0.02666216
0.01824428
0.02426726
0.03331982
0.01609787
0.02521649
0.02220386
0.003468956
0.009922434
0.0259392
0.04030806
0.006437677
0.05859814
0.0500452
0.005925061
0.02375846
0.02479459
0.05587163
0.02510505
0.02024895
0.02781203
0.02009011
0.02530695
0.03241022
0.02035775
0.01070632
0.01467007
0.02233479
0.0147632
0.02133211
0.03214114
0.004199587
0.03326212
0.00980983
0.02609568
0.01415875
0.009287908
0.0008772166
0.03507908
0.04258359
0.03181273
0.009347596
0.004467187
0.01263812
0.01381727
0.003902189
0.007268095
0.01283302
0.03458196
0.02164213
0.04382568
0.00370016
0.04424433
0.0005014161
0.01840143
0.03785827
0.01948141
0.004109677
0.01177593
0.03982535
0.03007635
0.03107698
0.0141319
0.02385431
0.002170479
0.03195214
0.01862363
0.03235066
0.01666391
0.03351782
0.05665191
0.05691363
0.03472431
0.03915661
0.05330296
0.01100166
0.01706575
0.008302158
0.03505712
0.01169068
0.009915664
0.01125725
0.02764837
0.0080599
0.01586629
0.05791218
0.02869459
0.01746136
0.01512852
0.02232794
0.01789517
0.00713778
0.017459
0.020152
0.02337566
0.0126609
0.03617563
0.01673198
0.008626014
0.01981318
0.03004792
0.004724802
0.007443176
0.02614936
0.01302617
0.008138642
0.06720307
0.006925129
0.01696918
0.04985685
0.0065023
0.01034759
0.004190528
0.0006104697
0.01204259
0.007171333
0.02208271
0.04173781
0.001352287
0.02348706
0.01020626
0.01843776
0.04705087
0.0307827
0.04253046
0.01725492
0.01691052
0.02690941
0.0115402
0.06862554
0.01659038
0.03512843
0.01153196
0.0005168974
0.06007555
0.003428756
0.02719992
0.02049977
0.02667648
0.007376473
0.009291284
0.009698343
0.01727564
0.003316681
0.005724835
0.0212482
0.01105255
0.0006988956
0.02557567
0.01170091
0.009782949
0.03623329
0.01123695
0.005781453
0.04037485
0.01551818
0.00381389
0.000551843
0.03280328
0.01910829
0.05095777
0.02387391
0.04080241
0.03762196
0.003827576
0.01990828
0.03254085
0.02229096
0.03355494
0.0154885
0.01643005
0.01983227
0.03884709
0.01625793
0.06473485
0.01597092
0.002619583
0.03963549
0.004829036
0.04447233
0.02939491
0.006620263
0.02074356
0.05316906
0.03371759
0.01839391
0.001111927
0.004722976
0.02774405
0.0003730471
0.05644652
0.03225681
0.004985675
0.008020193
0.05883685
0.04263079
0.01604156
0.01043349
0.0007394846
0.0005305648
0.01043375
0.02720314
0.02640007
0.02364118
0.005462227
0.01723056
0.05459768
0.0166062
0.0004507339
0.0136735
0.002571552
0.000271896
0.0182204
0.009087392
0.01513855
0.006228429
0.06463257
0.04251668
0.01618881
0.01721841
0.03656155
0.02029494
0.02553475
0.007757554
0.0136176
0.006164813
0.06016395
0.00986654
0.02257147
0.01219018
0.002038617
0.006842607
0.007930329
0.02655547
0.0273386
0.01161271
0.02950373
0.04245167
0.001550407
0.08323526
0.03798887
0.023562
0.01026999
0.03041837
0.04158122
0.05779732
0.02773833
0.04110795
0.012685
0.04362399
0.008143237
0.008337852
0.01954359
0.005907653
0.0007562404
0.01231091
0.005631215
0.05585035
0.05751773
0.003666455
0.04061763
0.01587032
0.002183537
0.0154841
0.06713668
0.01249841
0.001838575
0.04694965
0.01781116
0.02353852
0.01357165
0.02509559
0.03118051
0.03479488
0.006860409
0.05090367
0.003141004
0.004890315
0.03803035
0.03767845
0.02937461
0.01921057
0.1283872
0.01442474
0.02961007
0.08388759
0.03085708
0.0514706
0.05664627
0.05403455
0.01606893
0.005619828
0.01021981
0.06188797
0.0008449797
0.008818568
0.01030603
0.003914717
0.01202358
0.02477271
0.0160746
0.01847292
0.04690651
0.01507318
0.03550026
0.01382183
0.02116878
0.0007260329
0.02251899
0.024334
0.02149336
0.001925709
0.01136303
0.04194809
0.03052381
0.01243187
0.05619382
0.02946183
0.01297557
0.05448435
0.00899314
0.02850441
0.02655236
0.02164768
0.00255095
0.02254413
0.07404755
0.002970099
0.0004229146
0.03216713
0.002516953
0.004516524
0.001595108
0.008654154
0.02235969
0.01562332
0.02183603
0.01672037
0.008309631
0.02571576
0.01166498
0.07417417
0.03320726
0.001708659
0.02348188
0.009014446
0.003113009
0.007788418
0.0009855887
0.0682482
0.01321797
0.04992058
0.01968164
0.0320044
0.03656314
0.01471162
0.005911087
0.002079389
0.009357826
0.06143001
0.02331573
0.007347714
0.01353286
0.003303101
0.005621551
0.01563202
0.02612434
0.02660579
0.01491104
0.0172875
0.01122385
0.07189205
0.02359567
0.09549738
0.08530515
0.02547487
0.02503029
0.01245883
0.04176491
0.01702497
0.03217255
0.07797936
0.01454094
0.02454854
0.01354822
0.005856506
0.003912475
0.0196753
0.01882531
0.0330533
0.05233689
0.01608698
0.01766918
0.07343364
0.01846534
0.02071361
0.03791866
0.01052163
0.03058174
0.03844875
0.008051537
0.01361397
0.05147018
0.01348381
0.01949589
0.01278439
0.01181386
0.005107026
0.04113685
0.02987319
0.01552173
0.02126634
0.03669519
0.03874008
0.005377286
0.04209529
0.008400633
0.02550256
0.02462169
0.01752434
0.02317579
0.01055913
0.02144306
0.002949348
0.007465543
0.01595789
0.02273334
0.003061717
0.01399151
0.0520832
0.05894944
0.03389318
0.004326556
0.03756265
0.01188803
0.003066919
0.01279641
0.01448545
0.005345249
0.006289632
0.02628857
0.009211951
0.01272923
0.03581582
0.006368824
0.01812046
0.03311733
0.05681255
0.002892841
0.0009831727
0.03819192
0.009836928
0.06640062
0.009560674
0.06225835
0.02455486
0.009067693
0.01972499
0.01986128
0.0107741
0.02564799
0.01839572
0.01890601
0.004533272
0.002787393
0.04488876
0.01801193
0.01058054
0.01035151
0.0223022
0.001575956
0.02578354
0.02499189
0.006949093
0.01997744
0.02036927
0.004422467
0.01862808
0.02820471
0.01216388
0.01651565
0.01600001
0.003256247
0.00404133
0.02098246
0.02379944
0.001794886
0.005817042
0.006519982
0.01631636
0.02023464
0.04907122
0.0417144
0.03093014
0.03092525
0.05597502
0.007854711
0.02988553
0.0009463863
0.009338198
0.01128831
0.001575835
0.01553013
0.005403651
0.009592376
0.04274279
0.001339576
0.03266891
0.01920218
0.06111808
0.004550626
0.02103585
0.01234822
0.0292493
0.04739919
0.017246
0.008775304
0.01257525
0.01721777
0.03117253
0.03627452
0.05039817
0.01490957
0.01682618
0.009758073
0.0505206
0.01701027
0.002181994
0.0128259
0.05627216
0.003870454
0.03903472
0.005420374
0.01695941
0.02803666
0.007449265
0.009465335
0.0282523
0.01436377
0.00141153
0.04708719
0.01477951
0.004336228
0.02462994
0.004109158
0.04638148
0.02218751
0.01421509
0.03044274
0.03208027
0.0106121
0.006909104
0.007985844
0.02151522
0.008244138
0.0566733
0.009226408
0.05936046
0.0174408
0.01999246
0.04259254
0.01327695
0.02714637
0.01633505
0.006739942
0.01058159
0.0274176
0.003916379
0.03539649
0.01987677
0.003667205
0.007632174
0.04902821
0.04146906
0.004776477
0.02796765
0.02071184
0.04082858
0.03429946
0.02503279
0.03871562
0.00430563
0.03009543
0.02659392
0.0024539
0.008864693
0.01032072
0.00838979
0.02104068
0.0004136955
0.00190689
0.07069558
0.02192387
0.02435216
0.009293858
0.02621352
0.0004694984
0.02171013
0.02687516
0.001883554
0.04833239
0.000926788
0.005585404
0.001554844
0.002239759
0.01441936
0.0139978
0.06626196
0.004080944
0.02009634
0.001478747
0.01944238
0.03486299
0.09046852
0.01394445
0.01278139
0.06613397
0.0005258126
0.02391456
0.01944367
0.02953923
0.01330719
0.02147481
0.003636364
0.02821098
0.008307886
0.03678651
0.027247
0.001354793
0.06189092
0.0466148
0.07084054
0.03541135
0.02707393
0.03254901
0.02138131
0.01972818
0.01819128
0.01189677
0.02938824
0.0145323
0.02317525
0.009188643
0.01497348
0.01951987
0.01509074
0.001199031
0.01155553
0.01764081
0.000883472
0.01105154
0.03122682
0.01884216
0.01853814
0.0009073208
0.01603316
0.006979435
0.04648565
0.01070166
0.001798832
0.04128667
0.04595292
0.02725992
0.0009175021
0.003599762
0.005312037
0.009517571
0.04885713
0.01063925
0.03963233
0.06449478
0.03838423
0.01476643
0.00144392
0.03071636
0.001206426
0.01547177
0.0002519037
0.04288603
0.0252864
0.0005104338
0.01960135
0.05854145
0.06042751
0.04536893
0.01769328
0.02433509
0.02514064
0.001184166
0.01975083
0.03719637
0.007803908
0.03499313
0.002728314
0.007153711
0.04316894
0.0008297553
0.01336572
0.0007248669
0.02508528
0.03404154
0.01288969
0.01406333
0.03522156
0.003695831
0.002071626
0.09826792
0.02497186
0.05673207
0.0226498
0.01168943
0.04267102
0.04715542
0.06410408
0.02899805
0.006647618
0.0254557
0.05527089
0.004850755
0.03095323
0.03421137
0.04564211
0.02001326
0.02535991
0.01281851
0.01169948
0.0002997662
0.02375907
0.01345218
0.02054586
0.02111418
0.01745431
0.01843179
0.01476112
0.08632295
0.04874958
0.02161782
0.01502132
0.02953964
0.01501444
0.01177776
0.05899403
0.01521191
0.04144221
0.03597085
0.04084747
