0.9587096
0.7989827
0.5940845
0.713136
0.8034323
0.3385142
0.5452536
0.5833231
0.998686
0.3777599
0.2099021
0.4178715
0.5581052
0.5750152
0.2152209
0.3939927
0.2283898
0.5382752
0.04748025
0.005194027
0.1703843
0.02852183
0.5453681
0.8398627
0.9752408
0.004987887
0.2031188
0.3868762
0.2427981
0.3711882
0.2263718
0.9812316
0.8157505
0.00536909
0.6307103
0.03734063
0.9828819
0.5577207
0.1985315
0.1542619
0.5994976
0.7553982
0.9823562
0.9612123
0.819025
0.9970307
0.2059069
0.3892614
0.8362732
0.002363956
0.1614413
0.1964386
0.8000716
0.8084646
0.02031347
0.006972419
0.2091085
0.9885944
0.6234877
0.8614724
0.7677599
0.5753902
0.816854
0.1825087
0.97175
0.3712958
0.7929564
0.7890351
0.02706865
0.9754723
0.1810762
0.3835621
0.6258731
0.594975
0.386858
0.586316
0.4099014
0.367675
0.9764922
0.05066032
0.5953025
0.1936924
0.0279122
0.02253345
0.7587348
0.8380274
0.4240361
0.636667
0.5808478
0.5912179
0.374867
0.7820828
0.2047546
0.9813068
0.003948769
0.2294467
0.390697
0.9670779
0.9917856
0.01428304
0.01419692
0.3866405
0.03535785
0.9343052
0.5960676
0.4277376
0.152947
0.2038962
0.3763274
0.166911
0.9756266
0.9857015
0.2035176
0.2062797
0.02741217
0.2014422
0.1772999
0.3456155
0.7665859
0.3760018
0.004500812
0.8304854
0.8050453
0.9842731
0.9568134
0.3931366
0.981709
0.3878848
0.1818466
0.8258084
0.7956248
0.005602114
0.2010658
0.01620166
0.5688192
0.9913193
0.5692652
0.01616312
0.006936286
0.2302564
0.801952
0.01634495
0.006059238
0.007138459
0.9905186
0.1968324
0.6308917
0.9707188
0.4228101
0.7556523
0.5874921
0.942743
0.608062
0.9775119
0.6181782
0.3943149
0.4204791
0.0359482
0.96088
0.2048907
0.3468543
0.4126356
0.02004097
0.5949375
0.9674873
0.4759874
0.1579543
0.9617053
0.3877297
0.840815
0.4157764
0.007172913
0.151038
0.2467979
0.5735683
0.1704946
0.05687031
0.7364338
0.1997543
0.7679391
0.007205953
0.4045877
0.6234875
0.03380522
0.3832549
0.1697677
0.9592087
0.7476669
0.2067506
0.5841397
0.1593104
0.6332332
0.9870116
0.4222486
0.02389198
0.9753529
0.282799
0.7716249
0.008029864
0.7770315
0.404627
0.8482442
0.01654506
0.1770092
0.3081889
0.6083954
0.3561091
0.7343736
0.7582706
0.2207038
0.00863783
0.9889752
0.01433221
0.3626743
0.3895757
0.545588
0.1682437
0.3981519
0.005174672
0.5639071
0.4249719
0.01914659
0.1383237
0.9583448
0.3610572
0.8685598
0.4109676
0.6345076
0.9255526
0.422002
0.6234664
0.9902405
0.02833716
0.7857768
0.8246829
0.9822743
0.02012906
0.8295982
0.1674558
0.6075001
0.9990197
0.6003371
0.5833274
0.1844229
0.6367969
0.7711122
0.3486927
0.9705993
0.41148
0.5561256
0.5952345
0.7720665
0.4225754
0.8459047
0.6457315
0.7498243
0.6236868
0.3733985
0.5832885
0.04112899
0.8198674
0.02270257
0.600731
0.8306255
0.01354314
0.7192825
0.6042455
0.5984349
0.9910938
0.8326089
0.9642102
0.4039107
0.3428829
0.7486751
0.6247155
0.8062549
0.00685385
0.9626571
0.7632463
0.2535841
0.3939026
0.8182681
0.4465011
0.9927238
0.03710557
0.999921
0.01988669
0.9967104
0.2042818
0.1972676
0.02426166
0.002696438
0.8095279
0.3979949
0.04656828
0.9614885
0.99934
0.9620232
0.9916852
0.007867876
0.6106248
0.2208103
0.9570688
0.1984729
0.2238716
0.5698999
0.8764386
0.3971766
0.8371157
0.1989812
0.8418692
0.4014376
0.4181639
0.3915621
0.02018785
0.00191629
0.9532915
0.4565407
0.6213333
0.6146451
0.7943345
0.6007646
0.7883776
0.8018488
0.03174916
0.4097177
0.03602748
0.5954312
0.3958621
0.1578365
0.9434732
0.6478792
0.02886896
0.6087799
0.8152578
0.829275
0.07593442
0.7723567
0.995974
0.6026131
0.8303767
0.8272983
0.1938153
0.9813436
0.1730292
0.02307695
0.0009042484
0.2081615
0.9672155
0.6304964
0.6044293
0.9731726
0.5896057
0.9910631
0.6307952
0.2231566
0.3646705
0.9827506
0.7722519
0.5673349
0.7866542
0.3673336
0.3977482
0.9975427
0.4073036
0.4142992
0.411841
0.9692741
0.7996348
0.96509
0.9907909
0.1542057
0.817187
0.9825728
0.2138449
0.402501
0.02843076
0.9388787
0.4161616
0.5700665
0.3958275
0.7871685
0.03466599
0.7695688
0.5830262
0.5787448
0.5831376
0.6340522
0.9745398
0.02811786
0.01915673
0.6237661
0.8251699
0.2299692
0.439019
0.8586949
0.2297515
0.7618434
0.8497096
0.9923421
0.9981145
0.1764013
0.1901056
0.9892024
0.3537038
0.8000016
0.42344
0.987833
0.1904375
0.9777189
0.01641577
0.584016
0.9663126
0.4190149
0.5751685
0.6078894
0.9579723
0.7890054
0.5919409
0.7710655
0.1753419
0.4205275
0.01894713
0.5827116
0.2531994
0.9722082
0.4232611
0.788135
0.7882832
0.5892971
0.03070043
0.2102928
0.7633054
0.5870562
0.2197103
0.9670636
0.3679863
0.19805
0.981312
0.2164323
0.3361736
0.1789821
0.213525
0.2368357
0.5999412
0.8060015
0.9994892
0.2196139
0.9789464
0.03190523
0.8061124
0.004476974
0.3763274
0.9857465
0.1892262
0.7709797
0.6105291
0.3553207
0.7439016
0.5852901
0.8251071
0.7844608
0.1666362
0.1527325
0.8355429
0.588534
0.5640494
0.6364184
0.9726138
0.2510771
0.4317054
0.6075633
0.1991197
0.009852187
0.1389671
0.8019184
0.006577606
0.8282536
0.4352337
0.1376288
0.5957712
0.4452044
0.02336109
0.9711912
0.9264824
0.02649167
0.3821039
0.5605434
0.1852882
0.01563514
0.995721
0.9793364
0.5441746
0.01361469
0.2388079
0.1680482
0.5947622
0.2373556
0.6290331
0.1964848
0.8069407
0.8103054
0.4169776
0.001823151
0.3401078
0.03241729
0.006946878
0.3900808
0.3993694
0.456768
0.5582924
0.843489
0.7701561
0.5523757
0.8180555
0.8098788
0.768827
0.7946043
0.2038415
0.0654157
0.03092292
0.1407865
0.1777842
0.1675855
0.9673005
0.9625254
0.5895362
0.4230048
0.6522786
0.5782941
0.6053598
0.249596
0.1738592
0.356104
0.1793333
0.9796167
0.9750698
0.4028503
0.1826803
0.4080723
5.571074e-05
0.5780615
0.7849887
0.02541394
0.7948116
0.4200862
0.003583891
0.04144321
0.9707646
0.002906727
0.805668
0.6092423
0.3983065
0.2268799
0.9598889
0.2078567
0.5750595
0.1645054
0.5600901
0.4193047
0.04960568
0.04056672
0.004675454
0.3885633
0.9874638
0.191902
0.5789586
0.02525379
0.0001832061
0.3192436
0.5388998
0.7830846
0.6436929
0.4049568
0.3967087
0.02253409
0.9910988
0.01392739
0.4155988
0.553709
0.017592
0.9912994
0.2203512
0.0330562
0.9790896
0.4084241
0.06124405
0.9597023
0.2167534
0.9398753
0.3307228
0.7990924
0.786157
0.03778591
0.5686534
0.1595027
0.02255252
0.05495328
0.5853189
0.8457581
0.1905361
0.04243764
0.9871262
0.3975427
0.7810111
0.03863316
0.748329
0.9583691
0.03487192
0.9948543
0.9649787
0.04706459
0.783165
0.9974339
0.5519605
0.9613568
0.2342727
0.4430396
0.2488156
0.4438066
0.9820633
0.8023232
0.8254575
0.1700527
0.9844628
0.4129804
0.0416498
0.9949367
0.6249364
0.4222653
0.4495457
0.01081151
0.9794922
0.2250851
0.5855765
0.9716385
0.9696678
0.8248566
0.218171
0.6552995
0.007493611
0.4079573
0.4136559
0.5884073
0.6110801
0.02910005
0.7953117
0.1956642
0.6430006
0.805146
0.591928
0.1908298
0.01808637
0.7870273
0.9345997
0.7657681
0.5754598
0.01316362
0.9936672
0.3638641
0.3722772
0.2123715
0.778991
0.2102878
0.7741012
0.4045758
0.4435441
0.6152392
0.811154
0.9774709
0.1771207
0.8127788
0.7738887
0.9505266
0.1520948
0.005178043
0.3935072
0.04981634
0.9609967
0.8051144
0.7493119
0.3702609
0.9687469
0.3419609
0.6258575
0.6391953
0.1947097
0.06104567
0.9825482
0.2219646
0.2270835
0.2132406
0.9943802
0.1322284
0.3884654
0.2156392
0.9178842
0.9819493
0.2378483
0.1931387
0.6532345
0.8657482
0.05567857
0.004704744
0.9814952
0.01545391
0.1760504
0.6135279
0.01291321
0.03030026
0.3778905
0.4160045
0.01073944
0.7909175
0.5631349
0.1743571
0.9748536
0.2409926
0.9899828
0.003942594
0.5832742
0.9645394
0.4001813
0.9916045
0.2108699
0.6381031
0.7617088
0.8151377
0.3784055
0.5782514
0.3837137
0.7908699
0.1758296
0.01669875
0.9860739
0.4240555
0.9789052
0.1787392
0.03293038
0.4054979
0.004474482
0.6114276
0.01843556
0.9758515
0.3779639
0.2621433
0.1514802
0.6211489
0.7899432
0.2105908
0.9862315
0.3790289
0.003879699
0.8076147
0.6008249
0.7948563
0.6419412
0.3773246
0.01273333
0.6118628
0.7898537
0.6079999
0.4486614
0.789086
0.5795964
0.797681
0.9622479
0.2043258
0.7636974
0.01464903
0.2089599
0.3155956
0.585529
0.009540736
0.2097528
0.5794216
0.9656391
0.1937938
0.6630822
0.9751813
0.4031271
0.02129526
0.9989867
0.9621256
0.6202847
0.5945073
0.3460694
0.7675153
0.7928874
0.008048656
0.5750158
0.01633829
0.3828745
0.04615787
0.7546105
0.7892684
0.01755109
0.03291181
0.5813443
0.4414037
0.03982649
0.9742275
0.7465665
0.02206623
0.02049997
0.9779888
0.5986281
0.1805298
0.420599
0.4044516
0.7753039
0.7872041
0.7933247
0.5793012
0.9946529
0.4241132
0.6094509
0.03753598
0.03801338
0.03755172
0.210418
0.611156
0.02239853
0.2081521
0.9771802
0.002200904
0.9825645
0.6170184
0.8099202
0.9341829
0.8021044
0.008382487
0.5762411
0.2252581
0.7551365
0.1923183
0.5949209
0.4287035
0.3895282
0.9741214
0.2561627
0.9900852
0.005122264
0.1546865
0.8395328
0.4375117
0.3655222
0.1548298
0.1723925
0.4010589
0.2117825
0.6024808
0.4105173
0.843291
0.938816
0.02141523
0.04407468
0.9399312
0.7814029
0.05961864
0.01569172
0.9911757
0.9580206
0.0267846
0.2068211
0.6056275
0.202003
0.3273948
0.9989303
0.3880032
0.968514
0.9464495
0.3814635
0.6042691
0.7837054
0.2358553
0.3609725
0.01109909
0.9879361
0.6127563
0.7423974
0.04858306
0.8695485
0.9671498
0.2179079
0.6071242
0.4135043
0.9948592
0.7884201
0.5899269
0.7878433
0.4656813
0.2366707
0.5493799
0.005326777
0.4251242
0.01415216
0.9833553
0.1687177
0.3733841
0.9654493
0.005556246
0.02280612
0.04987162
0.05090814
0.04294024
0.982348
0.9440558
0.009023236
0.02010253
0.9648638
0.01274281
0.01529028
0.992021
0.01705918
0.06475027
0.01936237
0.008402798
0.9597696
0.9422221
0.9705879
0.9755215
0.9922855
0.9517223
0.9632684
0.9597233
0.9661407
0.004643477
0.9271532
0.9737064
0.02258972
0.9392196
0.04424197
0.0003625117
0.04585011
0.03199403
0.9849529
0.9225175
0.9807786
0.9892244
0.982661
0.06518527
0.02211422
0.005360824
0.01921646
0.9442664
0.9907762
0.05302497
0.05363213
0.9653944
0.04014883
0.9614104
0.9678402
0.963563
0.9828608
0.05800018
0.9594293
0.02201741
0.00924757
0.9990996
0.002313224
0.9742867
0.005966095
0.9469369
0.01003788
0.9741902
0.9701052
0.9923897
0.03602724
0.9842892
0.03050188
0.02657618
0.9838245
0.9394066
0.02047897
0.9755049
0.004223363
0.9944285
0.9936146
0.9805093
0.9593839
0.01709392
0.07549278
0.9710323
0.9671088
0.007864808
0.01482718
0.02865951
0.0211925
0.0204861
0.01709283
0.02494297
0.008197997
0.02242036
0.02265594
0.02313628
0.9968364
0.9915218
0.9837941
0.9604041
