0.000581955
0.04291904
0.0143789
0.001638681
0.01473121
0.05619814
0.03496589
0.003627559
0.01973887
0.002316139
0.03171079
0.01375511
0.01772385
0.008948505
0.05703738
0.01042524
0.03718361
0.02374076
0.0185938
0.02193049
0.004124579
0.01323677
0.01863646
0.03121781
0.02673334
0.01562637
0.00724813
0.07002493
0.003531428
0.05269061
0.003961856
0.00557119
0.008424751
0.04025919
0.02887773
0.0349769
0.02043591
0.002933124
0.06840826
0.01265645
0.02869348
0.004505887
0.04657855
0.008711315
0.01437824
0.05432434
0.04358306
0.01410233
0.05700783
0.02686413
0.008186164
0.02660854
0.0217553
0.05256306
0.0110939
0.01619798
0.06303235
0.05261165
0.02554755
0.03106461
0.008913222
0.03411063
0.0309541
0.01897636
0.01037208
0.01176194
0.002897353
0.01840237
0.02072275
0.005198453
0.02848559
0.03468997
0.03101758
0.03378606
0.01758721
0.006615748
0.03603522
0.01612572
0.008365534
0.01521445
0.02363779
0.01465674
0.03853002
0.007530597
0.02565327
0.009711816
0.05715461
0.01797289
0.07333609
0.0003008243
0.01450081
0.02308317
0.007300065
0.08191833
0.01736005
0.04085672
0.03062105
0.011734
0.021875
0.03167499
0.5063207
0.5215419
0.4914725
0.5135834
0.506073
0.9910458
0.9579711
0.0296405
0.4907251
0.0304111
0.9477667
0.9796049
0.9939809
0.4870165
0.4814675
0.5226735
0.02856046
0.9851191
0.531593
0.9842062
0.4977496
0.4823905
0.9752948
0.4862309
0.5270511
0.00244145
0.4945033
0.0009810357
0.5212535
0.962282
0.9982579
0.507125
0.5080948
0.4786589
0.03750335
0.9897562
0.9943379
0.01614354
0.9650277
0.9933212
0.4898846
0.01561422
0.4358718
0.4736283
0.008164318
0.006906202
0.02082384
0.5065342
0.9665665
0.04666603
0.516369
0.5625933
0.04630092
0.9976549
0.4851014
0.9507903
0.473998
0.01561685
0.07059777
0.004379754
0.003347503
0.4788235
0.02023347
0.0259858
0.4567397
0.5032895
0.5105461
0.01829825
0.5375559
0.03489209
0.9952178
0.5115716
0.4811625
0.4898919
0.9985066
0.002122092
0.03136287
0.5457102
0.01302479
0.9701373
0.009887992
0.03909109
0.9550858
0.004165544
0.9788559
0.03542848
0.4653958
0.06101093
0.003842869
0.9822445
0.9740101
0.009312291
0.05838227
0.9160209
0.02542141
0.9788582
0.002033266
0.9490786
0.4922162
0.9965539
0.9842599
0.5213981
0.5249726
0.9740163
0.007913377
0.9960659
0.5168077
0.4995543
0.03014105
0.4571173
0.04453657
0.5316176
0.4306617
0.9569892
0.007442278
0.06085176
0.4595312
0.5302064
0.5460156
0.9977228
0.9823071
0.02772609
0.9281357
0.01472306
0.5155494
0.9939371
0.9356233
0.4863838
0.003108181
0.4819254
0.51775
0.04126407
0.4714419
0.9507407
0.4756653
0.5067032
0.01048242
0.5073543
0.9662947
0.01089964
0.537455
0.9801423
0.02384465
0.009292715
0.4900758
0.5306703
0.02923547
0.0197856
0.4514808
0.4647618
0.9330678
0.4983818
0.05854639
0.5198612
0.4798988
0.9764781
0.4757094
0.05813837
0.0003378718
0.5296676
0.9824318
0.5060317
0.01984908
0.9960015
0.5474467
0.52985
0.4927017
0.003103409
0.4954694
0.5302305
0.019872
0.5422512
0.5104842
0.973339
0.0263147
0.9779532
0.9989704
0.4574586
0.0172547
0.9487245
0.04046464
0.00630314
0.9827702
0.007086145
0.01044422
0.06779428
0.9912703
0.9822187
0.5368619
0.005893863
0.002610734
0.5090522
0.9391334
0.008612981
0.482565
0.03624487
0.03507584
0.03862262
0.9978979
0.5007816
0.5377278
0.497672
0.9678212
0.03572058
0.472008
0.496023
0.5234567
0.513227
0.4662964
0.9599021
0.005364793
0.9866487
0.952273
0.06741074
0.4833458
0.9937129
0.9885767
0.04015688
0.5485943
0.9940381
0.02399596
0.5270369
0.9921352
0.001558114
0.9667095
0.500281
0.4805193
0.007571737
0.02112199
0.02889648
0.5138308
0.01204919
0.9836773
0.4758166
0.479421
0.5037327
0.0244523
0.9821992
0.07886914
0.9730932
0.9896851
0.02101878
0.9625565
0.5370533
0.9907308
0.03791254
0.03411032
0.5119147
0.5174762
0.003087461
0.9781023
0.05045701
0.035657
0.9790449
0.981357
0.4597326
0.003569927
0.01654135
0.02287567
0.9560267
0.9996526
0.9826135
0.5098533
0.9338361
0.009352803
0.9818341
0.5176181
0.9766172
0.96649
0.4629743
0.9474382
0.4880358
0.02079608
0.01308596
0.9616055
0.460687
0.9979328
0.9440363
0.07570929
0.03924023
0.01894902
0.5203394
0.5069557
0.5480615
0.9804339
0.9736989
0.007999808
0.9933791
0.04540771
0.01799021
0.9910877
0.4786031
0.4881898
0.005069175
0.5823697
0.02407706
0.5027222
0.4643321
0.9937361
0.002543413
0.0284443
0.4707669
0.9977154
0.5013992
0.9705744
0.5288787
0.4505622
0.9762142
0.01668103
0.5558826
0.991691
0.9920964
0.966972
0.9351051
0.04449491
0.9863552
0.5037541
0.005312279
0.5028517
0.9522413
0.9851722
0.01345335
0.02989578
0.9903181
0.0494327
0.06521679
0.4835231
0.9774925
0.0009087504
0.475911
0.5175216
0.01863893
0.9629413
0.02836062
0.9703866
0.006479224
0.02389016
0.9644527
0.9725733
0.98426
0.05096409
0.988265
0.5111305
0.4969777
0.02009852
0.9595725
0.4741726
0.0008279546
0.4944841
0.9386325
0.01907111
0.5041044
0.9724857
0.01326894
0.01956432
0.9954669
0.9750614
0.0135035
0.9951878
0.01865853
0.518472
0.5676267
0.9596269
0.9663541
0.0299374
0.00688128
0.4957731
0.9826787
0.4920701
0.04069182
0.9797801
0.5191712
0.4912507
0.0538476
0.4432622
0.002732342
0.470489
0.03336232
0.01552769
0.018806
0.03103989
0.01525285
0.9954298
0.03833007
0.5054858
0.4831129
0.03507329
0.9948462
0.5320221
0.9514649
0.4769013
0.02512212
0.9488043
0.985184
0.9815251
0.9866265
0.9949919
0.957851
0.01243234
0.5227559
0.5384236
0.4804166
0.529698
0.03944411
0.4942006
0.4518074
0.0307846
0.4598418
0.4847301
0.9864697
0.5133697
0.99825
0.006714086
0.9579169
0.9876633
0.9858811
0.4920355
0.9927959
0.01949967
0.9485246
0.07034477
0.05139077
0.4859096
0.0464087
0.4313861
0.5105349
0.5118597
0.9675869
0.9652725
0.4353316
0.5182927
0.9998107
0.9527509
0.9779059
0.9734957
0.4915638
0.0109048
0.9841016
0.9642366
0.5587074
0.9826991
0.0327639
0.9671757
0.5162771
0.4968856
0.005011066
0.01521668
0.9775666
0.9946818
0.9472631
0.9975963
0.03457857
0.002380462
0.9940888
0.0443918
0.9416548
0.97912
0.960811
0.4864568
0.4649751
0.4249703
0.03009757
0.9984723
0.5186865
0.9915343
0.4779496
0.9555063
0.5365499
0.9768914
0.4739541
0.9739347
0.9456804
0.4897647
0.07657185
0.5715419
0.0103595
0.9895934
0.03572389
0.9984482
0.5044951
0.01467365
0.0007111327
0.958487
0.04559664
0.9647224
0.4877267
0.02316448
0.4741569
0.9600655
0.0330314
0.4945541
0.00774436
0.9869555
0.5186605
0.9732144
0.5483341
0.01527797
0.479358
0.9504701
0.509227
0.0124626
0.007434541
0.01446943
0.5382302
0.4616866
0.9808958
0.9456345
0.5197462
0.5008618
0.5471104
0.9610143
0.02263029
0.04801306
0.006726894
0.967454
0.02691996
0.9644178
0.9620134
0.03299316
0.5018707
0.5264012
0.03278149
0.03163591
0.9842316
0.01191688
0.004777186
0.5092649
0.01728319
0.5229832
0.02823622
0.4721578
0.004588702
0.03114465
0.008535278
0.9930522
0.499947
0.5358102
0.4891816
0.002987214
0.5253544
0.9955593
0.04134852
0.07124005
0.9997686
0.4414494
0.5522504
0.5394256
0.9916232
0.9344561
0.01457145
0.9907229
0.5521848
0.05251074
0.9940274
0.04553217
0.02469114
0.478059
0.9675561
0.004375362
0.0041124
0.5329234
0.06100858
0.5263914
0.4983664
0.4762097
0.01549062
0.994864
0.484933
0.9854234
0.01998077
0.974721
0.04199563
0.9739496
0.01914582
8.876117e-05
0.01544794
0.5244288
0.4957071
0.05272698
0.9804002
0.5318412
0.06662055
0.9395604
0.5114516
0.02046805
0.9621902
0.01503444
0.01893081
0.4747793
0.4542563
0.9804672
0.02946245
0.9918371
0.5499203
0.4571092
0.969146
0.04181242
0.519751
0.02901941
0.01519953
0.0171057
0.0197352
0.4765999
0.05584919
0.9852259
0.01293982
0.9692428
0.5344788
0.9989525
0.9688662
0.5427546
0.4698078
0.510823
0.9570285
0.9666138
0.5134897
0.03018817
0.9891597
0.5406971
0.980795
0.537201
0.9822636
0.9839758
0.04527326
0.00211274
0.0006568006
0.02621391
0.9865302
0.01356882
0.4947464
0.9746846
0.4680605
0.4729205
0.02651932
0.02717187
0.5075377
0.9870766
0.01241989
0.9988194
0.9668538
0.4922449
0.4948013
0.02278571
0.00636687
0.01813298
0.9601181
0.04039942
0.9968192
0.9946777
0.5413112
0.9862911
0.9610204
0.9849749
0.461731
0.009577194
0.4635076
0.4996195
0.002768025
0.9943838
0.01296259
0.03217869
0.005727432
0.4792808
0.5121515
0.5358081
0.03207518
0.5723069
0.9466813
0.03146029
0.5522265
0.01352924
0.01180676
0.9369757
0.9970928
0.9893287
0.02894317
0.4842886
0.9709654
0.50978
0.0101003
0.03500989
0.03487391
0.4879602
0.9335545
0.9931842
0.9997589
0.4661026
0.9622875
0.03086643
0.005097202
0.49334
0.9717944
0.9929638
0.9911534
0.5121072
0.5392671
0.9919543
0.9457347
0.5070481
0.05475787
0.5022426
0.9880012
0.02224907
0.9768641
0.99261
0.05791047
0.465018
0.09460349
0.0005955235
0.9245766
0.9457777
0.4478247
0.9739998
0.9657191
0.04023221
0.04108256
0.9506805
0.9852404
0.993427
0.9759976
0.04227668
0.03169254
0.9908236
0.9745241
0.01534818
0.9670297
0.5499663
0.9509263
0.02392846
0.001866215
0.4909129
0.9745485
0.99461
0.9772351
0.9652078
0.4713115
0.03387009
0.01963167
0.516666
0.9941784
0.0136115
0.4548722
0.01108787
0.5144749
0.008929051
0.0153026
0.5266865
0.9487153
0.001566586
0.9732599
0.05789911
0.4823965
0.9526521
0.4822942
0.9710983
0.01128479
0.4911288
0.4979606
0.460553
0.9329679
0.01279523
0.9670684
0.978016
0.9854598
0.02807262
0.04072938
0.5068779
0.4539368
0.9982946
0.04998633
0.953105
0.9381233
0.4865181
0.9915141
0.9597981
0.9897039
0.5270751
0.02344086
0.5156645
0.5230821
0.5530533
0.523929
0.02763351
0.4276074
0.9537342
0.4703359
0.0003637754
0.499625
0.9802516
0.4675767
0.06750279
0.02405176
0.9871857
0.4602618
0.5028471
0.452894
0.4879167
0.02504336
0.04343642
0.9629127
0.9906859
0.9350295
0.4890699
0.4694278
0.02931091
0.9699781
0.9873096
0.008949862
0.03137284
0.02034472
0.01674207
0.5018682
0.0193865
0.0223947
0.5193805
0.9688886
0.9487823
0.9755528
0.5188852
0.007424607
0.9421262
0.04049747
0.4319969
0.005771809
0.4632853
0.01260359
0.02113021
0.4447674
0.03724458
0.0009021786
0.5322705
0.9986663
0.4658039
0.5018703
0.9763025
0.03989288
0.01036524
0.5418002
0.5358445
0.9660175
0.9951987
0.9883904
0.4895179
0.4720706
0.001537073
0.9763066
0.499891
0.002892616
0.9925508
0.009166084
0.01137553
0.001214244
0.9948783
0.9772712
0.9540538
0.9748976
0.9883514
0.9490604
0.04181812
0.9759534
0.4579954
0.4973534
0.04725523
0.5221067
0.990436
0.9505358
0.9917869
0.4557417
0.9988817
0.0003942299
0.9422611
0.5019607
0.4990532
0.4672788
0.0185828
0.5187149
0.9587208
0.02281499
0.01353305
0.00956924
0.5251053
0.01362904
0.971899
0.005823028
0.5118938
0.9886073
0.9704128
0.4843914
0.01880326
0.5299604
0.9776164
0.9446836
0.04381068
0.9767292
0.990738
0.0005035863
0.9834017
0.9558853
0.9564019
0.5043822
