0.0409477
0.9867378
0.0232022
0.5281893
0.9552981
0.9428423
0.4960614
0.01066284
0.005372196
0.006259285
0.9656752
0.9893362
0.5174176
0.03303899
0.4652596
0.9857602
0.9735134
0.9273355
0.9884587
0.993879
0.07515479
0.01949349
0.5300721
0.4693543
0.4837952
0.9972716
0.9498972
0.02580694
0.04698623
0.9996413
0.007120849
0.003957698
0.05374251
0.5242387
0.4799921
0.9813679
0.5140639
0.08520469
0.4751101
0.9618577
0.03819423
0.4216598
0.9868582
0.9894907
0.03803944
0.5052484
0.005738523
0.01551316
0.9517272
0.9812885
0.006895647
0.03719128
0.9950286
0.4876753
0.9821066
0.9939582
0.05797323
0.98987
0.5033698
0.07375954
0.9919724
0.0590682
0.005115529
0.9815457
0.9421066
0.01035633
0.9728486
0.005190458
0.519263
0.04332716
0.9353151
0.9788507
0.02056591
0.4908621
0.01099645
0.9932061
0.03372773
0.02631702
0.02139875
0.9629976
0.008484912
0.05762724
0.9946167
0.02485956
0.9959269
0.5016497
0.002208771
0.05465294
0.003306914
0.558513
0.4904478
0.9811393
0.5020192
0.5320479
0.007495594
0.0318254
0.0029379
0.9911871
0.513075
0.9910443
0.9794605
0.04879865
0.478535
0.535606
0.5265743
0.4901537
0.9666352
0.9964089
0.9993347
0.04525388
0.01196284
0.9924391
0.01102128
0.5003257
0.9917652
0.4817768
0.5203993
0.9658603
0.5122279
0.9847264
0.03601972
0.9806634
0.02080345
0.9689877
0.4776057
0.507309
0.02317385
0.002129667
0.01446785
0.5029858
0.02571265
0.5444857
0.9821295
0.9686675
0.9845922
0.4829583
0.5252002
0.0309749
0.956826
0.9785714
0.9373048
0.4915207
0.4894468
0.4955007
0.01310578
0.0531344
0.9774585
0.02553894
0.5472296
0.9717267
0.5085166
0.5263897
0.03384125
0.0005845059
0.5284494
0.9994789
0.9767778
0.01286435
0.5211481
0.02690191
0.03627004
0.04597496
0.4525753
0.9939278
0.490695
0.997219
0.9003044
0.9615615
0.5331263
0.522082
0.4492061
0.9952624
0.9607644
0.9806885
0.4334121
0.9896594
0.03530883
0.5045967
0.9677414
0.490194
0.9582365
0.02173716
0.5105623
0.9966145
0.003646282
0.5188334
0.9902172
0.4942279
0.9659501
0.03257016
0.004114806
0.9571663
0.9663251
0.4947344
0.01731288
0.04565821
0.9555633
0.03655366
0.5011279
0.9847462
0.4941681
0.9593776
0.9887942
0.4828572
0.4837552
0.4793376
0.4778856
0.0412527
0.4458712
0.4956389
0.02569683
0.5355994
0.9950104
0.0259719
0.9812931
0.9937485
0.9795924
0.9857883
0.98888
0.9830665
0.9954805
0.02023899
0.4462698
0.9299778
0.01100936
0.9849605
0.02428443
0.9677391
0.5399486
0.5198065
0.4739039
0.5291588
0.9991958
0.4687409
0.003235643
0.4922432
0.5323978
0.5548277
0.9825422
0.9566493
0.4973558
0.5091205
0.9710461
0.01349228
0.4944506
0.4969765
0.9952733
0.9829126
0.0172335
0.988093
0.537515
0.03601544
0.01437124
0.5229794
0.9820603
0.5200644
0.01596358
0.481629
0.0002106772
0.9420614
0.04694153
0.00916812
0.987577
0.9733798
0.9581711
0.0007442856
0.01414318
0.4910655
0.5309624
0.03868378
0.01324966
0.04423926
0.954867
0.007707334
0.04424127
0.9716507
0.5025597
0.9961894
0.01124337
0.008824811
0.01075901
0.05490522
0.5073765
0.5056926
0.9547142
0.4963757
0.04395169
0.04813659
0.9681125
0.5076223
0.02546462
0.04921928
0.4913775
0.9952855
0.5137679
0.9854111
0.9701921
0.03704643
0.9551201
0.5460177
0.5015211
0.5344957
0.505313
0.5594611
0.994035
0.9831436
0.06265706
0.4616903
0.9823374
0.9751203
0.9940223
0.4867397
0.5544283
0.9360304
0.532948
0.4665049
0.5044137
0.03591009
0.4810253
0.002106993
0.4939133
0.4746753
0.9655705
0.02832436
0.4858948
0.9655752
0.9671815
0.4643447
0.9918647
0.9916217
0.489217
0.9973543
0.04249739
0.4965773
0.4851237
0.02200509
0.510702
0.5401203
0.01428951
0.950603
0.05361511
0.001621408
0.01321205
0.04232249
0.4915924
0.5205945
0.01246579
0.4792174
0.4931167
0.9849972
0.4921006
0.5462572
0.005352483
0.5295722
0.0205185
0.4693906
0.5183358
0.5313482
0.5608848
0.9836832
0.9877927
0.5041854
0.9619412
0.02455233
0.5700487
0.02650327
0.5395904
0.9866398
0.5404906
0.0777416
0.5464484
0.01310895
0.9825959
0.4586739
0.5199473
0.03933893
0.01150099
0.05821525
0.9596054
0.02638122
0.5563331
0.5634056
0.01312266
0.5518192
0.9484212
0.9869127
0.5343737
0.008587846
0.01541741
0.9729383
0.01186312
0.9475549
0.5727116
0.9777054
0.9945705
0.008946832
0.4794214
0.5635527
0.4566338
0.9817067
0.02927568
0.5197753
0.9492395
0.03610886
0.9861021
0.04644342
0.5071647
0.9768778
0.9410118
0.0007042392
0.4995824
0.5186335
0.9907632
0.01626394
0.4394213
0.03576677
0.9620161
0.9844084
0.4996144
0.9919372
0.02615026
0.435104
0.9749236
0.9941787
0.01459382
0.9986427
0.01679632
0.04082865
0.4971836
0.9781793
0.9925624
0.0287287
0.004885088
0.5344157
0.4891102
0.5423027
0.4945903
0.03206504
0.9712681
0.9903636
0.9915262
0.02344609
0.04770666
0.9436271
0.9376316
0.9792352
0.971475
0.4625748
0.4812616
0.5513089
0.965394
0.4602421
0.9809371
0.9615478
0.9945666
0.006458017
0.9659526
0.001598428
0.003439916
0.4982487
0.004392756
0.9927053
0.01469337
0.02286201
0.004285142
0.9624086
0.4488611
0.9947479
0.5211055
0.9808885
0.5136345
0.9822837
0.5129117
0.00583101
0.5229479
0.9896842
0.02928901
0.05586313
0.9498418
0.05398565
0.9899952
0.5076784
0.988952
0.004034076
0.5916198
0.4523742
0.4947317
0.4530103
0.0253008
0.02316169
0.02537923
0.9912921
0.01516792
0.004609425
0.4804487
0.0199959
0.9690898
0.9987403
0.4547035
0.9991053
0.02082142
0.9775269
0.978552
0.006714496
0.4459239
0.9386938
0.5257828
0.9897346
0.9842101
0.4839532
0.0218306
0.9933662
0.487539
0.01857966
0.9188281
0.4942494
0.5274323
0.01128998
0.03371861
0.4768262
0.02590382
0.03316654
0.5015276
0.9921489
0.4986249
0.02908216
0.5009986
0.05123344
0.006097436
0.03480946
0.008937355
0.5582519
0.4920973
0.9358797
0.009439681
0.9845525
0.9916008
0.04724561
0.5517802
0.02372704
0.04198471
0.0006473011
0.5724757
0.5298715
0.9944903
0.5119945
0.01080622
0.03290018
0.01603093
0.5397313
0.02758596
0.9653379
0.4961895
0.02329557
0.997703
0.002252277
0.05369666
0.0256322
0.5235006
0.9987288
0.03164844
0.9554135
0.04572504
0.9957426
0.04624835
0.9909886
0.9998169
0.9826521
0.04880924
0.01330107
0.0124309
0.01026478
0.009745461
0.9990292
0.0223595
0.9516484
0.9681871
0.02910172
0.01145268
0.01641218
0.05201937
0.9438556
0.9824813
0.986397
0.006934538
0.9514607
0.9729386
0.9822028
0.9765789
0.03302553
0.9929446
0.9830314
0.9552208
0.9653884
0.9780439
0.9693555
0.9973879
0.04850668
0.08790672
0.04094594
0.04087997
0.002174252
0.9764241
0.009607876
0.007657185
0.9597252
0.9692733
0.03734423
0.9597652
0.9924262
0.02512532
0.9819749
0.0397403
0.9725618
0.02952503
0.990344
0.9980451
0.01907703
0.01843992
0.9633694
0.01147026
0.9657457
0.05049483
0.9528656
0.9988825
0.02980723
0.981169
0.9816663
0.9618362
0.04614241
0.9765408
0.9749039
0.9833374
0.9566343
0.0471942
0.01549554
0.01921156
0.01157369
0.04106595
0.03884489
0.000862815
0.01380312
0.991644
0.9867342
0.9645464
0.9829675
0.9708257
0.9888282
0.9997407
0.0008350414
0.02137862
0.007121646
0.9917889
0.005353931
0.9847427
0.9583284
0.03170168
0.9988988
0.02976018
0.9887468
0.9873458
0.04286261
0.02785181
0.9892181
0.02829847
0.01392659
0.01648671
0.9610015
0.0003315855
0.9462333
0.997959
0.9866267
0.05386343
0.9959767
0.02372688
0.9898415
0.9811737
0.002846627
0.9885084
0.01846408
0.03594828
0.03437386
0.002475993
0.9951478
0.02956855
0.9692788
0.9824739
0.9639892
0.01089687
0.0779257
0.9873971
0.03679811
0.01531
0.01507081
0.9739456
0.9799339
0.01330384
0.00539471
0.004265037
0.06775571
0.04021427
0.9635734
0.9901802
0.9542242
0.008096748
0.9479135
0.008800449
0.055587
0.9821472
0.9801968
0.9849116
0.9850648
0.9675503
0.0193631
0.008001336
0.9770593
0.9582775
0.05613954
0.981021
0.9706882
0.9709703
0.003181061
0.002428095
0.007029134
0.002234033
0.001563141
0.006937838
0.000119025
0.01831214
0.04591731
0.01743266
0.02989316
0.009893155
0.9925539
0.002843932
0.9971725
0.941638
0.09470368
0.9788303
0.0178975
0.957555
0.9891469
0.9894762
0.02057535
0.9928391
0.9703657
0.02225079
0.008049973
0.9703212
0.983017
0.9823888
0.9642574
0.9812723
0.993486
0.9130361
0.9652262
0.994238
0.01767502
0.9926891
0.02829126
0.05838157
0.002645069
0.0189943
0.008812564
0.9528589
0.008293332
0.9810551
0.0441899
0.05014939
0.009499514
0.9820949
0.02240586
0.9837955
0.03717994
0.9976431
0.02565877
0.9873724
0.04404742
0.03591632
0.9893876
0.04373417
0.9899233
0.9926622
0.9931455
0.9896506
0.9875829
0.01520318
0.991673
0.975969
0.9922944
0.9876272
0.9681072
0.9683477
0.9379167
0.08021216
0.02652762
0.01494008
0.9590932
0.002973429
0.001256601
0.009274573
0.9852782
0.05239303
0.02296243
0.05295033
0.9724204
0.9872936
0.9957958
0.9567481
0.01256401
0.05374036
0.01026461
0.998472
0.01614919
0.9526612
0.03060081
0.04922306
0.02719071
0.01589513
0.9961744
0.03572768
0.9594494
0.0129112
0.05833702
0.9858764
0.05875223
0.004228505
0.997683
0.9888218
0.9860722
0.02571016
0.04306725
0.03933162
0.008305078
0.9638161
0.9326762
0.06367305
0.9876858
0.9823805
0.001031621
0.02154741
0.01989635
0.009817162
0.002966622
0.01486332
0.9722984
0.9633792
0.03095359
0.9600347
0.9469
0.05142048
0.9805608
0.9807822
0.947307
0.9984021
0.009808497
0.01307316
0.0370303
0.9915501
0.9954887
0.9842153
0.9789903
0.06389529
0.0408775
0.009992555
0.9702819
0.9540281
0.04470505
0.02988627
0.9790556
0.06401197
0.02814394
0.9710174
0.9955071
0.9671523
0.004350364
0.04992935
0.9664628
0.02988358
0.9445171
0.9977214
0.00128524
0.9619158
0.01590033
0.9648119
0.01373247
0.9820869
0.9880212
0.04083674
0.9623513
0.9171298
0.01420172
0.9880824
0.04052523
0.0001405324
0.03227613
0.9303957
0.03767163
0.01788297
0.02257444
0.5459377
0.9841906
0.9952397
0.01495178
0.4887464
0.4931415
0.01166098
0.01041682
0.9982442
0.9800537
0.0527314
0.5186861
0.008894675
0.0137587
0.00220563
0.5040542
0.5442257
0.4935375
0.526447
0.9663378
0.5142219
0.9751653
0.9172168
0.500334
0.5177517
0.994018
0.01211638
0.06151013
0.05683271
0.4508416
0.02240314
0.05547895
0.0002468123
0.5142347
0.5141805
0.9789946
0.530438
0.02406328
0.9850001
0.9930598
0.0313851
0.4858868
0.03448275
0.9741865
0.01420417
0.9995796
0.96317
0.9698313
0.4566905
0.4864986
0.4980682
0.9726793
0.01295101
0.5396599
0.001426228
0.9953128
0.4537896
0.4689102
0.5425918
0.05146266
0.4251149
0.03452593
0.4853935
0.9855178
0.03182603
0.9716911
0.9683957
0.04012372
0.9950179
0.9848196
0.9464116
0.5277095
0.9856912
0.9361194
0.9900431
0.4660091
0.966884
0.5094433
0.04520091
0.4592736
0.95062
0.03753044
0.9796014
0.01256292
0.01266589
0.4659249
0.9977489
0.04695015
0.973484
0.4659634
0.4522625
0.9559293
0.5086502
0.005680882
0.03904931
0.02157144
0.03788402
0.002389518
0.4392645
0.009110675
