0.9642832
0.9661678
0.9981448
0.9878388
0.9572635
0.03992759
0.01747005
0.002861964
0.9778962
0.02687566
0.005081281
0.01965953
0.9926395
0.03682599
0.9499982
0.01489765
0.02959549
0.01863734
0.9850714
0.9431577
0.01249402
0.003384631
0.005532878
0.9574026
0.9963435
0.9510483
0.006745805
0.9971418
0.97685
0.03052182
0.9455476
0.04220192
0.9889471
0.005455738
0.9959327
0.01233147
0.9801918
0.979695
0.9880055
0.05040888
0.9475546
0.02848141
0.04483221
0.9503606
0.987043
0.02990125
0.9605902
0.9611181
0.009251093
0.01343365
0.9443723
0.003714388
0.0191623
0.962575
0.004734344
0.01249898
0.984466
0.9754528
0.03251728
0.9875703
0.9834557
0.06081464
0.004470041
0.9624936
0.9775011
0.9518084
0.9878783
0.9702454
0.02464543
0.01147938
0.990296
0.03173298
0.03648342
0.9882782
0.05315456
0.9982053
0.9928583
0.008254055
0.9971016
0.98208
0.01126969
0.9753576
0.9787405
0.9868042
0.9991653
0.03890312
0.9527425
0.9903832
0.9993172
0.07090738
0.05246489
0.9761538
0.02709487
0.01331246
0.9880138
0.02661721
0.0125166
0.9876183
0.03811939
0.9886172
0.9980365
0.986465
0.009607332
0.9914488
0.9752767
0.9991306
0.04469683
0.03386795
0.04165108
0.9316839
0.02195407
0.003597754
0.9982915
0.01750208
0.9693301
0.9904592
0.9946449
0.01649528
0.01308886
0.02994807
0.9772171
0.9837281
0.9831438
0.02856186
0.0103604
0.9910361
0.9760586
0.02131313
0.9949652
0.008566825
0.9603769
0.01146013
0.9192294
0.03496043
0.04530407
0.9986319
0.02776129
0.9947655
0.01318427
0.9795931
0.005018119
0.9614933
0.9764712
0.96658
0.9938616
0.9630375
0.9949963
0.9664713
0.01640397
0.003498884
0.009436523
0.9853199
0.007910145
0.0868513
0.9765688
0.02276887
0.01435218
0.005712908
0.009269828
0.9648772
0.9728331
0.04954251
0.01940682
0.9045985
0.03416264
0.9965935
0.0151145
0.9956829
0.01906596
0.01706191
0.9666993
0.9927966
0.03370354
0.9960887
0.00588902
0.9665006
0.9825266
0.9906087
0.9653794
0.006153256
0.9533078
0.9786919
0.0178259
0.01758795
0.9864642
0.9791352
0.02483042
0.000290789
0.9344916
0.03432791
0.9625035
0.04792411
0.9673863
0.9863912
0.9908855
0.9862286
0.04022086
0.9587117
0.9469201
0.9864216
0.9728893
0.01939003
0.00929594
0.01383837
0.02026237
0.02532547
0.0361354
0.9968504
0.9865438
0.033067
0.02354806
0.9755275
0.02353379
0.02326215
0.9887487
0.02741275
0.0007193669
0.9825534
0.01961734
0.9984438
0.006417181
0.007547242
0.9923612
0.03853664
0.9716523
0.04614933
0.02337788
0.05044548
0.06176742
0.9940473
0.03551642
0.9552281
0.9721917
0.9949615
0.9808523
0.007591859
0.9866856
0.01293391
0.0542282
0.9691411
0.9681864
0.02276217
0.01196083
0.001042372
0.004388188
0.9572872
0.9946017
0.0098934
0.02975733
0.9736663
0.01918345
0.004066796
0.03114871
0.9323581
0.9606197
0.01216527
0.9602055
0.9596803
0.9788454
0.01684685
0.002144382
0.01573585
0.02863944
0.9746432
0.9902146
0.01388257
0.9796967
0.9467142
0.02195003
0.9975515
0.9824423
0.9694589
0.9917999
0.004843347
0.02290228
0.01248737
0.006567103
0.9969141
0.01917677
0.02595473
0.00924607
0.01597828
0.02310697
0.04976533
0.01662837
0.9816944
0.05439898
0.9980874
0.03497013
0.03077499
0.04232604
0.9558513
0.9402532
0.008489828
0.9921885
0.998691
0.001637525
0.004011375
0.9927054
0.960362
0.0235808
0.9936447
0.05799857
0.02051067
0.01327776
0.01397483
0.03040903
0.046119
0.03775144
0.9975932
0.9880623
0.9852622
0.9928462
0.01235664
0.9618986
0.9840499
0.9895453
0.9950975
0.002603303
0.01004973
0.9994889
0.008179474
0.9712897
0.03034222
0.9811434
0.9777224
0.009336806
0.01604787
0.03851056
0.9995615
0.004168132
0.4968844
0.002435486
0.01471209
0.9918096
0.0546978
0.986183
0.002824677
0.04092788
0.01108955
0.5251073
0.9778696
0.9651413
0.4764671
0.4816451
0.01692274
0.9593618
0.9766814
0.4712828
0.01059378
0.473104
0.5006893
0.5012228
0.5287831
0.4911395
0.02262319
0.04776312
0.935622
0.9734982
0.002273714
0.009595758
0.929594
0.9979355
0.4531734
0.02915701
0.4866173
0.5241326
0.9658563
0.5228908
0.007922678
0.9907854
0.541388
0.4722924
0.4841229
0.9783166
0.015938
0.9882575
0.01795954
0.5039231
0.4975558
0.9919247
0.4922159
0.503461
0.9407627
0.9912322
0.9819066
0.9853329
0.5450689
0.003496087
0.9587191
9.74861e-05
0.004466189
0.476691
0.5117366
0.5277338
0.4613058
0.006406537
0.008199511
0.998676
0.9815228
0.9996371
0.005235473
0.02597658
0.009782147
0.5132434
0.4935089
0.01396162
0.007485511
0.01789514
0.9804933
0.03689577
0.4726394
0.9697041
0.4403528
0.01765043
0.03920658
0.5014294
0.5205503
0.04262911
0.4408086
0.9571768
0.04479067
0.9580582
0.4728472
0.05193117
0.06013386
0.00257172
0.968783
0.5036303
0.9686419
0.436292
0.5010859
0.4914158
0.5133746
0.4990233
0.4567399
0.9975069
0.4692697
0.4804629
0.5210626
0.9831711
0.4588755
0.5268315
0.03366936
0.9734463
0.9731388
0.4785787
0.02249159
0.03632673
0.008066479
0.9822403
0.9801229
0.01113113
0.4982588
0.02364615
0.05635128
0.03016479
0.01320988
0.01526471
0.9815672
0.0001884677
0.05223917
0.9860774
0.02382433
0.9544097
0.4936083
0.4774501
0.00733851
0.9871965
0.4854691
0.04397781
0.9915126
0.4679039
0.01038722
0.04843261
0.01360017
0.5243712
0.990214
0.008192956
0.9943519
0.973224
0.9979072
0.9823495
0.9491693
0.9961892
0.9622541
0.9747577
0.4911574
0.01874985
0.4912658
0.02806784
0.4616777
0.5212813
0.01811951
0.03654365
0.04119001
0.5206437
0.0353995
0.001755163
0.4715835
0.9761486
0.4786562
0.9951049
0.9462948
0.9965034
0.5080531
0.9956884
0.4389304
0.9693055
0.9682559
0.0008867576
0.01741501
0.991295
0.4607962
0.9635725
0.5240663
0.9960245
0.02898703
0.4929116
0.02142421
0.4919641
0.4740855
0.02028454
0.06829434
0.9993408
0.005643234
0.5046872
0.5110284
0.9841306
0.4402073
0.5051014
0.08272286
0.02191763
0.5197375
0.5025139
0.9988966
0.9590375
0.5092619
0.0108877
0.4529553
0.9804955
0.9740278
0.977715
0.5408934
0.999889
0.9796
0.4756448
0.03700194
0.5618022
0.00721072
0.4783187
0.9904015
0.002331432
0.5269046
0.002526725
0.5467009
0.0396152
0.001828228
0.9898465
0.9743461
0.9819148
0.0773818
0.9957173
0.5271218
0.5159049
0.4686842
0.01062587
0.983513
0.9990949
0.004038318
0.01809541
0.5259347
0.9595935
0.9729002
0.01049687
0.01877773
0.9822392
0.9691435
0.4741976
0.9760571
0.44791
0.9619693
0.02362793
0.5354603
0.01122798
0.9978564
0.9992305
0.9799536
0.005191353
0.5156012
0.01089491
0.9979307
0.5661324
0.5202708
0.5371876
0.02732482
0.9955928
0.9474438
0.02062977
0.5082233
0.9887299
0.001917145
0.02368192
0.01870389
0.9882209
0.9688845
0.5356043
0.4942511
0.481194
0.006672838
0.009106685
0.5413411
0.4795996
0.4602558
0.5898015
0.007386923
0.03828657
0.9958374
0.5353779
0.05740906
0.9721005
0.007241984
0.5159447
0.9567986
0.9921489
0.5226136
0.003347806
0.01877341
0.05023391
0.9854974
0.006939307
0.9896046
0.9892531
0.9658546
0.9833996
0.4925229
0.9814629
0.9847807
0.9806053
0.9706529
0.9838683
0.9502108
0.007569397
0.9811995
0.001221124
0.5015807
0.4803166
0.5373475
0.009107353
0.01995172
0.9724787
0.4938429
0.02182756
0.527202
0.008540567
0.04725867
0.9712328
0.9836407
0.02898528
0.4754719
0.9594677
0.5714786
0.0417401
0.9995406
0.4755099
0.5393015
0.9987758
0.9956433
0.5090485
0.004597651
0.01208038
0.9950502
0.9948804
0.02178247
0.9778043
0.9850754
0.007711846
0.02693802
0.02128718
0.004123503
0.03560546
0.02654652
0.04539204
0.9886011
0.01217612
0.9938987
0.9982215
0.02786722
0.02894841
0.9483816
0.9920555
0.0005129317
0.0216857
0.9710681
0.02144371
0.9982174
0.9721224
0.9521424
0.9721893
0.01958825
0.9953765
0.02609863
0.003747536
0.02251522
0.01807403
0.00248777
0.08221928
0.02740619
0.004412479
0.9892116
0.9970169
0.02465349
0.9965869
0.02688918
0.0339176
0.987162
0.03889451
0.01658342
0.9797777
0.9849459
0.9762969
0.9496684
0.01919245
0.02344592
0.002086852
0.03336214
0.03804028
0.9368809
0.9568978
0.9523007
0.9621651
0.9987491
0.01694186
0.9936989
0.05453419
0.9839182
0.9751715
0.01344217
0.001354639
0.9876216
0.945371
0.9796575
0.9780578
0.01814595
0.02043939
0.9965532
0.06855334
0.9418414
0.9858836
0.06385967
0.03983843
0.9727335
0.03537526
0.9492158
0.9852734
0.9417739
0.02168661
0.0007268725
0.01937566
0.9436279
0.9995253
0.9970661
0.04050007
0.9814328
0.01547562
0.9859578
0.004367639
0.004306451
0.04014327
0.0004046673
0.9743643
0.01883159
0.9733127
0.04230622
0.002230136
0.9893482
0.005410589
0.9971899
0.9893843
0.01701459
0.988584
0.9907634
0.01634387
0.001587231
0.9984507
0.9748661
0.0214511
0.9967819
0.03760072
0.9419514
0.009925541
0.004050571
0.02157871
0.9954396
0.0006756457
0.0254505
0.06129719
0.9612268
0.04152552
0.03148714
0.02563471
0.9974485
0.9809446
0.004645031
0.02384449
0.9611915
0.9555832
0.9962916
0.008603745
0.01880261
0.9823225
0.9673855
0.02847443
0.03433236
0.02756174
0.04810496
0.9507189
0.9299381
0.9672557
0.04757567
0.9795417
0.9960942
0.9435743
0.9903289
0.9629129
0.02460579
0.9924596
0.9921894
0.997097
0.07206991
0.0191383
0.948252
0.9775051
0.9747811
0.9793075
0.9959603
0.03358679
0.9641649
0.01881717
0.03800276
0.03657339
0.9686034
0.9710609
0.005803462
0.9734285
0.01532365
0.02581686
0.9669833
0.03001923
0.04841028
0.9491678
0.9935347
0.942731
0.01512446
0.9897588
0.01228175
0.9501114
0.9797367
0.0158974
0.9808837
0.974696
0.9942604
0.03414855
0.9723882
0.007361237
0.02223668
0.01887654
0.009154235
0.01265872
0.005292649
0.9795596
0.9769636
0.04581357
0.003124025
0.02349832
0.02964757
0.9905941
0.9599616
0.007142864
0.03388279
0.05474504
0.01050667
0.04739196
0.01229416
0.9797194
0.004486068
0.9984581
0.9765272
0.05607117
0.9937718
0.9820942
0.9900247
0.9602798
0.04429271
0.9700734
0.0008264251
0.01592329
0.9842182
0.9778864
0.03450146
0.987145
0.01201821
0.020189
0.9881913
0.9871707
0.03185554
0.9730146
0.9497985
0.995625
0.991159
0.9883122
0.01915517
0.999866
0.02064111
0.03777747
0.9959308
0.9953703
0.003259071
0.01465171
0.9625124
0.003968169
0.0554165
0.01313171
0.0108065
0.9649466
0.9930796
0.04463313
0.9792632
0.9939588
0.03895298
0.9823714
0.007079693
0.9776678
0.9572482
0.009334537
0.00352642
0.9839895
0.03468654
0.01864835
0.9721525
0.9994254
0.9593337
0.000303077
0.06600824
0.03611647
0.987152
0.9877012
0.9627007
0.9938093
0.9716898
0.9757891
0.9956582
0.9974049
0.05632452
0.0069001
0.9659787
0.9220226
0.9915452
0.9987838
0.9921141
0.0002403845
0.9980158
0.001699341
0.01535623
0.000596505
0.01617356
0.02976599
0.01194371
0.9986647
0.9670251
0.9983385
0.960885
0.02950287
0.009807295
0.002591887
0.9879125
0.9957974
0.01191848
0.02149042
0.9725231
0.982323
0.9886135
0.02789527
0.9847789
0.02190662
0.9518281
0.02403717
0.01945627
0.01140236
0.9542548
0.0156961
0.982176
0.01013073
0.9801107
0.01423609
0.01066243
0.9866276
0.9924422
0.001193233
0.04756595
