0.01407843
0.4567667
0.9901816
0.9791909
0.0008145192
0.3733306
0.5668312
0.6071771
0.9716703
0.03588125
0.440473
0.9702679
0.5863517
0.02575843
0.4234441
0.5546034
0.01955472
0.5965556
0.6288836
0.006683221
0.01243632
0.4147984
0.02133341
0.05305598
0.6086804
0.6227939
0.9663213
0.5559889
0.577949
0.01963412
0.04645285
0.03926321
0.4433211
0.3863472
0.9861308
0.4302089
0.3672733
0.3851312
0.954315
0.6224751
0.9867709
0.4449499
0.04033925
0.5595152
0.01018668
0.5916126
0.03887818
0.006045942
0.5532539
0.02636298
0.9901591
0.9816351
0.01299481
0.04507935
0.9888138
0.01140555
0.5805651
0.9780784
0.03027127
0.9341997
0.4011389
0.02331045
0.9813792
0.006224559
0.971431
0.6888006
0.383077
0.5783781
0.004087516
0.5948621
0.6087138
0.01861333
0.5881547
0.5647332
0.9546544
0.03524947
0.3719634
0.4545305
0.02237497
0.610473
0.3791257
0.6029289
0.9230199
0.03210124
0.01790905
0.3443264
0.992653
0.4081816
0.4029392
0.01146192
0.9567374
0.9643424
0.005638277
0.601185
0.990707
0.03280612
0.5627751
0.02052699
0.003391753
0.4266522
0.6460395
0.01511892
0.6082536
0.9962971
0.5949398
0.002125018
0.6656455
0.01885802
0.3584096
0.04959575
0.5754939
0.4168076
0.6612923
0.4125203
0.03454751
0.9779317
0.9764013
0.0167538
0.4438573
0.02436901
0.9617761
0.3514438
0.03812498
0.9968915
0.9854141
0.3973672
0.004034449
0.3847689
0.9983773
0.9602062
0.4620984
0.007783222
0.04664691
0.969582
0.9838243
0.6904517
0.3956335
0.4119888
0.981465
0.9731049
0.5549019
0.01023007
0.5761056
0.4087838
0.03581638
0.9936849
0.381222
0.5787841
0.9750674
0.3474914
0.9948397
0.5834408
0.4414228
0.01563063
0.5647876
0.9483929
0.9971589
0.01017227
0.6520536
0.03479015
0.6558149
0.9835497
0.9787192
0.9759424
0.04703533
0.01606571
0.6300196
0.01739802
0.9957357
0.3877879
0.9771401
0.661326
0.5915808
0.591656
0.9988674
0.9789136
0.9682169
0.990519
0.4445824
0.4421249
0.6414268
0.9555192
0.4041823
0.3601113
0.02133949
0.03256294
0.5809713
0.3981954
0.01183101
0.3769326
0.9562904
0.01062221
0.573733
0.9712312
0.9925857
0.3992416
0.6179863
0.9675472
0.01497611
0.5820657
0.003595026
0.4680012
0.5786746
0.9847353
0.9533458
0.5301725
0.01338442
0.9841616
0.9980993
0.4127087
0.5377613
0.4204492
0.4317845
0.9990446
0.9853768
0.382657
0.0362681
0.6146532
0.3989772
0.6344683
0.02515844
0.5868367
0.5736973
0.618851
0.6010301
0.5923948
0.4195397
0.9907878
0.03610922
0.396496
0.5788784
0.5655943
0.4147871
0.590699
0.01811452
0.0009935717
0.4323332
0.9723038
0.5761851
0.6043101
0.3607195
0.438304
0.6109141
0.3897822
0.3791085
0.998531
0.0287962
0.3850421
0.5802752
0.02573644
0.4215849
0.01713578
0.6465516
0.03443545
0.3854507
0.5848133
0.01726636
0.015545
0.3678971
0.4085552
0.07823273
0.4446198
0.003432251
0.4338986
0.02520617
0.9912064
0.585391
0.4128463
0.03665524
0.3885445
0.5845026
0.00688713
0.9656427
0.0008212429
0.9867359
0.03362744
0.4047229
0.5888553
0.001817741
0.3864916
0.9995774
0.6261511
0.5989152
0.9985581
0.3905531
0.584701
0.372328
0.5747863
0.5360262
0.9973819
0.02890425
0.02930732
0.004608972
0.007572963
0.4155266
0.3494371
0.5990193
0.9807135
0.01941489
0.9932257
0.4072957
0.9947556
0.4093985
0.008932877
0.9903738
0.4315176
0.3831661
0.405225
0.6321618
0.9584534
0.9883132
0.3439647
0.4280619
0.3568096
0.03608367
0.9548655
0.01289537
0.3801082
0.005699172
0.9821714
0.3905894
0.9903
0.9570661
0.6070044
0.9820612
0.9925862
0.9695917
0.9468163
0.5969513
0.5813501
0.9357809
0.3985667
0.02658678
0.0414895
0.5847817
0.9708589
0.0338173
0.3942551
0.4234992
0.405997
0.4068352
0.4448618
0.9374757
0.6200222
0.9664885
0.003862141
0.9666393
0.9718533
0.007903113
0.04343578
0.397719
0.3758686
0.6429642
0.3944948
0.5588757
0.3843823
0.07333809
0.5460252
0.4225623
0.01200241
0.01326845
0.6183075
0.5836751
0.9787598
0.3685141
0.9886417
0.9593464
0.9929096
0.4341011
0.05125105
0.5961653
0.003804117
0.07352474
0.9894003
0.9961453
0.5980734
0.6207115
0.01921816
0.4125471
0.06123794
0.4044227
0.01855683
0.5513419
0.9116797
0.9372225
0.9547733
0.9964312
0.6125117
0.9862525
0.4053838
0.3745253
0.9797919
0.6451809
0.3841918
0.001820386
0.004220042
0.02036482
0.9845241
0.3765977
0.5986355
0.3985039
0.02311347
0.4205078
0.6168473
0.3551994
0.598112
0.352122
0.5781859
0.4224261
0.6621902
0.6358983
0.9948422
0.5653103
0.9668761
0.003223193
0.9920512
0.0227667
0.6171201
0.5851103
0.4182383
0.5972176
0.559193
0.6105353
0.02456845
0.9980238
0.9774751
0.9940195
0.9807266
0.4002861
0.393972
0.9806756
0.04031703
0.6200217
0.3605681
0.5858691
0.5979823
0.9939126
0.6129869
0.6110256
0.02295857
0.06606574
0.6193575
0.370594
0.9619069
0.5820485
0.431358
0.001306648
0.4189205
0.3601553
0.4319732
0.3705756
0.004737422
0.6263524
0.591612
0.01084001
0.9510057
0.5594146
0.9639064
0.5919285
0.4412869
0.6494034
0.9861453
0.02016377
0.01636914
0.9797434
0.5788768
0.4115398
0.9977043
0.3830336
0.4217829
0.05105438
0.3862003
0.04342312
0.9900133
0.9432193
0.9844433
0.9998634
0.9573086
0.004512361
0.6123015
0.632868
0.4174986
0.6485058
0.0031779
0.9826002
0.6142301
0.09372818
0.4042576
0.4330964
0.3942618
0.5876449
0.9975906
0.9942052
0.5620998
0.01747434
0.4021372
0.5955201
0.006451313
0.9714904
0.9912032
0.9371578
0.04064675
0.9937337
0.042976
0.9698854
0.9927767
0.007854519
0.9688478
0.9877942
0.5442559
0.5114095
0.02912685
0.9838397
0.4494669
0.9943258
0.5278752
0.02731153
0.9678415
0.5342241
0.525345
0.5589484
0.969316
0.4884932
0.4946119
0.02738681
0.002735749
0.9582934
0.9562251
0.4481094
0.9971352
0.04241361
0.5441564
0.4884894
0.05196619
0.5186668
0.0003682956
0.01620777
0.01507737
0.02964854
0.5092145
0.008998068
0.01926992
0.01343287
0.543352
0.9867562
0.008456283
0.02527022
0.04017711
0.03897799
0.0545089
0.5446459
0.02286628
0.9989277
0.9962156
0.4958698
0.9999932
0.01919798
0.04059421
0.9739306
0.03465956
0.9898315
0.02280976
0.9777122
0.5037447
0.5010098
0.4575142
0.9904612
0.9887766
0.03203493
0.9765418
0.9222433
0.06752046
0.9953827
0.5216814
0.9613899
0.05364752
0.5238976
0.5208173
0.9980548
0.04230303
0.98393
0.05101946
0.001951293
0.05826714
0.5244451
0.4989991
0.9953334
0.5117314
0.5032087
0.01511016
0.564733
0.9390641
0.9690367
0.535659
0.4490709
0.4893446
0.9925335
0.4314789
0.5165014
0.9530281
0.482277
0.00226822
0.9799551
0.0470232
0.9935737
0.523469
0.9622489
0.9982317
0.0001137824
0.05048777
0.02660021
0.9992629
0.5037969
0.4936793
0.450026
0.9629117
0.9938693
0.5197162
0.0501388
0.04776936
0.00824381
0.484492
0.003344016
0.4626881
0.03440186
0.4917143
0.009174328
0.9839023
0.5253689
0.4621265
0.01137761
0.9922133
0.9861067
0.9922886
0.9536178
0.05919417
0.9891595
0.5114852
0.005169633
0.4690873
0.5429127
0.04356296
0.9989261
0.01307182
0.9948824
0.5160865
0.5080173
0.9665652
0.999703
0.5061426
0.4862489
0.02084739
0.9893141
0.9625659
0.9796857
0.007682183
0.9830098
0.9645579
0.007515583
0.4841043
0.9677681
0.501852
0.01818327
0.9814622
0.4798501
0.9846478
0.9646373
0.002789576
0.02371138
0.048622
0.03069134
0.9949612
0.967556
0.9927528
0.9908961
0.986807
0.9921371
0.5119999
0.0427136
0.9980821
0.9722156
0.4958272
0.9090396
0.5216226
0.000232306
0.01922387
0.9428736
0.9730433
0.4618324
0.5105959
0.4789909
0.9685863
0.9776107
0.01885862
0.06959341
0.5009816
0.03300605
0.9805932
0.518321
0.9622498
0.008684559
0.49242
0.9983808
0.4948102
0.4809277
0.9860315
0.4870973
0.4729463
0.955971
0.01074686
0.9799092
0.03880679
0.9753231
0.4761333
0.4937132
0.9498265
0.5249941
0.4943752
0.9916487
0.5438218
0.475764
0.5054228
0.5638191
0.02786339
0.9985735
0.002854618
0.03016232
0.003555429
0.9988319
0.4973751
0.4625737
0.9693988
0.00333177
0.4763128
0.9820678
0.01393775
0.4260609
0.5112885
0.5088608
0.003716367
0.4693324
0.9595723
0.9826081
0.9934646
0.05896969
0.02516093
0.04211136
0.5032666
0.04215624
0.9588585
0.9693408
0.5218465
0.03070241
0.9775936
0.9924657
0.007337269
0.4689518
0.0484429
0.9904012
0.5165079
0.9846141
0.9435103
0.04026448
0.5183326
0.4411405
0.5041523
0.5479094
0.02543758
0.001875626
0.01579507
0.4923572
0.9636803
0.4931724
0.0002328627
0.01296728
0.9897822
0.007921316
0.01596368
0.04325589
0.03512613
0.4998481
0.4653963
0.02562374
0.9896626
0.9984047
0.50189
0.5055061
0.9570554
0.5073552
0.0373
0.0380116
0.9791072
0.9844073
0.492295
0.004808351
0.5527289
0.5309059
0.4812932
0.56094
0.4790042
0.9760373
0.512199
0.04430045
0.5259723
0.9640814
0.9453645
0.04199992
0.9589226
0.9247578
0.981312
0.9468481
0.4853133
0.9747238
0.9494715
0.5168544
0.04096034
0.9824368
0.01072378
0.4536774
0.4957849
0.952192
0.9952396
0.004625495
0.009373471
0.4706324
0.9477373
0.9959275
0.01941739
0.5250096
0.004226664
0.9695502
0.517371
0.9939727
0.4840925
0.0128761
0.4940707
0.02909185
0.9880101
0.05631297
0.9948242
0.01309086
0.4964116
0.9407182
0.5590334
0.4942352
0.5002682
0.9797281
0.02728227
0.9814712
0.5022211
0.03761588
0.5442528
0.9533201
0.5344449
0.5302231
0.5232511
0.02379826
0.9771571
0.003304057
0.9602447
0.9929766
0.04415507
0.01818121
0.9706577
0.06469503
0.5520307
0.9710599
0.9602852
0.05919196
0.9781687
0.9966679
0.01096687
0.006061363
0.4949916
0.4933483
0.9921182
0.004604082
0.9844275
0.03975391
0.5436479
0.9976465
0.5218221
0.006372261
0.008834519
0.5086974
0.4666269
0.9370065
0.9913077
0.4510353
0.4794171
0.03296839
0.9702603
0.482431
0.003388206
0.004994756
0.005963931
0.02236507
0.5386225
0.4832057
0.9737657
0.4796654
0.02723776
0.03933554
0.5359989
0.4542767
0.4727738
0.007835329
0.07933595
0.02215038
0.5423038
0.02972517
0.009957104
0.02727777
0.006062871
0.5085823
0.5034221
0.546177
0.9704969
0.03381031
0.97328
0.4679077
0.4887735
0.0523643
0.476095
0.01415744
0.00815193
0.01302585
0.02421628
0.006439607
0.4726081
0.4668038
0.962181
0.9867538
0.9878634
0.9991437
0.01304428
0.9804302
0.9764983
0.03482162
0.5424617
0.01283871
0.9548886
0.004286593
0.008613236
0.4867633
0.05374514
0.005913012
0.01156944
0.5427548
0.9922123
0.9884508
0.4952546
0.004655151
0.4981728
0.9245307
0.005754097
0.01820331
0.967652
0.9668986
0.9530856
0.012724
0.9626235
0.5409933
0.4981665
0.990306
0.006258832
0.0659696
0.05814348
0.006459529
0.4591273
0.000543205
0.03826035
0.01513125
0.9717015
0.003118181
0.5151471
0.4666756
0.5117418
0.9970329
0.9925158
0.5195518
0.5119893
0.9835947
0.9998662
0.5538176
0.4696294
0.02280307
0.0228859
0.04187099
0.03204392
0.0470825
0.9915636
0.9842305
0.5444586
0.9711003
0.4352285
0.4542058
0.9778962
0.9906407
0.5425167
