0.9857958
0.5040433
0.9875418
0.02000432
0.9768398
0.9394259
0.9916148
0.5144305
0.0406385
0.9843333
0.006993284
0.02580731
0.05081248
0.991842
0.5036587
0.9671283
0.006602096
0.5424435
0.03073712
0.01515477
0.4970053
0.0378425
0.031104
0.5014462
0.02628102
0.943424
0.01720983
0.02590909
0.04713956
0.4780798
0.0596314
0.4639098
0.05890084
0.03053054
0.9934323
0.978917
0.9852297
0.5240367
0.461653
0.9843787
0.9916098
0.008595471
0.4940726
0.995209
0.9805868
0.493269
0.01869329
0.4600452
0.02597447
0.03470095
0.4623479
0.005849164
0.5825232
0.4798765
0.4997526
0.02975094
0.0276457
0.01464075
0.4922176
0.4721577
0.999444
0.5162752
0.03621967
0.008459172
0.9576218
0.9998216
0.9680827
0.4568105
0.5165159
0.4659911
0.9937832
0.01270444
0.5245342
0.01045715
0.5162385
0.9915137
0.5642986
0.5139546
0.01305605
0.02358001
0.5317788
0.4620745
0.01619357
0.02562744
0.007860629
0.9809557
0.4569798
0.5597419
0.9708881
0.5386414
0.9808314
0.4791027
0.007799946
0.9803754
0.9965016
0.9696167
0.0111333
0.983069
0.01008323
0.005713394
0.4888996
0.9686596
0.03270068
0.02478125
0.4898934
0.9960534
0.9678348
0.4878797
0.4883488
0.9652992
0.9673567
0.5223582
0.5377633
0.4884976
0.9582678
0.9670797
0.02311732
0.9925211
0.9676161
0.4210254
0.9836064
0.509599
0.4787151
0.4952922
0.4909685
0.03726387
0.980285
0.9905278
0.003747352
0.007933299
0.9981168
0.03863767
0.03171032
0.4875767
0.9498227
0.9890376
0.02877888
0.453451
0.4787609
0.9874597
0.01539329
0.953118
0.9601533
0.9875637
0.05200823
0.5406968
0.9836389
0.001195855
0.02781436
0.9492734
0.9822015
0.5218527
0.02721173
0.004753697
0.006528122
0.9981767
0.01733049
0.04556273
0.4998404
0.9906042
0.9652201
0.01068331
0.9412571
0.5425658
0.4784944
0.01363594
0.02850699
0.002374744
0.01377541
0.03017193
0.9692477
0.9923348
0.5557028
0.9928299
0.03688407
0.4789058
0.01339746
0.4974955
0.9907408
0.9462206
0.01402875
0.5083825
0.07414567
0.5054642
0.9883004
0.9920016
0.03341694
0.9992288
0.5147821
0.4740879
0.9933545
0.002896723
0.4997772
0.968563
0.006038731
0.5175018
0.03250105
0.01330214
0.9797287
0.006894907
0.9749017
0.9995885
0.5080456
0.4991377
0.4911179
0.03943459
0.4924943
0.9959614
0.9449259
0.9887895
0.9936832
0.004659062
0.5434876
0.5320591
0.9847665
0.9774991
0.04114403
0.9925812
0.5135832
0.05442047
0.963338
0.4919226
0.4947868
0.5270645
0.5146811
0.002310642
0.4758652
0.5152892
0.5026937
0.5042031
0.9580911
0.4714141
0.4865385
0.05325885
0.477568
0.4993273
0.4489782
0.526432
0.01997825
0.9545529
0.4684444
0.03864747
0.002457141
0.4893234
0.476526
0.9719737
0.9761626
0.9872602
0.5264482
0.4992572
0.9891081
0.015425
0.9859863
0.9940794
0.9787393
0.001953716
0.03724014
0.463805
0.01537352
0.02536873
0.9909723
0.01114089
0.4647487
0.9556241
0.01414549
0.5284246
0.5159081
0.04404781
0.9954116
0.5127772
0.0358936
0.976767
0.02438991
0.9437836
0.9861869
0.9980738
0.9798211
0.9736455
0.009255006
0.5104691
0.04489097
0.4702043
0.5255079
0.9679804
0.01822742
0.01675245
0.002857347
0.04747772
0.04534098
0.9769901
0.9899477
0.527868
0.988478
0.530371
0.9942298
0.4826674
0.9615676
0.4639449
0.932029
0.03705321
0.5502393
0.0167068
0.004520218
0.03270627
0.9995536
0.9742759
0.465083
0.5339958
0.9674735
0.4942447
0.9795742
0.006094788
0.4965017
0.9616644
0.0711524
0.01050941
0.009475236
0.519903
0.0334377
0.9589545
0.0258877
0.007329801
0.5087254
0.02185771
0.4881082
0.979558
0.555361
0.9996186
0.993124
0.4736355
0.9975214
0.009976476
0.9803429
0.9790381
0.5941179
0.01047473
0.5907434
0.9512223
0.9726335
0.638712
0.5532001
0.9559364
0.5901847
0.999717
0.9605262
0.001450902
0.003631162
0.03286147
0.9218628
0.6378167
0.3573741
0.4085971
0.9776147
0.5477669
0.02439554
0.9383738
0.3993454
0.5628121
0.3898254
0.01891496
0.03528323
0.6125955
0.6103556
0.6431027
0.05479592
0.4155938
0.3992882
0.4161301
0.6163033
0.05120098
0.9991075
0.9660999
0.02809855
0.5718565
0.9679401
0.9816635
0.9647354
0.3727147
0.007169074
0.6179668
0.4467385
0.03274995
0.4154055
0.3840799
0.6179361
0.002708862
0.9500676
0.6221288
0.01635375
0.4071497
0.991718
0.01479337
0.6192355
0.6261021
0.6209131
0.6129481
0.9913812
0.5614311
0.359622
0.9765055
0.0007580042
0.6124338
0.003537678
0.02771295
0.9859609
0.01572798
0.6095062
0.9615366
0.9499001
0.4015685
0.9648933
0.4130159
0.3733664
0.9852097
0.9521769
0.9738404
0.4707276
0.9768405
0.3606507
0.5531155
0.9929665
0.9688322
0.9863364
0.01476467
0.6300773
0.9981572
0.6137368
0.02464933
0.9915576
0.01766464
0.9663072
0.5848751
0.3920123
0.03797012
0.995453
0.00515433
0.01562514
0.4113172
0.9955092
0.3839499
0.06622072
0.6676933
0.5392447
0.9774673
0.4579608
0.008640239
0.9904336
0.4098271
0.6605072
0.4522603
0.9737152
0.3952247
0.01873959
0.4296199
0.04228088
0.4165049
0.0191331
0.005078413
0.04004614
0.006936801
0.6380066
0.6005206
0.6300945
0.6295567
0.05853675
0.4258302
0.9645059
0.3587001
0.5554265
0.983211
0.0160214
0.05329998
0.595981
0.008121423
0.3531031
0.341045
0.007450485
0.5997353
0.4215139
0.965781
0.01775733
0.9862262
0.9664538
0.6114431
0.4679218
0.3697473
0.6448448
0.001855337
0.02858067
0.9782171
0.3713959
0.5956327
0.9844378
0.0007027731
0.9905576
0.6037923
0.9993714
0.01840191
0.3979328
0.9781101
0.6167501
0.3877857
0.04604469
0.5895455
0.5693975
0.5783242
0.5634752
0.4267063
0.00493824
0.9994365
0.9527317
0.02891078
0.5667312
0.9670116
0.009580653
0.3764616
0.9492881
0.9689013
0.6152749
0.03802857
0.9912087
0.5567589
0.6262705
0.9990905
0.4003599
0.9990727
0.6075946
0.4353325
0.000898673
0.4004396
0.04060083
0.5676037
0.4217878
0.5271864
0.9801193
0.4334703
0.6100627
0.5803851
0.01241921
0.361145
0.9754828
0.3928117
0.9905805
0.05052873
0.9872779
0.9760255
0.9264519
0.3685797
0.003538784
0.9901702
0.4286941
0.571606
0.4162275
0.5915944
0.6054428
0.9840813
0.5779261
0.362593
0.4406266
0.3957305
0.5969651
0.005511695
0.6523278
0.9867727
0.389278
0.636158
0.02933488
0.03493208
0.01862548
0.6431087
0.9407602
0.01780631
0.9958916
0.02205717
0.4183248
0.5631258
0.5913591
0.6113399
0.5920011
0.02586856
0.9979546
0.02699983
0.3744337
0.4402913
0.3937336
0.954192
0.02522277
0.6813142
0.4325636
0.4028216
0.4112909
0.9384991
0.3531691
0.4086735
0.611046
0.4001739
0.9834232
0.991324
0.01726473
0.5477378
0.3810346
0.9718734
0.6140117
0.9994561
0.01812431
0.9926481
0.4126687
0.389735
0.02255244
0.03033449
0.9753193
0.4265268
0.401167
0.9906489
0.4367067
0.4113665
0.004908168
0.0117197
0.03960269
0.5490613
0.9778398
0.4213626
0.9970648
0.001245695
0.5833822
0.3722269
0.5833626
0.006376877
0.0115632
0.4283897
0.04387678
0.4025955
0.02261127
0.01480032
0.6376358
0.974194
0.585209
0.4251391
0.0596785
0.6648682
0.9538089
0.04882798
0.4444121
0.3927032
0.9845784
0.9969561
0.6354611
0.6406792
0.05447924
0.0003826071
0.4153393
0.4115038
0.6337302
0.3134412
0.9400255
0.02302398
0.6272401
0.600306
0.3813808
0.0672833
0.6453123
0.6020356
0.3730872
0.01206224
0.02462525
0.001701754
0.4176739
0.4037455
0.607074
0.3899005
0.5109707
0.535648
0.5028862
0.9928359
0.5179209
0.9998167
0.03075473
0.9612308
0.007355134
0.02878064
0.02030179
0.4953943
0.4949451
0.482471
0.02415468
0.5123753
0.9691117
0.5177979
0.009783656
0.009687276
0.9615785
0.5153752
0.5377914
0.4346367
0.4653059
0.04606251
0.981259
0.03738147
0.5128884
0.9863532
0.03150475
0.007528972
0.9409848
0.9919246
0.5819432
0.5463857
0.99798
0.9464918
0.007665812
0.01836997
0.4828606
0.0497574
0.02184226
0.9669245
0.01501861
0.9916599
0.9610573
0.025307
0.9643614
0.9774248
0.9956934
0.02652635
0.4439179
0.01017538
0.5028773
0.514785
0.9545778
0.996819
0.04532843
0.02439909
0.02728203
0.4861891
0.9777481
0.01859107
0.965834
0.0406269
0.9688963
0.006704599
0.9845077
0.5468934
0.4827559
0.004515616
0.02881012
0.5491459
0.5392439
0.9869254
0.5196355
0.9985322
0.9704914
0.00914702
0.5217818
0.9902228
0.9760453
0.5326101
0.4728743
0.02445286
0.4710937
0.9856475
0.4805603
0.020085
0.008178699
0.4325271
0.4968544
0.4915025
0.9994973
0.5520835
0.9155953
0.5277425
0.007873864
0.006218219
0.02270207
0.9558585
0.9971089
0.5375091
0.9652086
0.9589406
0.02244532
0.04463087
0.4831907
0.4938158
0.02477625
0.9868464
0.003082187
0.007526166
0.005558275
0.4851836
0.9810749
0.5350559
0.02676131
0.9908736
0.003991335
0.9997663
0.01069432
0.9975114
0.9847685
0.9991971
0.5224743
0.9741888
0.461892
0.9972581
0.4731821
0.03713715
0.03040467
0.02588282
0.5113064
0.0460171
0.4476194
0.9892038
0.9844471
0.02538296
0.9891072
0.9909438
0.5244073
0.02176572
0.9951475
0.0005789612
0.9864197
0.01875545
0.9824244
0.9455567
0.9467451
0.0376819
0.9814035
0.5199861
0.0009742841
0.926028
0.9804824
0.01730722
0.5311331
0.5253506
0.9874227
0.06533522
0.008386112
0.02725673
0.9880825
0.9899471
0.5075181
0.003038872
0.4951342
0.5480676
0.07350475
0.9492598
0.05960581
0.5128048
0.9700104
0.9985919
0.4751393
0.4678867
0.5239155
0.9811354
0.9950942
0.473079
0.9777844
0.002400829
0.001147649
0.9778596
0.4275072
0.02980731
0.02194991
0.996483
0.484754
0.5320142
0.9910399
0.033221
0.516798
0.9617229
0.01503995
0.02382279
0.9994448
0.05536553
0.003679046
0.01108848
0.4969962
0.9857067
0.5093598
0.9849569
0.4816244
0.4821311
0.03078377
0.5316054
0.5138912
0.5382418
0.01210475
0.02917633
0.02331107
0.9981026
0.9983963
0.5303864
0.4740933
0.9751745
0.5009414
0.4618532
0.9859284
0.9704557
0.4998401
0.003644878
0.0430549
0.06945385
0.9581797
0.01352047
0.03588081
0.03513744
0.9770525
0.05132044
0.9719392
0.003534086
0.518718
0.4851595
0.5112687
0.03122934
0.004401408
0.5162888
0.9666155
0.4403048
0.02757223
0.4703994
0.04969929
0.5195873
0.9786828
0.9357125
0.007049889
0.04807762
0.002911506
0.02942588
0.5204437
0.9952544
0.484809
0.0507261
0.08133446
0.993333
0.9615795
0.9909187
0.016948
0.9945122
0.4541639
0.4936186
0.9818345
0.5154018
0.003757299
0.9992835
0.4937755
0.9797059
0.4989037
0.05818536
0.9578235
0.4200711
0.4857793
0.05687459
0.9486182
0.9393018
0.9567198
0.5024227
0.939973
0.04987747
0.5082369
0.955898
0.9910941
0.04442915
0.5596675
0.5435072
0.4868139
0.5255594
0.4748681
0.4874087
0.5565877
0.006353624
0.5032249
0.09084662
0.02189052
0.03027673
0.4961199
0.005435442
0.5272609
0.001084445
0.5249811
0.9958979
0.5043306
0.9281891
0.06255106
0.02336065
0.4259179
0.06905202
0.9674625
0.03566543
0.9741646
0.4927261
0.9978756
0.5409426
0.9935356
0.965003
0.4664361
0.9784019
0.9986958
0.9830807
0.9866686
0.02934925
0.5209171
0.4547426
0.981045
8.835359e-05
