0.9847956
0.9781613
0.5357442
0.4894079
0.503558
0.9987166
0.02865023
0.9991993
0.9576169
0.4433311
0.02963476
0.03079286
0.5163846
0.9794531
0.007480764
0.0001900647
0.9839679
0.9439416
0.01029425
0.5394707
0.995371
0.9922741
0.4443252
0.5163835
0.4639673
0.5274948
0.01022147
0.03865022
0.4728913
0.9347119
0.9640444
0.4614117
0.4830184
0.9847098
0.001639019
0.9910611
0.9858017
0.95209
0.481547
0.03496264
0.4994721
0.540116
0.9569615
0.02547747
0.4870122
0.9973789
0.4653649
0.0002463318
0.9515056
0.9921863
0.4358433
0.5174666
0.9916361
0.9812188
0.01202553
0.950276
0.003547459
0.5062019
0.02046213
0.9343705
0.0272783
0.9980728
0.4850844
0.4479375
0.04924286
0.5308397
0.01835675
0.03554043
0.02359975
0.02423703
0.4881425
0.02967197
0.02636895
0.9986272
0.007592493
0.9779909
0.9938743
0.9795037
0.5275901
0.9883119
0.02815131
0.04071971
0.5352278
0.9730703
0.002567473
0.4942071
0.9706246
0.5328483
0.9852765
0.4918523
0.5064457
0.9836109
0.01991379
0.01105874
0.005853251
0.5756749
0.4905897
0.005250913
0.4830815
0.001483394
0.9856609
0.006047774
0.989932
0.9896705
0.9934161
0.9609025
0.4202727
0.5543497
0.05985945
0.4343091
0.981984
0.6336613
0.3854305
0.4034294
0.5397815
0.4076986
0.4606783
0.006216382
0.5573035
0.620648
0.01754266
0.5734217
0.9730416
0.01017601
0.6655089
0.3569357
0.4481478
0.982357
0.9948374
0.5689047
0.3597663
0.3920238
0.9908589
0.604525
0.0523721
0.04151289
0.990325
0.02382187
0.004410323
0.9747833
0.9965164
0.9897987
0.98379
0.3638689
0.5707447
0.4073385
0.009701338
0.02375939
0.9732417
0.973017
0.4079923
0.9665053
0.01269343
0.9779409
0.9735293
0.6440271
0.636787
0.375099
0.02542572
0.660363
0.02829545
0.4003167
0.4289558
0.04240272
0.580898
0.6108193
0.001554178
0.6392514
0.0262157
0.6044354
0.05423752
0.4180172
0.006787545
0.6075255
0.9958566
0.4240598
0.9656982
0.3946949
0.3818658
0.6221668
0.5360138
0.06955958
0.4298285
0.5931097
0.9926596
0.61692
0.01427075
0.3873016
0.3970553
0.409151
0.02702274
0.9748329
0.00133774
0.9753036
0.01197828
0.356963
0.6254753
0.05805458
0.02982767
0.9552628
0.01281508
0.01763212
0.4312214
0.9552425
0.3952154
0.02122255
0.6355923
0.999702
0.02758103
0.5860021
0.9768564
0.6413307
0.001672451
0.9558847
0.9551108
0.01111503
0.3898288
0.6387831
0.4078963
0.9664602
0.00656903
0.9421428
0.0497081
0.02563782
0.0004113829
0.9786347
0.4334437
0.4062855
0.4119297
0.02751738
0.004821354
0.4256294
0.6120589
0.6182823
0.9663785
0.4176155
0.6156353
0.0187891
0.4106666
1.531223e-05
0.9535646
0.9866296
0.6240624
0.9788492
0.001821561
0.4026377
0.4347057
0.004464879
0.9858598
0.9952361
0.378271
0.6151051
0.5517307
0.6210496
0.4373126
0.593566
0.0007698208
0.5905562
0.9870329
0.001753834
0.3935238
0.6455774
0.9963922
0.9691495
0.5869338
0.9713713
0.4021031
0.9915591
0.9628979
0.3963952
0.9694693
0.4212654
0.4336578
0.6426888
0.013192
0.3755155
0.01224155
0.9846415
0.9855352
0.00860025
0.0293451
0.9871664
0.03544407
0.6059274
0.4140547
0.03925564
0.01643483
0.3894651
0.01641569
0.4052892
0.400006
0.02888081
0.005935024
0.986345
0.03477141
0.5736346
0.3728197
0.6019728
0.5979729
0.9887161
0.9427495
0.03257793
0.5945621
0.9747177
0.9925817
0.9677953
0.0180059
0.9754379
0.009645609
0.04693755
0.01358742
0.9519646
0.009377822
0.06557862
0.4161321
0.4271208
0.9896404
0.008035205
0.5554098
0.9482542
0.6276241
0.008179955
0.9827025
0.9894702
0.9689721
0.04447567
0.0203136
0.02068787
0.4016726
0.4548003
0.6358172
0.3907074
0.9862619
0.9935588
0.003645837
0.01624326
0.4051746
0.350172
0.004449548
0.9760461
0.4056527
0.01378556
0.6462871
0.9862992
0.4398855
0.6159456
0.9938399
0.5517261
0.008763788
0.3824449
0.6265998
0.5866508
0.584851
0.622469
0.3594331
0.6402404
0.621623
0.3918727
0.9926892
0.01059949
0.00934206
0.3595901
0.9896963
0.5656016
0.9982556
0.3711768
0.6197303
0.6375143
0.3633833
0.4032424
0.9732095
0.9760033
0.3617263
0.9910659
0.9876343
0.371513
0.4118152
0.9953668
0.6055361
0.9538156
0.969316
0.6331914
0.5638152
0.6152755
0.4345945
0.6204135
0.6203492
0.04839125
0.3607918
0.4568733
0.05343723
0.004729052
0.5998405
0.5480643
0.9975739
0.5615369
0.5813185
0.04359343
0.5740271
0.3831285
0.03890989
0.02449101
0.04990213
0.02894505
0.6313907
0.9985157
0.4767417
0.4154479
0.3858854
0.6078793
0.6419968
0.3787088
0.4046447
0.007807194
0.6118103
0.4145314
0.5778027
0.01129617
0.9785806
0.6121031
0.586491
0.6090983
0.3847859
0.4174472
0.02460617
0.6273316
0.0308528
0.6241169
0.4066221
0.01666642
0.5910588
0.5803801
0.9368637
0.5817654
0.5606171
0.002574105
0.04318636
0.3772143
0.996427
0.4172375
0.3791598
0.3941063
0.3612294
0.600078
0.6207367
0.03582609
0.4108755
0.3775474
0.9421253
0.03425291
0.3660699
0.9696046
0.5873128
0.008530942
0.4016307
0.402884
0.355428
0.005360102
0.9681509
0.045929
0.9363827
0.6034042
0.4091066
0.6459705
0.4291375
0.9945407
0.3820938
0.9771648
0.5765923
0.6106996
0.6315536
0.987063
0.01269787
0.007517214
0.01634859
0.4291643
0.5972445
0.004341126
0.02449217
0.002810602
0.3991578
0.9959335
0.6181266
0.3779861
0.0339531
0.3671506
0.001001873
0.9973114
0.3803345
0.007362728
0.0008827836
0.01590104
0.9792023
0.6404515
0.9578322
0.3723634
0.3425633
0.01454136
0.4329359
0.4140097
0.9781683
0.3964688
0.3427893
0.949345
0.4333265
0.966279
0.3590302
0.02858427
0.5794797
0.4043549
0.3756895
0.03324891
0.5514748
0.6073284
0.003523584
0.01840313
0.937616
0.9908933
0.9871833
0.5637546
0.9512537
0.9756269
0.5969825
0.001400592
0.003564204
0.4509181
0.57663
0.5588984
0.4009368
0.3931413
0.555709
0.02073769
0.6230874
0.9724437
0.9993302
0.4029062
0.9704346
0.5826334
0.3976612
0.61005
0.6222385
0.9952425
0.5736702
0.3853171
0.6322072
0.6071165
0.3978221
0.6672752
0.0007448704
0.6382285
0.978742
0.5983121
0.02145082
0.4266696
0.008965068
0.4110852
0.9665381
0.5553737
0.4123446
0.6102326
0.6026156
0.3615733
0.4627088
0.6222135
0.3667128
0.1012316
0.4403362
0.4397055
0.5759643
0.9978433
0.5910523
0.3672486
0.9915652
0.004436003
0.07014826
0.03432998
0.0004364719
0.3956079
0.009438614
0.01956206
0.9626079
0.9907259
0.9995391
0.04467673
0.4109033
0.3634041
0.3488268
0.01952052
0.6125354
0.9675188
0.03069772
0.008399481
0.6265706
0.9866616
0.9865377
0.9952875
0.01314925
0.03685059
0.3676522
0.01394741
0.3714231
0.4039315
0.03708272
0.586523
0.01784503
0.5603617
0.01448036
0.3822372
0.9438823
0.5730973
0.3905446
0.02259268
0.002102537
0.007503658
0.9688162
0.4593827
0.9093702
0.9383281
0.5440368
0.01936541
0.5611397
0.9992954
0.4238254
0.9794932
0.06969544
0.6551021
0.5993173
0.4487073
0.3747747
0.5925783
0.418652
0.02591945
0.4025254
0.9961821
0.3469096
0.5771614
0.03597004
0.4136883
0.9548986
0.4283336
0.9960532
0.6622332
0.6117486
0.9958531
0.9864585
0.9888324
0.01732266
0.425355
0.6035961
0.0611994
0.008495598
0.002449267
0.4066006
0.9890078
0.9760751
0.05597763
0.4040805
0.6028711
0.5967048
0.3903347
0.373901
0.9577639
0.3937283
0.02813738
0.5532753
0.01591968
0.04937363
0.3606378
0.02400144
0.4606011
0.5910007
0.5120883
0.9906385
0.3933217
0.9585271
0.9970954
0.01391575
0.5866931
0.9740938
0.5586462
0.4461581
0.006488507
0.3739755
0.9935293
0.587786
0.5585228
0.4246905
0.9986539
0.02725822
0.006658664
0.6447366
0.006741431
0.6131416
0.5557088
0.9620268
0.4363143
0.3802481
0.5898515
0.00386666
0.5860825
0.03447383
0.4629698
0.624596
0.6021413
0.6075451
0.9896359
0.6040035
0.001474716
0.002798358
0.9880584
0.6008013
0.454595
0.02740635
0.4457282
0.4059109
0.9916117
0.04607293
0.01233046
0.9859982
0.01936327
0.02990373
0.4063797
0.4368134
0.396034
0.9623143
0.01810526
0.02233122
0.9906055
0.01183541
0.6822523
0.9853555
0.6380231
0.0182293
0.3906249
0.5860104
0.03748111
0.00314888
0.9918287
0.6154289
0.4248763
0.4032239
0.9812956
0.6035708
0.3803039
0.03515751
0.6183299
0.3802837
0.5837307
0.003210394
0.3795939
0.3963887
0.9299602
0.9785618
0.6338982
0.02472667
0.9493559
0.01955688
0.4812697
0.6042999
0.6120106
0.9878283
0.4236537
0.931273
0.4565425
0.4342805
0.007037872
0.9953906
0.4000111
0.3298075
0.9897345
0.9510905
0.5614168
0.3722268
0.6200893
0.02092235
0.008939143
0.5567631
0.3965241
0.03640988
0.598114
0.01487167
0.01809515
0.4250072
0.001013556
0.9931733
0.0621087
0.01769484
0.9753032
0.4227301
0.9903932
0.566194
0.9925247
0.03384231
0.04468811
0.04352857
0.03094305
0.983734
0.994991
0.3997459
0.4156886
0.6549563
0.6169672
0.9930507
0.5829915
0.5845983
0.04287958
0.9461268
0.008728262
0.00375945
0.9701235
0.03645385
0.004577378
0.3591472
0.004058376
0.06604515
0.9794608
0.9982385
0.955708
0.01278088
0.4098178
0.9989939
0.9878872
0.9393862
0.02212249
0.6748817
0.6055712
0.4391982
0.6490159
0.05128175
0.4276928
0.9821943
0.9984775
0.5972551
0.3846578
0.5853287
0.00293117
0.6041737
0.4466453
0.001512127
0.5842554
0.3930767
0.02890086
0.9832484
0.9883501
0.4348288
0.9933611
0.582876
0.02187107
0.6473409
0.9998954
0.005969665
0.9938849
0.367729
0.001880015
0.9950971
0.6139016
0.9833456
0.9872942
0.3997446
0.9791968
0.9954593
0.3537016
0.000207676
0.06014369
0.01071865
0.995049
0.6000999
0.6188793
0.5465848
0.6320808
0.646014
0.5804017
0.9686106
0.4371701
0.5707724
0.01889229
0.3823015
0.9788703
0.4043998
0.4369203
0.9716556
0.006912712
0.609659
0.4333499
0.9278235
0.9817415
0.4223623
0.008055448
0.9755425
0.3916967
0.5566807
0.9608599
0.5636361
0.9269721
0.9980604
0.6063639
0.009835889
0.9658735
0.3153575
0.5697724
0.6183237
0.03516198
0.5807959
0.9322759
0.4237555
0.6262788
0.5224019
0.6279035
0.5551781
0.3896758
0.6197058
0.02409667
0.9529595
0.6359997
0.9391166
0.04811055
0.01140779
0.3781973
0.5817052
0.03595969
0.4110289
0.9797393
0.6331372
0.9611591
0.3872335
0.5678949
0.622764
0.9756297
0.999607
0.6120545
0.3789011
0.9747104
0.9963121
0.9603115
0.006888615
0.9805824
0.5732601
0.4148561
0.9979582
0.6338774
0.940785
0.3932256
0.9874098
0.3928665
0.5131616
0.9722514
0.6437767
0.5810522
0.93933
0.9590444
0.6075979
0.4314664
0.03552045
0.6155241
0.01207903
0.603321
0.009681227
0.954741
0.9585923
0.9890984
0.5539985
0.05103641
0.956497
0.3822734
0.9474496
0.369307
0.04900894
0.3888274
0.3549679
0.9821396
0.6168856
0.4157986
0.008896943
0.5835807
0.9855467
0.6201576
0.9739089
0.9862386
0.6302225
0.003597493
0.6174516
0.4165992
0.9566313
0.004486645
0.9925385
0.3927943
0.4082934
0.9967231
0.5930812
0.6297418
0.9870746
0.4086613
0.5937804
0.9706393
0.004139612
0.5665885
0.0173764
0.3949474
0.5742593
0.3971696
