0.9804181
0.9901033
0.9400183
0.9561944
0.9393762
0.02061479
0.00864766
0.0258453
0.9198396
0.9797971
0.05804597
0.9608839
0.99098
0.0376464
0.006151192
9.513999e-06
0.01816539
0.9747344
0.009328852
0.01676268
0.01369643
0.9513987
0.02736005
0.985665
0.9400933
0.02241116
0.01119442
0.9427967
0.02574444
0.9696454
0.007214186
0.9684055
0.9214584
0.01047192
0.0185121
0.9843656
0.002267288
0.01392629
0.9996846
0.002248742
0.9821217
0.05039454
0.008187047
0.9967838
0.04247283
0.9740344
0.002930318
0.9857693
0.9965197
0.9874199
0.9066266
0.9826295
0.01621538
0.0302755
0.005891584
0.9609184
0.01740034
0.9441067
0.006258607
0.03430401
0.9741944
0.07218194
0.003898627
0.003917202
0.002949736
0.04878782
0.04872787
0.002458139
0.9754331
0.9785039
0.9830752
0.9596887
0.9544317
0.006267997
0.03935702
0.04333029
0.0082458
0.9719839
0.02278986
0.9762622
0.984077
0.9966815
0.9576646
0.9780439
0.0008524369
0.9787546
0.9766976
0.9843757
0.9878716
0.01781093
0.015343
0.9872811
0.07581133
0.9833615
0.9511247
0.9687642
0.005730378
0.9613577
0.009563913
0.006217025
0.001285656
0.03166923
0.006210162
0.005275354
0.02091247
0.0107103
0.0155184
0.001455429
0.02984822
0.01816006
0.009497986
0.01982954
0.013784
0.0295429
0.002007692
0.008538356
0.04223999
0.02604605
0.004520641
0.04809982
0.01971106
0.04514592
0.03129221
0.002994784
0.02703393
0.001222396
0.03045468
0.02101612
0.03516348
0.01918864
0.02177295
0.02373988
0.01353752
0.01918991
0.04367513
0.02727476
0.03087862
0.02866572
0.01740625
0.007628327
0.01192723
0.02779885
0.02811926
0.02449914
0.02183024
0.004921996
0.00367471
0.01223705
0.02496308
0.004401193
0.02729294
0.0292922
0.08883127
0.0603544
0.01648265
0.05042016
0.0349191
0.02576843
0.0150186
0.03533156
0.01340423
0.02729614
0.03252446
0.05617535
0.004919619
0.02602011
0.03796295
0.02718271
0.03575388
0.007828477
0.02487751
0.0118672
0.03343657
0.03498622
0.04302882
0.008874356
0.03208457
0.004251203
0.006126138
0.00230623
0.004063842
0.007220372
0.01593549
0.02978992
0.00998531
0.01564691
0.01405026
0.03095442
0.05956026
0.007126227
0.01881391
0.04822715
0.04162678
0.02718099
0.006082481
0.004653504
0.07504676
0.04387067
0.01839805
0.01376802
0.02277846
0.01119039
0.01674707
0.03939011
0.01402837
0.01926085
0.002434234
0.02198188
0.0009157826
0.0008440242
0.01796126
0.07425253
0.009804111
0.01969856
0.01423969
0.01658035
0.04212228
0.0421681
0.04432131
0.01572024
0.005507145
0.02510444
0.03526071
0.02370689
0.0213755
0.008752675
0.0009276701
0.04632709
0.04679154
0.03393606
0.05220068
0.00637266
0.02262584
0.02137971
0.02160037
0.004397494
0.03484464
0.01521205
0.008349103
0.05491046
0.005214256
0.002383488
0.005824812
0.005871288
0.02384467
0.03359129
0.01973498
0.02038168
0.01997414
0.05791574
0.05828012
0.05542127
0.04344586
0.02722941
6.592032e-05
0.06166709
0.07976582
0.02787257
0.06574639
0.000876193
0.05464026
0.04150648
0.01132486
0.01218231
0.04698322
0.03795451
0.06995435
1.303062e-07
0.02083151
0.005156525
0.02883928
0.006099313
0.01881933
0.03676503
0.006262181
0.03984899
0.0461287
0.01479667
0.028353
0.05380573
0.05182813
0.04792675
0.04222111
0.006483744
0.0007962728
0.001444907
0.01325617
0.02051019
0.006414023
0.03701283
0.02150665
0.02241602
0.009346148
0.048645
0.03170318
0.02977054
0.01501988
0.01450801
0.02406293
0.03178235
0.02023075
0.007310694
0.01408444
0.04998076
0.01081809
0.02925394
0.006607481
0.03120007
0.04751712
0.04104494
0.04270846
0.01840751
0.03519475
0.01384913
0.02631692
0.03734311
0.01531822
0.001836037
0.01277885
0.01268678
0.01243521
0.008230737
0.04357397
0.02064317
0.02638549
0.07861521
0.01306058
0.08352286
0.0466676
0.008071775
0.006087712
0.0370562
0.02507733
0.00761937
0.008756878
0.05493206
0.06241409
0.008984199
0.01066636
0.008231841
0.009684188
0.05191125
0.01076284
0.06148367
0.01532527
0.01316314
0.04313715
0.02671026
0.003732268
0.02255594
0.009968108
0.009548239
0.01181457
0.03336505
0.02883876
0.0472071
0.01530638
0.05309925
0.01365492
0.01253908
0.02922814
0.01393033
0.01724134
0.01696355
0.01151807
0.01038054
0.04610885
0.03916679
0.008678913
0.03555332
0.03199042
0.03458419
0.006850413
0.04944341
0.01956944
0.01684096
0.01980519
0.02245472
0.02990447
0.01054597
0.02342083
0.02903718
0.0002807383
0.02617521
0.01104656
0.01332053
0.02798588
0.02072635
0.0004155921
0.01892529
0.00197538
0.003552619
0.0486717
0.02292193
0.03008381
0.01404051
0.002864709
0.07360506
0.007785978
0.007284327
0.02727435
0.05263342
0.005183586
0.03356308
0.01735994
0.01741269
0.04140682
0.002045838
0.02455956
0.009725152
0.008222034
0.02761617
0.0310682
0.01761759
0.05087623
0.04651212
0.05385264
0.02287646
0.03768526
0.03139219
0.01216933
0.04439463
0.007576973
0.04051907
0.05090645
0.01575373
0.01585661
0.02765791
0.009396879
0.03255538
0.005897046
0.00771795
0.04278511
0.03224456
0.04939973
0.01694903
0.07838567
0.001664249
0.01037616
0.06820824
0.005548813
0.007845429
0.0005004539
0.003039813
0.0104707
0.01506816
0.009417478
0.03130118
0.007924874
0.02569301
0.03102506
0.01470944
0.01077658
0.06481256
0.03404948
0.03334843
0.001596701
0.005232325
0.0127653
0.01682505
0.007722889
0.04290163
0.007666447
0.0318037
0.02494086
0.0206423
0.02611276
0.01899889
0.03678289
0.004237402
0.0246043
0.004679883
0.001815877
0.02217416
0.02511242
0.02568697
0.01078439
0.02109837
0.0161263
0.0169183
0.01242019
0.006515001
0.02574435
0.02862928
0.00971341
0.04669546
0.080507
0.03920991
0.04351724
0.03503722
0.005821623
0.03716537
0.06132282
0.0006593737
0.03572355
0.02461974
0.04689897
0.03993601
0.02788881
0.03097286
0.00124617
0.01772584
0.00740632
0.02664582
0.01005013
0.03973254
0.0715747
0.0003834937
0.01695667
0.0215856
0.03729914
0.05076303
0.01564755
0.01245171
0.016132
0.002690395
0.02063634
0.02704905
0.0450967
0.009322317
0.03458787
0.02278022
0.04025824
0.003216019
0.05026471
0.03777029
0.02944178
0.02696658
0.01018305
0.01213262
0.0343232
0.007011855
0.007717695
0.02039839
0.004935195
0.0165606
0.02842636
0.03597852
0.01286157
0.02654085
0.04579419
0.008427908
0.002533222
0.04865361
0.01104969
0.03550255
0.03968467
0.003257835
0.004692499
0.05364276
0.04389963
0.02064391
0.02259954
0.03825556
0.0231099
0.03304046
0.03160112
0.03064008
0.02134344
0.01318288
0.004449672
0.04447479
0.03852825
0.0103737
0.03860705
0.001935665
0.0319725
0.05017063
0.01612122
0.00321712
0.03142403
0.03049773
0.01764836
0.008247726
0.0391253
0.05694728
0.02602493
0.01926272
0.0002738886
0.03278141
0.05618613
0.005761689
0.002946813
0.04306002
0.05768232
0.02170903
0.07388321
0.06187469
0.0513141
0.02783351
0.01959513
0.01323551
0.039759
0.02348965
0.0008100529
0.006293295
0.04597378
0.01959739
0.001761765
0.03723096
0.009853752
0.02242054
0.05718021
0.03077529
0.01077449
0.0008665873
0.04419594
0.006933073
0.03491659
0.01963535
0.02820244
0.01599987
0.01462338
0.02077215
0.04477276
0.0396053
0.009110687
0.006352195
0.01691235
0.05154586
0.003343934
0.01950848
0.03554323
0.02162165
0.008994643
0.02249053
0.02814317
0.05065121
0.03008457
0.02486953
0.001182323
0.02322211
0.08755949
0.01932359
0.02656806
0.02627626
0.006016174
0.004005199
0.02566576
0.01354791
0.02030304
0.01169039
0.01069969
0.04800319
0.007915211
0.06381304
0.03328679
0.01967342
0.02406335
0.03659108
0.007724235
0.005002091
0.02088953
0.02789126
0.03531904
0.002901905
0.01111193
0.006197419
0.05298026
0.0185005
0.04200094
0.06557689
0.0566944
0.01016575
0.05445883
0.0007052113
0.03644482
0.008103952
0.01526677
0.01960502
0.00821494
0.01401232
0.02424992
0.003482528
0.04143668
0.007537996
0.01143183
0.004913481
0.01212641
0.05398257
0.01825428
0.006535288
0.04246397
0.002237329
0.07109455
0.0264467
0.09146479
0.03546933
0.01488034
0.02434513
0.02725488
0.02004237
0.003317393
0.01587048
0.03259342
0.02568825
0.008365334
0.05435774
0.02225337
0.001525288
0.01892677
0.01450183
0.01566712
0.03384443
0.01731717
0.04431617
0.01773174
0.02664568
0.05385409
0.01851511
0.006926764
0.02654192
0.06517897
0.01034622
0.01832436
0.003922479
0.02650019
0.003606011
0.004168294
0.004070393
0.03644475
0.01433366
0.01279706
0.06507823
0.03521009
0.01208343
0.01453108
0.0004896606
0.08362564
0.01370785
0.07560244
0.03836321
0.02558055
0.02030059
0.0521552
0.03591565
0.006689578
0.01783431
0.00628032
0.02146914
0.02600698
0.001183803
0.01112295
0.01450085
0.04057374
0.04688386
0.003944297
0.01995261
0.03870155
0.02868918
0.0331611
0.007046403
0.005532183
0.01355972
0.006375405
0.01437706
0.01894333
0.003129439
0.06437801
0.02743383
0.04819098
0.0468953
0.02884303
0.04496502
0.007629853
0.006268279
0.009833429
0.02010718
0.01092202
0.03943833
0.0253802
0.04470727
0.0172114
0.01181702
0.09457452
0.04755018
0.01981959
0.01216676
0.04049595
0.0009461684
0.006794788
0.0233354
0.01249023
0.01471947
0.01252786
0.01789597
0.02304737
0.01795958
0.0008232277
0.03703405
0.06602146
0.02390343
0.01966548
0.0589907
0.00747025
0.03190859
0.01454675
0.000491665
0.001761551
0.003629732
0.03002346
0.01348954
0.03616706
0.002902362
0.04399838
0.004183424
0.03197301
0.01854846
0.03600317
0.03954378
0.0007974017
0.04142168
0.003937855
0.03357195
0.01863704
0.003248191
0.004285035
0.03479604
0.002110741
0.0105986
0.02422662
0.006358401
0.05310046
0.02408569
0.0008689131
0.005314339
0.00639885
0.005267448
0.02391003
0.03527602
0.01048709
0.0242726
0.01169836
0.01304215
0.0323542
0.002529632
0.01301742
0.0134134
0.005760102
0.021891
0.0319683
0.03682942
0.05327488
0.05016768
0.02397252
0.03857857
0.01543593
0.01596462
0.02221236
0.06746749
0.00736299
0.02419619
0.02212383
0.04084288
0.03380576
0.05513772
0.008895016
0.100919
0.05087857
0.02044422
0.01700041
0.007192622
0.007953681
0.007199254
0.02912985
0.04912306
0.01506373
0.009185744
0.0004010308
0.02472205
0.0791233
0.04659707
0.0252965
0.03808055
0.04279617
0.02519803
0.03263637
0.0268608
0.01670933
0.0006848654
0.01196734
0.02537303
0.04257363
0.02652534
0.03121611
0.004473569
0.0494621
0.03963699
0.001976841
0.01412464
0.003546608
0.04119854
0.02740658
0.007192697
0.07233954
0.02402068
0.0170529
0.006968053
0.001240054
0.005560848
0.002613509
0.01039763
0.005516584
0.04613111
0.01561469
0.001846746
0.004753206
0.0002475703
0.01338317
0.03232072
0.04702983
0.01335684
0.0472263
0.002156338
0.02176222
0.03282526
0.006448967
0.01803126
0.009888251
0.02716753
0.04151393
0.005555294
0.01096559
0.009013799
0.03464525
0.009762695
0.0002484984
0.01526766
0.04390868
0.01164774
0.001219455
0.02824755
0.01117779
0.02475115
0.00201581
0.01238241
0.02312868
0.03880997
0.05556641
0.01760157
0.05810819
0.006463453
0.02499992
0.004066594
0.0280791
0.009211905
0.02184488
0.01975064
0.007570836
0.01954319
0.01725021
0.01900493
0.03607353
0.02555278
0.0003113184
0.06445247
0.002442444
0.02188828
0.007970838
0.002462188
0.00407398
0.01753583
0.03932871
0.01911817
0.002547753
0.06638817
0.05552552
0.04696724
0.01912258
0.01256326
0.05181685
0.009916979
0.01741666
0.009365772
0.04028501
0.03187871
0.0263535
0.02604381
0.02266437
0.03071645
0.008652776
0.04635081
0.003021486
0.0101259
0.02904947
0.04024853
0.005245871
0.005490193
0.01982028
0.02933931
0.03485658
0.003872975
0.0014961
0.01565596
0.003128209
2.369813e-05
0.05037694
0.02016221
0.02952688
0.01570736
