0.01950278
0.5797519
0.01477317
0.2014163
0.5934381
0.3773123
0.4447521
0.835324
0.02673551
0.2273588
0.2108082
0.7822731
0.4060175
0.9800961
0.7641334
0.4159109
0.5941541
0.4053886
0.01211086
0.4466195
0.1844465
0.03518697
0.3724413
0.3678012
0.2193201
0.5998147
0.5693441
0.1478771
0.3822636
0.8409259
0.4292684
0.8432762
0.3524651
0.9862036
0.3727691
0.2056972
0.6291748
0.5958209
0.5607332
0.9708617
0.1799038
0.9947276
0.8156367
0.9697953
0.9605392
0.6215934
0.6489001
0.01353456
0.9930671
0.03873167
0.4303609
0.9659204
0.9996356
0.7825201
0.02931366
0.9879848
0.3881645
0.229904
0.7683066
0.5593668
0.1643386
0.3644435
0.8152675
0.8115219
0.5790239
0.01010598
0.4216503
0.8394758
0.2100576
0.9642147
0.5653164
0.01879522
0.825367
0.007137457
0.9979051
0.7956164
0.04168641
0.05772836
0.6011018
0.9652237
0.03574274
0.005517498
0.7476548
0.7962048
0.7597289
0.599143
0.9792454
0.2018814
0.21947
0.04044289
0.2067191
0.8213271
0.9829661
0.0274126
0.2481933
0.5656092
0.3874006
0.2107852
0.1651704
0.9963046
0.003940207
0.5767228
0.5763517
0.3938099
0.5820593
0.5597854
0.002498589
0.9998732
0.5858336
0.9993235
0.9800071
0.9713439
0.4109832
0.3923689
0.6229918
0.01419981
0.9532604
0.4264258
0.02211723
0.9501781
0.6038465
0.6567864
0.6182035
0.061054
0.9388671
0.5970039
0.990429
0.5867033
0.9995481
0.6140623
0.958071
0.05628101
0.4421817
0.3992336
0.03724125
0.6284949
0.3798209
0.65833
0.6293046
0.6114019
0.6305978
0.3640151
0.3573999
0.02570157
0.3612981
0.5689864
0.5537461
0.5443813
0.4171772
0.004889675
0.4286002
0.9994076
0.06071788
0.9698396
0.9920576
0.01129256
0.6152189
0.9723214
0.6468184
0.9955708
0.3284641
0.9893446
0.9786061
0.4210612
0.9809652
0.5837109
0.4395408
0.4224143
0.4452484
0.009099237
0.6327265
0.3962072
0.3846887
0.9829664
0.9656257
0.3706649
0.9428601
0.9915414
0.3681301
0.9733804
0.4309636
0.4089969
0.04053888
0.03373113
0.0225413
0.02401162
0.02429529
0.609025
0.04352745
0.9793687
0.6167269
0.9817247
0.008647002
0.02967987
0.3873862
0.005171599
0.3966721
0.4187579
0.5929659
0.390905
0.3926854
0.4393427
0.3522309
0.07580349
0.623508
0.9993939
0.3986493
0.9962929
0.620246
0.9693723
0.6099803
0.5678164
0.9964863
0.651488
0.4297529
0.6181295
0.02760554
0.4734043
0.01800417
5.368415e-05
0.9510394
0.999248
0.04186863
0.4087728
0.3823359
0.6013903
0.01468903
0.9968378
0.5958583
0.6121523
0.9280056
0.03110157
0.9875269
0.01101284
0.01173972
0.04195906
0.4066651
0.9576291
0.3794552
0.423537
0.3933559
0.005345016
0.01657234
0.6451426
0.9841113
0.9286556
0.0165821
0.6255405
0.4097168
0.6231781
0.6232437
0.009572007
0.4233382
0.9744879
0.009994893
0.973947
0.5575711
0.02092269
0.9882197
0.4267093
0.532776
0.4064071
0.00707748
0.9535606
0.4364275
0.5621721
0.02820806
0.02843079
0.9677585
0.002674828
0.9325495
0.012983
0.9844165
0.9659025
0.4184463
0.4562571
0.6090238
0.3817689
0.6777231
0.990917
0.3899101
0.9995593
0.9991046
0.5841593
0.4123656
0.03436754
0.01123033
0.6032087
0.9767394
0.05312942
0.9876809
0.4201223
0.511621
0.04041042
0.3808377
0.3681428
0.4032647
0.9954625
0.005017728
0.06138762
0.9276602
0.01354376
0.9570808
0.9788808
0.05342888
0.9791944
0.02804935
0.01196913
0.964299
0.03060531
0.02883916
0.9408452
0.4018988
0.9752442
0.406485
0.04675309
0.4556133
0.6052599
0.405035
0.9889569
0.6002305
0.428893
0.9919945
0.9969182
0.5999168
0.9964031
0.5747001
0.4163899
0.00553618
0.3494736
0.5294426
0.0141096
0.9484089
0.4493945
0.9451593
0.5882342
0.985782
0.4055587
0.5533525
0.4236077
0.9577159
0.6491172
0.6154219
0.9766313
0.9905692
0.5910571
0.9782554
0.640292
0.3941521
0.6128808
0.599192
0.96291
0.04057555
0.5833909
0.4241454
0.9744411
0.9988091
0.04933753
0.4543423
0.9491902
0.007868126
0.370824
0.0005667396
0.4138452
0.02106089
0.3986145
0.9722332
0.5846916
0.5656348
0.6360691
0.02401654
0.9954971
0.01209355
0.01937302
0.5935867
0.6325205
0.6330556
0.9839277
0.6021133
0.5462045
0.01581601
0.964994
0.004287916
0.9607454
0.02169543
0.01949189
0.04179484
0.02396282
0.4247861
0.9921223
0.005789632
0.0147214
0.9634124
0.9530163
0.4193861
0.9664501
0.9985153
0.3790815
0.03678111
0.5733775
0.01831921
0.9959779
0.594788
0.4019505
0.96521
0.02463812
0.007452048
0.4330089
0.9919872
0.01325991
0.4555826
0.979952
0.02687751
0.5732081
0.9597427
0.02333415
0.4621787
0.5659237
0.627723
0.9552089
0.9934775
0.5579282
0.9649326
0.5614944
0.02904497
0.6054539
0.4016956
0.5896892
0.5922304
0.9790457
0.4008745
0.4051617
0.3893031
0.4546129
0.9642497
0.4343231
0.01252366
0.3956781
0.395954
0.5889615
0.9846595
0.6034348
0.6106167
0.3716376
0.6289073
0.6071509
0.3626573
0.9757824
0.5999919
0.6159357
0.6114175
0.5685283
0.01664906
0.6305957
0.4318097
0.005608269
0.9575754
0.4307042
0.3634797
0.3640505
0.004692637
0.0565525
0.959332
0.60306
0.6468426
0.05166544
0.03073119
0.3363213
0.3601383
0.3848488
0.9298347
0.6284501
0.9974822
0.4223157
0.9659335
0.9899344
0.5619852
0.3391838
0.03510393
0.440168
0.5886313
0.06037097
0.3796239
0.00669835
0.04496771
0.3920263
0.4378275
0.006279568
0.9912427
0.02839555
0.5922766
0.9307275
0.9728317
0.4334061
0.5585791
0.0778141
0.6290691
0.6076371
0.3885587
0.9979215
0.02137901
0.04196361
0.07792685
0.5969011
0.4091523
0.007522181
0.02877325
0.3762133
0.0277041
0.9890661
0.4135979
0.9248561
0.9706009
0.3462544
0.03710099
0.6112149
0.01310261
0.02367062
0.5656918
0.3588658
0.3416026
0.964867
0.006712097
0.9848692
0.9873829
0.4070441
0.9743417
0.03204575
0.581984
0.4123754
0.9739959
0.4031164
0.6388687
0.9782954
0.5070114
0.5864425
0.04272482
0.4491882
0.5969949
0.02857767
0.9723484
0.6225112
0.003744064
0.572739
0.4200952
0.9626129
0.9821902
0.998403
0.9775918
0.606499
0.04248761
0.9522642
0.9820693
0.613832
0.9585334
0.9967697
0.02723955
0.01862296
0.4348634
0.9608805
0.008143045
0.376543
0.3599257
0.01589109
0.411413
0.3410949
0.9655048
0.9902981
0.3606568
0.6199217
0.3696578
0.542942
0.5674183
0.9929459
0.05731344
0.5990583
0.9797006
0.01850556
0.06086824
0.9667189
0.001714617
0.6002988
0.9787751
0.3471583
0.4243277
0.0213816
0.04244428
0.5796117
0.4566894
0.4022303
0.01911227
0.01552784
0.06054159
0.5993244
0.9999853
0.0153649
0.4135266
0.9425827
0.9830478
0.3880129
0.3698119
0.6226628
0.9915486
0.01462118
0.4413972
0.4161944
0.3933392
0.009886638
0.9747555
0.3743264
0.6516042
0.6479896
0.9715056
0.4075799
0.9740513
0.02710026
0.4341609
0.0008941887
0.003284231
0.04449362
0.38819
0.9535361
0.4162152
0.4037222
0.06156759
0.4127371
0.5366477
0.4656155
0.3771778
0.3719303
0.5797482
0.6159889
0.4230983
0.9995418
0.005079438
0.01534024
0.3854131
0.6147675
0.02415882
0.02124869
0.9979996
0.02562911
0.9665386
0.3817131
0.3665431
0.3521294
0.9544399
0.02552166
0.9670699
0.9852352
0.01588095
0.9839308
0.04161176
0.3749674
0.996718
0.01294648
0.9740455
0.9678649
0.6184356
0.6206637
0.02637438
0.4266447
0.396956
0.01413276
0.6395808
0.3689508
0.4245278
0.4127593
0.4153278
0.3667015
0.9854042
0.9764343
0.4166523
0.3858716
0.5557754
0.6029036
0.002611864
0.5776194
0.04512174
0.3679057
0.5589826
0.9631019
0.4447894
0.6571712
0.00877783
0.9931189
0.5530319
0.01714284
0.9953361
0.9946599
0.59549
0.530172
0.3894993
0.9972651
0.4215903
0.5681308
0.009493714
0.9545832
0.3812031
0.3799731
0.4019382
0.6048126
0.05973318
0.5716355
0.02356251
0.9928834
0.4512566
0.9839743
0.9665794
0.009707965
0.6514828
0.4474474
0.0347004
0.6260044
0.01871276
0.01844824
0.3635141
0.01543751
0.3431052
0.007218286
0.02514357
0.4193618
0.592858
0.001925148
0.9652283
0.9643804
0.401705
0.01690691
0.04537041
0.5777178
0.6288773
0.9920701
0.4110421
0.008336287
0.9271227
0.9701269
0.9539851
0.5593289
0.3570744
0.9762863
0.02591689
0.03956133
0.589688
0.9777272
0.5736981
0.3873665
0.3935856
0.9679813
0.6296158
0.6180282
0.4632819
0.01274369
0.4077839
0.5902493
0.9794398
0.04026333
0.5860933
0.5938806
0.5907834
0.9792306
0.5866273
0.399091
0.3762561
0.6341283
0.5572758
0.3717906
0.9991566
0.3786382
0.410222
0.6192348
0.3531595
0.6131539
0.9778186
0.00417594
0.5942877
0.04328742
0.600996
0.9536387
0.4126081
0.5909405
0.6014549
0.04805756
0.6192658
0.9765685
0.0008002578
0.6174198
0.3613987
0.5433439
0.9685392
0.392081
0.02708583
0.6039988
0.5997839
0.005556889
0.403556
0.4240309
0.9582995
0.02369333
0.05733773
0.01669738
0.5411678
0.9656593
0.05678025
0.6162407
0.3658954
0.02717287
0.5868466
0.9930755
0.006911819
0.9987793
0.4663433
0.9940282
0.008593423
0.4024855
0.622509
0.6029009
0.3775399
0.9715812
0.03883056
0.9872363
0.9378759
0.5802681
0.3873235
0.01954236
0.03388661
0.987556
0.9578907
0.5827983
0.372392
0.04310592
0.4111946
0.02338453
0.3745444
0.5943314
0.07178367
0.6151865
0.01769582
0.03761658
0.00693546
0.3949669
0.01030959
0.9875607
0.6422243
0.03110825
0.9484125
0.3544542
0.000566745
0.986242
0.5835576
0.6083329
0.4536433
0.0282884
0.5719988
0.006883456
0.5865071
0.6137052
0.3942138
0.6167038
0.4434167
0.929898
0.5636988
0.5714445
0.6346037
0.580807
0.0082517
0.05781456
0.4077014
0.04987744
0.4083422
0.3708673
0.418355
0.02372894
0.6525148
0.594567
0.4013263
0.312503
0.9667411
0.5933656
0.05836711
0.972431
0.619361
0.4386549
0.01184622
0.01255214
0.4097202
0.9975186
0.9694013
0.5862576
0.593629
0.6042727
0.01698633
0.975637
0.3217542
0.4163665
0.00756352
0.6466429
0.9943663
0.3649167
0.02409856
0.5633273
0.993132
0.9823307
0.5875291
0.02713994
0.01799312
0.0228089
0.6370065
0.6400402
0.4202645
0.6028884
0.9817731
0.5599488
0.9686867
0.4183745
0.4067833
0.9725023
0.4116351
0.4024157
0.6399763
0.4579996
0.03363268
0.95139
0.6396254
0.9865784
0.6059678
0.5998077
0.5907945
0.5925664
0.6377713
0.01909579
0.01837063
0.9889753
0.4745661
0.5911052
0.01933193
0.9803366
0.0194496
0.432281
0.9925598
0.622732
0.02433754
0.9769517
0.6096498
0.3976229
0.5852231
0.4028993
0.04263854
0.4341387
0.9789136
0.5554487
0.01301732
0.04968681
0.04246687
0.9853463
0.03757016
0.9619722
0.6421868
0.9573104
0.656573
0.9963435
0.4364652
0.9853551
0.4019294
0.03410468
0.9967534
0.3456283
0.5831027
0.9941334
0.9770064
0.06783407
0.9671663
0.5881191
0.007199742
0.01582415
0.9949528
0.9708281
0.5521147
0.6031162
0.4346624
0.5961099
0.01279626
0.4095379
0.6092958
0.01701226
0.007829708
0.9883239
0.9878809
0.9877072
0.9542254
0.633696
0.3730154
0.9999381
0.9886236
0.008506644
0.01539608
0.007485302
0.9847151
0.5865643
0.5668999
0.6117796
