0.9968402
0.4234808
0.4156137
0.3744288
0.9882731
0.05226612
0.9790148
0.9975321
0.4155237
0.002764838
0.6212593
0.00791475
0.5365931
0.9678346
0.4250072
0.3440195
0.01287907
0.4403103
0.9793275
0.9574216
0.9987669
0.3956383
0.9758242
0.9941861
0.5739207
0.3976512
0.6104276
0.9618437
0.5912262
0.4492765
0.9943768
0.9707395
0.6374235
0.0392343
0.6142398
0.9668277
0.399384
0.9587359
0.993469
0.4031993
0.9763969
0.04684929
0.5575386
0.5899756
0.5943565
0.6617226
0.6201879
0.3968084
0.587467
0.0028472
0.5959816
0.3830414
0.4115299
0.4126175
0.4359531
0.617196
0.5894627
0.6220426
0.005538718
0.6145689
0.3786248
0.02444951
0.3596232
0.04070594
0.007839948
0.9641218
0.433398
0.467121
0.9678339
0.6053545
0.5818227
0.3889832
0.5354608
0.5868435
0.9964494
0.01318125
0.9292331
0.5974624
0.415827
0.9843713
0.05824818
0.542326
0.9733921
0.9427486
0.6210532
0.5698773
0.3769128
0.4500317
0.02874588
0.3882831
0.3712639
0.5545659
0.995521
0.625501
0.4111555
0.03425702
0.9894699
0.9945577
0.4127768
0.3621041
0.5991247
0.9867533
0.01591746
0.03283617
0.06426872
0.3700049
0.3784488
0.02663038
0.01217152
0.956807
0.9982437
0.9683698
0.04435557
0.01753915
0.005644127
0.0301893
0.02411809
0.9678101
0.9938799
0.9125784
0.008966673
0.07368339
0.36481
0.9785621
0.9810547
0.04038734
0.3467791
0.5779412
0.6214003
0.6164561
0.4421875
0.008455646
0.9512092
0.0009069861
0.9955518
0.008421073
0.5656006
0.008397133
0.002397913
0.3931549
0.5806215
0.5545414
0.5618918
0.3940478
0.442873
0.4076859
0.0180099
0.3474177
0.3926125
0.4224017
0.02200973
0.4039935
0.4240922
0.03502404
0.9816056
0.3898371
0.9552247
0.5706137
0.95551
0.607764
0.02502322
0.5734623
0.9593945
0.03306193
0.9529848
0.3621414
0.01411256
0.9845126
0.414673
0.5551066
0.6224427
0.9976726
0.5902082
0.4195824
0.9918422
0.9662688
0.01133555
1.517403e-05
0.9861861
0.6294587
0.9817882
0.4364349
0.03606305
0.610911
0.4156728
0.6318661
0.06052874
0.605351
0.9956901
0.03175562
0.02947333
0.3722606
0.3732881
0.03669653
0.5972125
0.9976337
0.07558879
0.0174835
0.01949237
0.00988103
0.006895338
0.3887039
0.3675854
0.9472771
0.6077147
0.9631902
0.01239071
0.9876178
0.561003
0.4420786
0.3478247
0.5821375
0.9875819
0.04649025
0.6392871
0.007633098
0.02538338
0.9861515
0.006030689
0.9874627
0.6020977
0.9671342
0.01981399
0.4351949
0.5761426
0.4010939
0.624663
0.0006958497
0.601874
0.9961227
0.3342966
0.9953937
0.63453
0.9938022
0.5755534
0.02085582
0.4423694
0.5493399
0.007276416
0.3402893
0.9827284
0.5601171
0.9931839
0.02680476
0.988719
0.9747545
0.42356
0.0628608
0.9906414
0.5869193
0.6147818
0.6226013
0.4166157
0.3369786
0.3707087
0.9806298
0.5855196
0.4479084
0.9943473
0.5869586
0.004533314
0.6297835
0.9668866
0.6008359
0.01175319
0.9900876
0.9652976
0.5873444
0.6197083
0.3630982
0.3819486
0.02097339
0.004179733
0.6463356
0.6464193
0.001539227
0.5772161
0.5629879
0.9960046
0.992789
0.5716165
0.04396969
0.009384352
0.0142968
0.3751912
0.5392285
0.03957381
0.01743958
0.03146631
0.5826505
0.007871801
0.9959385
0.6545555
0.6276559
0.5725636
0.3938037
0.428128
0.423366
0.03486831
0.03685369
0.5919727
0.9971344
0.3869926
0.9599002
0.5896464
0.9862742
0.6151894
0.9967998
0.386414
0.3819687
0.05608442
0.9210013
0.3448531
0.01305375
0.6116011
0.03227553
0.610129
0.603853
0.9994306
0.956744
0.5736924
0.9348301
0.6045493
0.4338433
0.9911762
0.3397191
0.3830845
0.9856376
0.5217861
0.3772795
0.5875965
0.01831594
0.3811019
0.3712498
0.9470121
0.4155891
0.5971142
0.5532516
0.4231536
0.02181262
0.4040783
0.0359107
0.05870304
0.02416032
0.3648033
0.6251647
0.9898888
0.9776881
0.9612359
0.3683531
0.4234528
0.3827928
0.3678407
0.3892363
0.0007485995
0.5769471
0.9529433
0.6013591
0.4375625
0.6164332
0.625851
0.9686799
0.9832185
0.03165531
0.05139704
0.966551
0.9819466
0.9972138
0.01531537
0.9643796
0.9789574
0.001300085
0.608045
0.583908
0.3607176
0.6225782
0.5543474
0.6062919
0.9760176
0.9875814
0.4112952
0.3783002
0.3994808
0.36602
0.4485564
0.01109704
0.9432242
0.9368904
0.9650231
0.998033
0.5785281
0.9990475
0.5896421
0.3590709
0.007050766
0.980682
0.006677974
0.9851642
0.5972099
0.02108562
0.02223057
0.5545371
0.6031948
0.3434759
0.01946975
0.02683175
0.6192836
0.4186453
0.3754781
0.03609081
0.002460378
0.01731915
0.3810373
0.00120238
0.3993365
0.4093691
0.03885272
0.9930712
0.6151525
0.4271502
0.9744472
0.6415826
0.959873
0.4599509
0.03126658
0.9413382
0.05644848
0.6251357
0.6020992
0.6099065
0.01757496
0.9864833
0.05243628
0.4051424
0.9874713
0.5759407
0.3807249
0.03235439
0.3791891
0.3392043
0.01542246
0.4236025
0.9886259
0.02459866
0.9879235
0.009083647
0.02125475
0.9768031
0.03366066
0.621173
0.05298481
0.005974212
0.9811784
0.3693291
0.3840654
0.3641375
0.9776586
0.9989577
0.3998646
0.6532028
0.07483943
0.60869
0.5636884
0.4022361
0.5979247
0.4323964
0.01223676
0.9383395
0.9771062
0.4399907
0.344407
0.5958363
0.9848962
0.6182533
0.5968262
0.002046331
0.380727
0.6129921
0.01734494
0.9663162
0.01302351
0.3997224
0.4088673
0.04149191
0.02814495
0.01147137
0.9847123
0.00825485
0.9870573
0.01237991
0.9900732
0.9960653
0.3679636
0.5813325
0.02447401
0.5761998
0.008161234
0.4016922
0.5702936
0.6055674
0.9410132
0.08946297
0.9540479
0.02257702
0.9637781
0.9934022
0.01998688
0.04444971
0.9850769
0.005730123
0.965444
0.9923003
0.9791823
0.9729184
0.9545463
0.03961608
0.02417657
0.9527877
0.04501378
0.9855107
0.02105549
0.01167811
0.0242049
0.009202397
0.01878132
0.01271884
0.97678
0.007307989
0.04302323
0.04392099
0.9888786
0.05006476
0.9413263
0.9748213
0.01787026
0.0002576049
0.9943279
0.05418542
0.9802804
0.9805321
0.004288304
0.03867315
0.004707097
0.03958704
0.02447175
0.02111648
0.9995057
0.003253377
0.0008244934
0.9878662
0.9571741
0.9850038
0.00225582
0.9767914
0.03606943
0.9999519
0.9906247
0.9918921
0.9841366
0.007372853
0.9592053
0.9638769
0.9222416
0.9925786
0.01341296
0.9673737
0.03879656
0.9827174
0.07755908
0.9694196
0.008863466
0.001532262
0.9925495
0.02187721
0.9963984
0.001673459
0.022862
0.996028
0.04913628
0.03550765
6.556125e-06
0.01737113
0.01200162
0.0183248
0.9701781
0.9941704
0.9427709
0.9731538
0.004671538
0.963425
0.9741277
0.9731791
0.9844666
0.0104972
0.9766757
0.002695803
0.9775682
0.02604827
0.9721083
0.04593662
0.03243751
0.01007308
0.9809917
0.02760842
0.009006048
0.9991841
0.9700875
0.9988727
0.006300999
0.9610787
0.9677237
0.9692745
0.9904987
0.9933053
0.9519447
0.04219681
0.9969024
0.06066167
0.01757128
0.9909163
0.9782922
0.9550678
0.03593179
0.9899158
0.9959569
0.00106603
0.005588006
0.9485157
0.999668
0.9782886
0.02888344
0.04437031
0.03142143
0.9689955
0.006850376
0.9953495
0.9770533
0.9915111
0.9973595
0.002645303
0.05204077
0.9917597
0.9859516
0.9364003
0.9716392
0.9611273
0.004863207
0.9976239
0.002063136
0.04292597
0.9955722
0.01664119
0.005384582
0.01742159
0.9969857
0.003057015
0.9980145
0.9790005
0.9753083
0.9400463
0.9725706
0.02345952
0.9940843
0.9939929
0.00763757
0.9809382
0.9971127
0.01117646
0.01691505
0.009699355
0.04172621
0.9849975
0.02016537
0.05849673
0.01682649
0.02005726
0.9780879
0.02342103
0.01426945
0.9943249
0.0002970307
0.007779702
0.006998612
0.961735
0.00135722
0.001726653
0.9738768
0.02434645
0.001745379
0.05064376
0.9723825
0.9740989
0.9832282
0.9788834
0.9966459
0.9540916
0.9995997
0.002603967
0.9975543
0.0294101
0.06163415
0.004228687
0.9696841
0.9947013
0.01088255
0.007804735
0.02530725
0.974378
0.02429779
0.9997609
0.03241977
0.03673306
0.01008196
0.03249133
0.02054726
0.05625386
0.9959119
0.006325055
0.005796723
0.9833096
0.9692796
0.9597444
0.008763795
0.003332406
0.03886969
0.9777954
0.05554379
0.01534675
0.009740678
0.04449465
0.9567251
0.9911673
0.01252666
0.03029984
0.9703393
0.001370757
0.02544103
0.9933598
0.02620995
0.0461246
0.01890453
0.9213002
0.01297927
0.03613137
0.9809947
0.04053133
0.9897754
0.966177
0.00561107
0.9947652
0.03490124
0.9590712
0.01582116
0.9902875
0.01724914
0.02065272
0.9715952
0.006946801
0.9741856
0.972734
0.04898164
0.04164984
0.9748068
0.990049
0.9950879
0.9974032
0.9839214
0.9643507
0.9977335
0.9792554
0.9630907
0.03245873
0.9876306
0.9402733
0.9715531
0.9870223
0.0004468236
0.9968013
0.9796171
0.04727821
0.03445915
0.006419883
0.9771721
0.008985865
0.04116657
0.9563709
0.008895124
0.001705077
0.01126979
0.9812938
0.9898127
0.0003805681
0.0008564912
0.9925522
0.9973505
0.9930241
0.9638259
0.9591105
0.007480962
0.9892303
0.03130823
0.946421
0.01067692
0.02885885
0.9570158
0.03024731
0.008007497
0.05272466
0.991378
0.9974255
0.9870477
0.01160115
0.9655823
0.0202876
0.9838282
0.02280815
0.01560442
0.007448244
0.006385324
0.0151877
0.9786493
0.01983579
0.9978454
0.9553314
0.99087
0.01327751
0.9962583
0.02257994
0.9338841
0.9910433
0.9820821
0.03161659
0.9763292
0.05370747
0.03790425
0.02625524
0.009147557
0.9594119
0.9781534
0.9281254
0.03240875
0.9757448
0.006460192
0.9849907
0.01533153
0.002969107
0.04371442
0.972997
0.9730014
0.03636617
0.9624804
0.03369626
0.9602475
0.01336479
0.04664828
0.9897369
0.044995
0.006736361
0.9625818
0.00645137
0.02370232
0.02410846
0.0294611
0.9953298
0.004289159
0.9985291
0.001370559
0.02536309
0.994921
0.9620205
0.994568
0.9982654
0.02195817
0.009948094
0.05623667
0.9992065
0.0137941
0.03348939
0.9993652
0.01467686
0.008118492
0.9445613
0.0448423
0.01924846
0.03082981
0.9807488
0.9577827
0.03000695
0.03076832
0.0415152
0.9475439
0.01214638
0.9581245
0.03548775
0.01670577
0.01088963
0.9558425
0.9969852
0.9741531
0.06691494
0.9821964
0.005491119
0.9647763
0.01116693
0.01596921
0.04051121
0.990364
0.9786397
0.9918753
0.9594678
0.9708483
0.985279
0.02347687
0.01354271
0.01880355
0.09434739
0.9422318
0.9631495
0.02654167
0.9993231
0.9460143
0.9867483
0.00704352
0.01477305
0.9513806
0.06234859
0.9966375
0.9802785
0.9504108
0.9719056
0.974298
0.03751016
0.03020884
0.02821194
0.9484916
0.03756003
0.9948601
0.9446057
0.987849
0.9706839
0.06895186
0.04643146
0.9763435
0.09683126
0.9802668
0.9792382
0.002271191
0.972538
0.9764754
0.001683038
0.0132382
0.9356045
0.9975126
0.04746465
0.01507437
0.07123639
0.9993738
0.0290122
0.9552753
0.9646307
0.9830666
0.9806445
0.04618374
0.004055351
0.003194387
0.9923023
0.992245
0.003452577
0.9889312
0.02305481
0.003705037
0.99082
0.01360847
0.9817738
0.9743821
0.9875872
0.03246882
0.01885554
0.003669257
0.01260682
0.01263859
0.003597569
0.02721494
0.9250674
0.04190062
0.9960304
0.9766673
0.9960787
0.982282
0.008625255
0.9910715
0.9702545
0.991201
0.9807232
0.9841468
0.9822376
0.03104944
0.9563875
0.9709772
0.01070819
