0.5339854
0.9803009
0.3981561
0.003963834
0.6148957
0.4413614
0.02682893
0.9694779
0.5961977
0.9546442
0.5924153
0.9708036
0.3751583
0.9992187
0.9669053
0.04057726
0.413864
0.002408238
0.9555935
0.3858657
0.4090916
0.4239733
0.04618206
0.03873332
0.5867994
0.9924806
0.5567653
0.4579776
0.0184304
0.4382236
0.6054999
0.03105713
0.03435786
0.3831859
0.9485982
0.9941623
0.9427349
0.3857614
0.0005526866
0.6442418
0.9368953
0.0006004999
0.6294838
0.9965385
0.432271
0.3832571
0.009848024
0.9874185
0.6378598
0.6016059
0.9128212
0.4407862
0.4370588
0.3807478
0.9822232
0.5885957
0.6104731
0.003201829
0.99993
0.04257557
0.6524217
0.007663121
0.02538079
0.5768416
0.9970176
0.9751955
0.460777
0.5782613
0.6536349
0.9865955
0.5871395
0.4288367
0.408395
0.6182634
0.420952
0.5991366
0.6269263
0.6055351
0.02998658
0.9706733
0.9985899
0.02522105
0.02162186
0.9578536
0.575924
0.3980901
0.04495575
0.596275
0.4303914
0.03804797
0.9588955
0.05294245
0.3691664
0.5957336
0.3861799
0.05283072
0.9935042
0.004865159
0.3881572
0.0314476
0.06767544
0.01349584
0.9777578
0.0481728
0.9976451
0.03636535
0.01423302
0.005363533
0.9775118
0.0128005
0.05826546
0.01209577
0.9853103
0.00776204
0.006940737
0.9622516
0.9895412
0.979246
0.9956936
0.01753444
0.9622732
0.9427083
0.9847296
0.9985597
0.9899671
2.771879e-05
0.9047662
0.02602052
0.02211176
0.9928392
0.9892866
0.9543622
0.9904851
0.9768422
0.05095607
0.9841458
0.9718447
0.04480319
0.9448844
0.9918083
0.03794043
0.06573803
0.04083342
0.06988831
0.9374099
0.01018278
0.01107962
0.06140239
0.02359115
0.02323097
0.9812177
0.9719175
0.0179688
0.9888629
0.9624211
0.9668305
0.0306319
0.01451262
0.01256041
0.02212803
0.0001322562
0.01939668
0.9688547
0.9493778
0.9820376
0.9915176
0.004456487
0.008874182
0.01839762
0.008257965
0.9471907
0.9944701
0.0285721
0.01886671
0.008456727
0.9748273
0.9887233
0.01617806
0.02169747
0.9993244
0.9931379
0.9991606
0.953888
0.04770499
0.9726338
0.9790693
0.9958185
0.01571688
0.9986124
0.9923709
0.9721267
0.9760946
0.9754923
0.9367008
0.9687911
0.02447017
0.9992398
0.03254462
0.0104411
0.940897
0.989637
0.9563985
0.04489562
0.02655731
0.02354138
0.9832091
0.003571847
0.04531496
0.05403198
0.9874237
0.9831737
0.9945739
0.04040102
0.03496448
0.04167543
0.9835581
0.9537448
0.007887855
0.9869485
0.07080213
0.9768803
0.0509208
0.9714063
0.02582295
0.03027672
0.9671106
0.9892554
0.01638831
0.9886304
0.01135046
0.9948941
0.9967995
0.9837295
0.02557853
0.007804709
0.00635932
0.9786284
0.9975391
0.03016967
0.05301863
0.9937915
0.9848028
0.02357489
0.9891223
0.03159208
0.03817509
0.9855274
0.9720898
0.0006374554
0.01273761
0.9370876
0.9839562
0.970133
0.009467154
0.007935582
0.01485718
0.9791862
0.02394344
0.0128188
0.01000571
0.004291485
0.01621017
0.971675
0.02045708
0.9925066
0.9769357
0.9793647
0.0007251737
0.02337087
0.03786159
0.9589739
0.02536366
0.9461755
0.02134495
0.9707638
0.9964729
0.9272851
0.9702071
0.06307458
0.02908254
0.03942825
0.9539957
0.9866287
0.02242165
0.9745093
0.9838609
0.03991508
0.9889021
0.9700181
0.9743234
0.008190424
0.04120786
0.01664253
0.05811708
0.9700842
0.9993939
0.0193671
0.9781922
0.9763451
0.006156673
0.9941569
0.01923037
0.03567284
0.9916439
0.9887623
0.9982828
0.07913045
0.01825393
0.02424349
0.036176
0.01889073
0.04089166
0.00465069
0.9668829
0.02173859
0.01983829
0.9726468
0.9847588
0.01611136
0.9829853
0.9779113
0.03132162
0.9298148
0.02114206
0.9851825
0.9972217
0.9963723
0.02157349
0.990241
0.988791
0.9564143
0.001226775
0.9688631
0.9979304
0.9919203
0.02234871
0.9699629
0.03980705
0.9484017
0.9846979
0.008530315
0.01618229
0.9759479
0.9954104
0.9896967
0.9861517
0.9807156
0.006251534
0.03493236
0.07174857
0.01320487
0.005322924
0.03735497
0.9753179
0.01075117
0.003409399
0.01507619
0.9405871
0.05056137
0.01590097
0.9810668
0.0006696441
0.05316957
0.003933482
0.06175619
0.9489567
0.005900918
0.01680697
0.9876722
0.956403
0.9981478
0.9888943
0.01498362
0.9724192
0.9922489
0.02769409
0.02845661
0.955348
0.9991895
0.9574666
0.02476335
0.02296661
0.9909768
0.9981454
0.9869277
0.9733299
0.9701488
0.9822043
0.009094013
0.9960609
0.9705217
0.994618
0.01960313
0.03529556
0.9358333
0.05576512
0.9858701
0.9909175
0.980309
0.9823107
0.009864869
0.9849028
0.9732554
0.05286069
0.9370666
0.01438262
0.00952654
0.02031459
0.973659
0.00172374
0.9866466
0.01308416
0.034475
0.01496688
0.9461431
0.9543626
0.9852797
0.9664382
0.02224211
0.9934457
0.03185849
0.02045555
0.03428707
0.9493579
0.9950944
0.05588289
0.01408621
0.9818282
0.9847371
0.9789982
0.009019499
0.01843473
0.984125
0.9740288
0.984425
0.9714384
0.01034044
0.006876026
0.01208048
0.02897549
0.03361456
0.9514235
0.9844985
0.0007543233
0.03340691
0.9656673
0.9468142
0.005102271
0.9900686
0.01438391
0.9815066
0.007512876
0.9532437
0.01743913
0.9916126
0.9740805
0.9992868
0.9907819
0.9954141
0.04989801
0.02036053
0.9659743
0.03095916
0.9943415
0.004175167
0.06244128
0.9696088
0.9814955
0.9796175
0.02815261
0.001514648
0.04329163
0.9729293
0.01702283
7.284541e-05
0.02298401
0.9953614
0.9734762
0.002388581
0.9928526
0.9273237
0.04599775
0.9929673
0.03488535
0.9949352
0.9740746
0.9984422
0.02144335
0.04600028
0.9978532
0.005051159
0.02390831
0.9769321
0.9650584
0.9753186
0.9941297
0.07076275
0.9678527
0.04808951
0.02693449
0.02231399
0.9928147
0.9885594
0.9231583
0.9995036
0.9882773
0.9673144
0.01668424
0.02553771
0.9984819
0.9971641
0.009809452
0.03284051
0.9852477
0.01265154
0.9814849
0.01185301
0.9476033
0.08309961
0.9696892
0.9670609
0.0394115
0.05039649
0.01983579
0.956718
0.9981087
0.9789286
0.9742721
0.9283236
0.9935285
0.01974512
0.007878345
0.05060684
0.009127778
0.01482825
0.9901293
0.9795613
0.9755013
0.9545502
0.9744379
0.01868616
0.001846347
0.999925
0.9843295
0.994823
0.9825982
0.9981562
0.945971
0.01318254
0.9610329
0.001417368
0.9937347
0.937182
0.9884638
0.9841741
0.005415748
0.9564424
0.006817318
0.001649208
0.05476875
0.04951513
0.05219476
0.008722741
0.0675641
0.9909819
0.9964415
0.004640747
0.01240365
0.007892341
0.00269272
0.9777837
0.9887994
0.03238304
0.9503538
0.03271449
0.9560893
0.9808263
0.9850569
0.008161516
0.9992524
0.02894913
0.993005
0.01798583
0.950496
0.983062
0.9813063
0.05029653
0.952412
0.02181122
0.03144168
0.04658606
0.005649353
0.03073604
0.9830871
0.004256841
0.008025781
0.9728681
0.03275066
0.9888717
0.009095066
0.9956184
0.03178497
0.004765353
0.01399008
0.0130343
0.03250045
0.9959255
0.06776293
0.02496091
0.9972676
0.9804726
0.9962842
0.0193332
0.006157279
0.01480666
0.007110848
0.9810394
0.004766491
0.9821787
0.9810741
0.07505234
0.01434141
0.9677078
0.03657381
0.04904543
0.9657174
0.9872115
0.04671427
0.9923281
0.002431913
0.002222194
0.9695847
0.06683632
0.07881498
0.9659653
0.9630452
0.9465975
0.9951
0.9911412
0.9960553
0.007116762
0.9772181
0.9929629
0.962512
0.9955042
0.01618317
0.02134803
0.002544294
0.9990097
0.9893979
0.02714358
0.9431239
0.0464917
0.99424
0.04511161
0.9897502
0.006044387
0.0259434
0.9945184
0.9685273
0.06597045
0.006199081
0.003572169
0.01822886
0.9988996
0.9841619
0.959885
0.9983
0.04406521
0.006747812
0.02020905
0.9999285
0.02610393
0.9498524
0.9478104
0.9959065
0.06055925
0.9928202
0.02569622
0.007000669
0.9841182
0.945023
0.002361056
0.04840026
0.02121039
0.02000311
0.002436696
0.01020214
0.9996095
0.03401789
0.03085012
0.02392372
0.9547228
0.9761924
0.9833478
0.9612339
0.002797474
0.960105
0.02576087
0.9734166
0.01379737
0.9770698
0.974397
0.03650616
0.9652361
0.9702408
0.9928142
0.9909257
0.01463313
0.01855122
0.07221529
0.9986063
0.03693625
0.9877047
0.0109583
0.9614055
0.9824197
0.9762832
0.07026208
0.9823806
0.0183008
0.0162993
0.9454447
0.03606316
0.9206881
0.9905033
0.01662591
0.01812221
0.06205087
0.986751
0.04261796
0.01797775
0.9786385
0.03679209
0.9916207
0.981628
0.04576095
0.9982052
0.001463643
0.04571216
0.04612562
0.9980263
0.9696416
0.9519406
0.9822879
0.01294535
0.01659411
0.9962464
0.02814144
0.0255879
0.005726221
0.0183501
0.9669732
0.03701032
0.9536341
0.04120546
0.06046107
0.9972405
0.00578244
0.9696725
0.004861543
0.009124333
0.05996278
0.9955661
0.9810363
0.9478372
0.01021117
0.9568151
0.01083263
0.9801636
0.9886914
0.08992748
0.9746483
5.055266e-05
0.9739308
0.02799151
0.007361164
0.004615748
0.0260838
0.9726043
0.9797381
0.01523784
0.9786567
0.03642136
0.9869803
0.9602671
0.01202121
0.04829483
0.9799678
0.04081633
0.004301097
0.02941559
0.006918957
0.0150534
0.939081
0.006799722
0.02169452
0.9805534
0.0144047
0.9723064
0.04568336
0.03520576
0.00887995
0.9766147
0.9798328
0.06217181
0.9639001
0.02536941
0.0424304
0.9876421
0.03603555
0.9839911
0.9872817
0.05761259
0.9474465
0.04573873
0.9683911
0.9846671
0.9569597
0.959981
0.9470197
0.9672355
0.9979321
0.02924561
0.9436525
0.020167
0.06084585
0.9910002
0.02356719
0.9809429
0.005063384
0.001126196
0.01780317
0.99807
0.9651857
0.9636928
0.03637003
0.04949601
0.9830096
0.9887826
0.9904776
0.9926567
0.9771336
0.002444545
0.03527977
0.9916308
0.9912654
0.01452906
0.00165875
0.9934688
0.9811421
0.9467025
0.9794458
0.9784442
0.9862816
0.92772
0.001232995
0.01767337
0.09784494
0.9815113
0.990485
0.0001973246
0.05808552
0.9981295
0.9425862
0.0249266
0.03142332
0.002275135
0.03125083
0.004826929
0.03183832
0.9845411
0.01578685
0.9784159
0.9720649
0.951113
0.9883573
0.007839632
0.02782283
0.06980389
0.0139101
0.9789943
0.02325809
0.02795359
0.9286223
0.02072409
0.01309218
0.02334176
0.007127279
0.002936199
0.03312176
0.9646687
0.9998313
0.911809
0.9357675
0.0009764489
0.001372176
0.9947229
0.9229695
0.002618521
0.01118331
0.9724356
0.9259023
0.0371748
0.9965383
0.03287577
0.9372972
0.04100407
0.007078598
0.9386602
0.04318807
0.00714891
0.02869838
0.01264437
0.008747121
0.02278887
0.027631
0.01102894
0.9644515
0.004976512
0.9636855
0.01426815
0.01822087
0.9782075
0.01836893
0.02806168
0.01362312
0.9672712
0.05570843
0.9494146
0.9892739
0.03645935
0.9467441
0.002466116
0.000408811
0.07424285
0.03067796
0.9571339
0.9822424
0.01515546
0.9188602
0.008508819
0.955004
0.9845025
0.02599356
0.9855698
0.0009210915
0.9930755
0.9857943
0.01029713
0.9983244
0.9910891
0.9971177
0.9888125
0.9752836
0.002263424
0.009521106
0.9525584
0.9992492
0.01453168
0.9965639
0.9865095
0.9876373
0.007094347
0.9893642
0.02961026
0.03058219
0.04981642
0.0004377127
0.9949869
0.9992739
0.9484313
0.9941594
0.9620208
0.9745587
0.03007322
0.01424242
0.04199509
0.9742621
0.9767203
0.04958326
0.01992721
0.01830335
0.009010661
0.9622915
0.9986541
0.9819034
0.02568184
0.002343317
0.002637263
0.00931928
0.968145
0.04531443
0.07495127
0.9868865
0.02968674
0.005587433
0.9764463
0.01860525
0.02687677
