0.9993966
0.02315106
0.5978346
0.6040168
0.02053955
0.6500728
0.361119
0.004919134
0.00711111
0.9747026
0.06318335
0.9663503
0.5793404
0.9608548
0.5760002
0.3762112
0.002654957
0.5277999
0.4266588
0.9988235
0.4053996
0.3559728
0.0160548
0.9472337
0.5751603
0.41228
0.5784209
0.3420826
0.9807241
0.3765465
0.5442761
0.6249903
0.5794955
0.9901654
0.5833105
0.3977621
0.9496774
0.5643759
0.005381201
0.3895241
0.3495758
0.456722
0.987337
0.9999826
0.3898708
0.4406429
0.02894979
0.9283174
0.5576042
0.9665645
6.952307e-05
0.02641561
0.3788687
0.5946655
0.5781383
0.9575824
0.998971
0.003560679
0.9398882
0.3971845
0.02887282
0.9881241
0.0004009723
0.4518883
0.9682294
0.3613822
0.9997871
0.5776478
0.6187776
0.4331034
0.4036231
0.6175056
0.9801023
0.0086328
0.6027939
0.4521129
0.642305
0.002941709
0.008714384
0.973401
0.06245665
0.6256013
0.9996608
0.9970304
0.4030259
0.02784302
0.006063551
0.3402129
0.6379206
0.6114477
0.609938
0.9835308
0.02836218
0.01660314
0.4109462
0.002633452
0.02410127
0.333029
0.05271625
0.995868
0.01887918
0.9786051
0.01728873
0.9700076
0.04649191
0.4979977
0.5347961
0.4564831
0.03117677
0.541043
0.4762601
0.0009443161
0.4985973
0.9653815
0.5176977
0.03784246
0.9514595
0.506067
0.4591774
0.9957932
0.989919
0.9602393
0.05245841
0.01953309
0.04478967
0.9858376
0.9954067
0.9960136
0.0482892
0.0454088
0.03352748
0.9896123
0.9953951
0.03877884
0.0361901
0.4801569
0.01656079
0.5222828
0.9798087
0.01062386
0.9647658
0.4802694
0.9646074
0.4862815
0.04736802
0.01838723
0.01965542
0.9703327
0.5016954
0.9396539
0.02404367
0.5261717
0.01586612
0.4963369
0.01794421
0.9736914
0.03324343
0.984819
0.5032975
0.4849825
0.002025909
0.977353
0.5093512
0.008604215
0.542408
0.02830791
0.005469349
0.01775821
0.4714156
0.4554735
0.01329343
0.9567468
0.9944795
0.03364578
0.4836721
0.03552037
0.03764978
0.02695211
0.9418917
0.4953561
0.9913427
0.9895493
0.03676675
0.015034
0.01284687
0.9970638
0.4910504
0.985497
0.04586731
0.9580045
0.02778127
0.01097127
0.4457634
0.9418913
0.5296357
0.498101
0.02762217
0.4985006
0.9456524
0.5308199
0.03246174
0.02714997
0.01458102
0.5204004
0.0008754576
0.9730546
0.5242357
0.5183405
0.9963829
0.9900355
0.4833332
0.002304141
0.9898966
0.0005228275
0.9774998
0.01611297
0.5235454
0.4762406
0.9855229
0.988406
0.9999719
0.9683991
0.5132074
0.5329428
0.5043813
0.01924646
0.9409916
0.02575779
0.02130152
0.4734924
0.02158605
0.5393083
0.9944798
0.9663558
0.9808095
0.9996798
0.03590467
0.9720412
0.9331742
0.9972515
0.007131412
0.4710025
0.01129959
0.5107918
0.4784278
0.5211126
0.9778005
0.9669016
0.006538104
0.9803063
0.5068089
0.01200425
0.5199668
0.98563
0.9560307
0.5179379
0.5143825
0.9808087
0.03411691
0.06125551
0.940155
0.04843194
0.9948066
0.9899012
0.4990578
0.9894588
0.4979291
0.4966331
0.03768313
0.9917286
0.003996126
0.4913461
0.005259483
0.02530084
0.9979924
0.466233
0.4802692
0.4953079
0.9813245
0.007713601
0.5188012
0.0247048
0.03429481
0.9969718
0.9999986
0.9759914
0.990946
0.9787374
0.01308541
0.9869224
0.9758142
0.9876995
0.08960101
0.4639025
0.5223578
0.9843594
0.9278312
0.04393805
0.5154072
0.4617984
0.5214243
0.4983976
0.02313284
0.5233284
0.03432367
0.06140834
0.4706515
0.9844396
0.02874226
0.485068
0.4507821
0.4926253
0.5147653
0.4984011
0.9950378
0.997402
0.08571748
0.5321409
0.01927363
0.9678369
0.4717091
0.01568931
0.4837545
0.5282865
0.002383002
0.01491296
0.03814662
0.535895
0.4970051
0.01829404
0.5736685
0.9752306
0.01279925
0.01382154
0.9462101
0.01510255
0.05108772
0.4493106
0.9876395
0.4521534
0.9436544
0.4602771
0.0284506
0.5237207
0.005562226
0.00868986
0.9731446
0.9957136
0.9671323
0.04092027
0.9796282
0.9657216
0.005961311
0.9982635
0.494888
0.8927837
0.9910369
0.01861277
0.08668413
0.9579895
0.5084511
0.4952542
0.9855129
0.4966
0.4627598
0.9376912
0.008712922
0.9999079
0.5413022
0.04601976
0.9994308
0.4664928
0.5580342
0.9282479
0.9534359
0.03579001
0.9779885
0.4774732
0.0134451
0.9754004
0.01125925
0.4873904
0.4826845
0.01810379
0.5173574
0.03179819
0.9708763
0.004805733
0.4850264
0.5498677
0.4880736
0.9904715
0.01201022
0.02810917
0.05506092
0.9903187
0.01454669
0.9966568
0.04779766
0.06153751
0.9352739
0.9778446
0.4970899
0.01641044
0.4803061
0.9935385
0.05561313
0.5111644
0.9800313
0.9828225
0.9659273
0.02034604
0.5023142
0.4852476
0.9798185
0.02656459
0.04130342
0.4886966
0.5305976
0.9624646
0.01866577
0.522959
0.03240881
0.9734206
0.4902173
0.5197098
0.9855356
0.971867
0.5577832
0.957875
0.5140287
0.5126124
0.4624956
0.044911
0.4713166
0.9987965
0.4442225
0.9901268
0.03576474
0.4606357
0.6168507
0.9884728
0.01820028
0.5728967
0.5988922
0.04349109
0.5495537
0.5906485
0.3928598
0.6225563
0.02372101
0.9443881
0.6089913
0.04847696
0.4300125
0.600024
0.03827747
0.01405099
0.6068474
0.5988406
0.9866592
0.03215301
0.4360732
0.5917512
0.03913169
0.4174116
0.9933778
0.9843361
0.003629271
0.4060307
0.9780931
0.5896582
0.3593692
0.9982725
0.02171894
0.01785632
0.9846732
0.6175043
0.03240176
0.01038671
0.5584548
0.02342636
0.9938778
0.3558562
0.9802744
0.6056432
0.4093974
0.5801263
0.9739747
0.3742619
0.04775529
0.02861825
0.5327654
0.4094892
0.9829792
0.9748949
0.9726895
0.9324924
0.578845
0.05145428
0.4024795
0.6066793
0.4105104
0.01573621
0.03495753
0.3744023
0.4001559
0.9659031
0.9179248
0.988022
0.6317234
0.4557669
0.9630673
0.3965216
0.3465472
0.6031899
0.9698439
0.02334927
0.9775015
0.3799629
0.9925426
0.036325
0.3879414
0.3878501
0.554117
0.5811497
0.3836001
0.9708902
0.4444003
0.9967219
0.3972431
0.9557925
0.04687206
0.5936631
0.9701138
0.6061802
0.4608407
0.0311244
0.004092174
0.9906895
0.9233955
0.3832903
0.006192576
0.02823759
0.4254955
0.533977
0.9093987
0.5550989
0.3531883
0.9882738
0.02194205
0.05760202
0.9953771
0.01519361
0.5497612
0.01822588
0.02034252
0.4074911
0.9257529
0.3821053
0.9606197
0.6046081
0.5797505
0.9772385
0.9948204
0.4374742
0.9911654
0.4487466
0.9927203
0.6014086
0.3579793
0.3765114
0.008574538
0.4070198
0.3770385
0.6291421
0.9947012
0.9967517
0.9717515
0.001320295
0.581113
0.4223856
0.3431741
0.0192689
0.9809085
0.03256149
0.4124305
0.6175099
0.9556033
0.3491031
0.3832011
0.03215928
0.4217053
0.5917583
0.9601816
0.6200704
0.006449872
0.6379947
0.5476981
0.6203403
0.02513462
0.9809019
0.3504074
0.06268903
0.5720847
0.993424
0.5777075
0.4475547
0.3920665
0.3799999
0.02814384
0.571873
0.3594715
0.0001350548
0.9775883
0.005220799
0.01612127
0.01703472
0.02654059
0.970955
0.578311
0.4023282
0.01088459
0.5931026
0.635247
0.3655913
0.6689284
0.38297
0.005386265
0.3064116
0.3835108
0.5743891
0.9741814
0.9996625
0.01365242
0.9938732
0.3945183
0.9694231
0.420565
0.02813412
0.9714525
0.5806932
0.9657508
0.6003396
0.003511258
0.3741234
0.02831168
0.3612529
0.4179478
0.4007618
0.6001927
0.9999522
0.5714016
0.003163354
0.3929028
0.9783929
0.591108
0.3967402
0.4597092
0.07086984
0.9637958
0.9988152
0.3979029
0.01782824
0.004649674
0.9369796
0.001987688
0.5860917
0.02142317
0.9870304
0.5681706
0.9870961
0.4344469
0.3633207
0.6456141
0.9684263
0.9670255
0.3532657
0.6378841
0.6311225
0.4598138
0.04760559
0.9740532
0.01598668
0.3887252
0.9750294
0.0302709
0.9568465
0.04302581
0.01333572
0.6064658
0.6431307
0.9850951
0.4019318
0.02655569
0.9693736
0.6062781
0.01899161
0.3843204
0.5978332
0.6194351
0.03124872
0.5999514
0.5711543
0.4174974
0.3716812
0.4525264
0.009292822
0.4031245
0.9681647
0.01398473
0.9157569
0.3651408
0.001755297
0.002303525
0.3380522
0.0007093533
0.9973518
0.432359
0.002276116
0.3771088
0.03430978
0.02872275
0.02280733
0.9686039
0.9914971
0.4172528
0.9807203
0.06583451
0.02550298
0.6477874
0.5690066
0.5844786
0.6842957
0.6342266
0.9733644
0.9855976
0.00781334
0.6063117
0.3701954
0.008214052
0.03744912
0.06110142
0.01275376
0.389478
0.6741906
0.407314
0.6078728
0.5766753
0.9722897
0.9926117
0.02874771
0.9832757
0.005807023
0.01320086
0.4156187
0.6441161
0.6085211
0.5884096
0.008246789
0.01822126
0.04568883
0.0453688
0.9776895
0.9591566
0.9935065
0.3323941
0.4404189
0.0367703
0.64576
0.4171987
0.4173704
0.9820349
0.03363813
0.6002917
0.6042918
0.5959081
0.4192391
0.3784232
0.5711439
0.5272742
0.0008541097
0.4146689
0.4277408
0.9587257
0.0004803611
0.4159438
0.02281308
0.9917348
0.5897658
0.9606793
0.01337709
0.05329117
0.03236354
0.3808232
0.392028
0.9675932
0.9873695
0.438853
0.9719377
0.02846366
0.337224
0.03699598
0.6082844
0.3971056
0.04563944
0.61985
0.5988962
0.9905648
0.01276388
0.375658
0.4594428
0.9700744
0.4042833
0.02840679
0.01647081
0.6442405
0.5916919
0.4180511
0.9983737
0.01782152
0.5625925
0.6184221
0.9728007
0.5925137
0.4010027
0.02582282
0.047759
0.9916846
0.9848156
0.5977609
0.5628616
0.01634062
0.04517497
0.009931083
0.3924104
0.9794245
0.01721349
0.0100793
0.9591325
0.559824
0.4380355
0.9530506
0.5823833
0.9902589
0.9360827
0.4043226
0.408574
0.9420961
0.4067396
0.01910777
0.5839282
0.6254812
0.6471598
0.9752059
0.08807428
0.4065003
0.9717279
0.01536154
0.9506078
0.3984982
0.03549424
0.9928643
0.6814438
0.4145981
0.9837291
0.6436861
0.03688786
0.5777712
0.5543696
0.02827152
0.582078
0.6084713
0.01758089
0.9828815
0.9897167
0.003799744
0.009639879
0.4415874
0.4090598
0.04923264
0.5839863
0.4513373
0.02444928
0.6241219
0.6068666
0.5874781
0.3522211
0.9864276
0.9946919
0.6116868
0.006371587
0.5978687
0.9798739
0.5635826
0.04439544
0.968157
0.9967402
0.3855389
0.9652322
0.3424773
0.01649328
0.4362623
0.3691899
0.6092467
0.01249331
0.4521319
0.6459124
0.3955471
0.4232273
0.5532482
0.5779389
0.5955758
0.3469585
0.9760625
0.05776362
0.3880128
0.01369362
0.04299511
0.3707843
0.9740014
0.002399838
0.9849104
0.9918814
0.9633748
0.9983082
0.421419
0.9925871
0.9981993
0.4257791
0.4011705
0.01350158
0.002884365
0.3881333
0.9773715
0.9862954
0.979521
0.6342078
0.9929467
0.98489
0.015095
0.9868421
0.6146875
0.01937238
0.5762943
0.9913091
0.4534948
0.5472568
0.018448
0.01631584
0.3870132
0.9867643
0.001261455
0.02622547
0.9921325
0.9747209
0.5696887
0.6282212
0.9902272
0.6051324
0.05831518
0.4137337
0.9944182
0.554078
0.39416
0.6419675
0.4256824
0.6063493
0.6061454
0.4197841
0.5741055
0.3927066
0.5876255
0.5566431
0.9759598
0.4477195
0.6111796
0.6122393
0.6312171
0.3712251
0.6317317
0.6200941
0.9969659
0.005483452
0.9359186
0.9837624
0.3532831
0.01165357
0.3864352
0.978526
0.6024002
0.4010473
0.373896
0.4332743
0.6465111
0.557414
0.5932958
0.9858299
0.5910951
0.9838468
