0.03176061
0.02305007
0.01723591
0.03019634
0.005587315
0.01837401
0.03119591
0.03057925
0.02115531
0.006496115
0.009666994
0.01618442
0.001228238
0.0233718
0.01297004
0.02889243
0.03413412
0.04888545
0.009312169
0.04192866
0.03700228
0.006615126
0.03753691
0.01729748
0.01762567
0.02944667
0.05302709
0.03595969
0.01761101
0.01567999
0.002341934
0.01019182
0.03413538
0.00834213
0.01159906
0.03251411
0.002080631
0.008916076
0.02140996
0.01713843
0.007039458
0.05489352
0.009875568
0.0174893
0.002688232
0.006155655
0.007460292
0.001439105
0.04903473
0.02646564
0.03149925
0.002883787
0.01573243
0.00515576
0.001540241
0.0579956
0.04767532
0.04643595
0.008710937
0.01246137
0.0241882
0.005606716
0.02239372
0.003595178
0.0005590152
0.01005759
0.02027394
0.04211958
0.004765627
0.04042588
0.06831306
0.02057388
0.01334045
0.00283926
0.008605777
0.03837545
0.02482546
0.01517622
0.04345039
0.07886132
0.02978742
0.04421622
0.04188125
0.05056169
0.01525788
0.01505695
0.02158047
0.006657967
0.01352666
0.008468759
0.02789591
0.04206619
0.0009599565
0.04905857
0.009512522
0.01406876
0.04184003
0.003541758
0.007108467
0.0266019
0.4416355
0.828405
0.310024
0.6029965
0.02423433
0.9612288
0.207418
0.3734695
0.6162071
0.2011514
0.9414569
0.6078681
0.7778113
0.2230032
0.588405
0.9693266
0.9791372
0.9418794
0.8271851
0.9836603
0.4115756
0.9515192
0.8332187
0.01367744
0.5756541
0.210881
0.9843824
0.9957198
0.1836966
0.976692
0.6438119
0.01242228
0.606656
0.8012212
0.4177897
0.6082815
0.9922387
0.5414848
0.4399223
0.9933491
0.4058878
0.9611067
0.592326
0.7674214
0.3782961
0.04022806
0.1988872
0.6239437
0.03872641
0.05247778
0.5397557
0.4218896
0.7764221
0.05227929
0.1884799
0.03069948
0.5645918
0.6062156
0.8287124
0.009297068
0.5979327
0.8247219
0.9583343
0.3373726
0.6012762
0.04771574
0.9629388
0.006568948
0.9525564
0.9353044
0.5696167
0.1496089
0.9468502
0.592283
0.2146106
0.04414955
0.414936
0.0484931
0.1990059
0.02180902
0.8132695
0.6303712
0.42475
0.565151
0.9642344
0.962994
0.9989154
0.5845675
0.7333272
0.5672846
0.9797477
0.6478806
0.3975675
0.6507381
0.4474083
0.2466346
0.9825839
0.6208822
0.5933712
0.7570664
0.7813294
0.5516269
0.6361862
0.9514958
0.826358
0.1813297
0.198029
0.782647
0.0763183
0.5666351
0.7886367
0.9961137
0.576859
0.02995592
0.7799527
0.7785573
0.9829174
0.402677
0.1670684
0.2067567
0.2062574
0.2016636
0.01724791
0.9992331
0.6001451
0.9425016
0.9768344
0.855415
0.002042514
0.6244147
0.4109457
0.6234154
0.9743687
0.1865331
0.8028534
0.1439164
0.8496342
0.6263295
0.02570756
0.05086667
0.5710456
0.9980393
0.5931455
0.2019982
0.7891185
0.423361
0.9595317
0.5993317
0.002389091
0.8156558
0.04944148
0.2249169
0.1548752
0.4184778
0.2010057
0.03973229
0.9597106
0.6191093
0.7646552
0.8232887
0.3654498
0.2168318
0.8580337
0.2349253
0.393527
0.6162826
0.4089863
0.5573817
0.7269098
0.2244037
0.6598628
0.02337075
0.003497781
0.5710827
0.4061983
0.5975621
0.8641026
0.417787
0.1717741
0.03154419
0.01907321
0.1630967
0.1980739
0.3966177
0.2488016
0.7957301
0.4784349
0.9894836
0.8036466
0.3411851
0.8264185
0.9343554
0.9761234
0.5803799
0.9978355
0.397783
0.9902645
0.7640828
0.1671144
0.3607314
0.3553632
0.9583066
0.9986145
0.6322719
0.8227335
0.191959
0.5640028
0.3756035
0.9975977
0.7861224
0.5906418
0.7361095
0.1863222
0.4380727
0.3538092
0.02107838
0.4130051
0.6300087
0.1700513
0.8106416
0.2434819
0.9585104
0.02020228
0.4200598
0.1869715
0.1977674
0.6268127
0.2769497
0.01101889
0.0705687
0.9967383
0.645399
0.3736992
0.6050799
0.002781376
0.7828089
0.1937798
0.4114474
0.23918
0.6217038
0.1951788
0.2212362
0.3862354
0.6410343
0.152891
0.767361
0.9811847
0.7973698
0.2125614
0.0006699777
0.197936
0.1981689
0.05029432
0.9990371
0.1998001
0.157359
0.05267652
0.6093366
0.01007219
0.9673703
0.7946552
0.2123557
0.5688014
0.795066
0.2142575
0.4055814
0.01836551
0.5898307
0.9476091
0.8061221
0.8056159
0.3763996
0.6068712
0.6123078
0.5909841
0.01131507
0.3961867
0.9713302
0.2423602
0.3645715
0.6144123
0.3674865
0.5300836
0.6193969
0.5571967
0.006037346
0.040737
0.211794
0.04100815
0.2159325
0.9489866
0.2008248
0.4120919
0.3337544
0.7798526
0.5949746
0.1923745
0.8327185
0.4125038
0.5940847
0.9863429
0.9893385
0.367047
0.1952173
0.5611751
0.04193116
0.4138603
0.2383663
0.5826185
0.9577044
0.05152535
0.1257869
0.4018842
0.02714251
0.3950753
0.9798991
0.9431078
0.9761117
0.01952874
0.0359999
0.9984589
0.3860309
0.1971725
0.008155525
0.7961234
0.4316292
0.2299836
0.02354598
0.4056572
0.3550939
0.3672579
0.9549763
0.2277075
0.0005285981
0.6070975
0.9871706
0.9911225
0.8866757
0.9858886
0.7776492
0.9848403
0.7923387
0.1994921
0.4149172
0.1822811
0.6291212
0.975188
0.03272986
0.4028688
0.9943927
0.3708007
0.3834355
0.9932276
0.3747052
0.569242
0.9883076
0.7857572
0.6134969
0.003200356
0.006930102
0.04594035
0.7983109
0.3980833
0.5990699
0.819783
0.7766963
0.5528141
0.9948344
0.8040129
0.006305419
0.3609324
0.7830527
0.371696
0.01552244
0.3766413
0.5926061
0.3570459
0.2117445
0.4436158
0.04874628
0.7779527
0.5533884
0.8477967
0.4104187
0.1584386
0.3949955
0.9955289
0.4139434
0.4086045
0.9894927
0.9597975
0.03557414
0.1849447
0.3744913
0.01489424
0.7831309
0.6108562
0.8007234
0.00625338
0.381075
0.39935
0.580605
0.01495231
0.5905178
0.4129431
0.3701979
0.7753875
0.9593364
0.9844886
0.7994966
0.2081989
0.9659975
0.7513072
0.164522
0.9913355
0.9844145
0.9704174
0.8098165
0.6222987
0.03973545
0.1543389
0.01040894
0.003851368
0.9584027
0.3484964
0.04695196
0.9609487
0.2022116
0.4004199
0.981282
0.4004513
0.187379
0.5747902
0.6269187
0.3967531
0.6243005
0.3750571
0.7883326
0.6057178
0.9988236
0.1949497
0.7622872
0.4313161
0.6300522
0.5751568
0.790769
0.8086217
0.05772181
0.9805695
0.2661315
0.4074605
0.9684128
0.5724548
0.3907095
0.9830466
0.5960209
0.180256
0.1858213
0.1976435
0.2159388
0.432979
0.3902577
0.8073186
0.9242626
0.8907247
0.993014
0.2477779
0.5974691
0.1807321
0.6140995
0.229848
0.5862494
0.3627111
0.3778333
0.8110263
0.2061199
0.601447
0.8405657
0.7878941
0.0244336
0.608498
0.9735586
0.6160726
0.03351873
0.2144076
0.8079212
0.01783709
0.7897552
0.663667
0.1839722
0.2685209
0.7554931
0.01516848
0.9499733
0.04507821
0.9991328
0.5351095
0.9313715
0.5589892
0.7825005
0.4395446
0.836228
0.9964317
0.7750674
0.1936627
0.7914819
0.1427276
0.01219918
0.3795019
0.0008719095
0.001790146
0.9846975
0.3689411
0.4134876
0.8511491
0.9898679
0.2146881
0.8137392
0.2156019
0.8266278
0.9858314
0.9968057
0.4239894
0.5949366
0.7950761
0.2651264
0.1977496
0.01965719
0.62729
0.002795398
0.7978193
0.7801825
0.4212601
0.8315665
0.2262346
0.429978
0.1902738
0.872462
0.9863546
0.6197079
0.03692501
0.9931546
0.744356
0.9994696
0.2031942
0.01820845
0.8170371
0.2125959
0.7791372
0.9983668
0.1942467
0.008805842
0.6322389
0.03380179
0.2796004
0.2145816
0.03020329
0.7616254
0.3495791
0.412038
0.6166727
0.9481179
0.9823909
0.3883644
0.9989782
0.8227442
0.6157001
0.600907
0.9887612
0.6137228
0.002456046
0.8498087
0.755371
0.001254075
0.6725456
0.9906422
0.2227754
0.4140425
0.4274154
0.9920868
0.9817544
0.6384151
0.2174958
0.3823309
0.8145607
0.5550095
0.03572095
0.5980114
0.5924324
0.3648077
0.8252834
0.1497565
0.583795
0.1955931
0.2012357
0.7543574
0.1730799
0.2118056
0.5564919
0.8084575
0.4222548
0.3762665
0.9989648
0.9755276
0.983837
0.1998282
0.3943839
0.4320746
0.03052522
0.9827067
0.654485
0.5854715
0.9771051
0.221203
0.7792455
0.06448278
0.135211
0.004538036
0.02919954
0.1957577
0.815304
0.01878448
0.2064007
0.01792118
0.009826645
0.8018351
0.7999832
0.01747118
0.01959002
0.01273778
0.5808803
0.4134179
0.4214279
0.2007224
0.9786038
0.928913
0.1950405
0.400814
0.6843632
0.04785091
0.581385
0.6129275
0.2041841
0.5952224
0.176516
0.7920142
0.8315989
0.9864918
0.993275
0.7711479
0.05437941
0.04906151
0.135053
0.6249395
0.8015205
0.8073884
0.007401185
0.02625249
0.9563173
0.3880378
0.5562382
0.2090933
0.7987805
0.8556232
0.05021205
0.06310823
0.9961427
0.3979242
0.04808461
0.7794836
0.5744337
0.387944
0.9936545
0.8325915
0.5772246
0.9827819
0.2644973
0.2218598
0.4303531
0.3496772
0.1853163
0.3513215
0.02716368
0.825278
0.9773051
0.02606623
0.5898352
0.3536349
0.01448867
0.6071084
0.1721804
0.5735119
0.9866336
0.02936914
0.9559703
0.9855042
0.8223842
0.803657
0.9784133
0.1513075
0.1984131
0.8679057
0.02059767
0.2386397
0.9869013
0.630816
0.2012182
0.1834812
0.9961125
0.0009147513
0.7953878
0.6361549
0.2431708
0.79426
0.2363011
0.355708
0.9985555
0.03512881
0.4154233
0.9504253
0.00627962
0.35131
0.4602347
0.01572801
0.9519403
0.8353544
0.8211407
0.04318445
0.1993858
0.7882521
0.1856994
0.7988197
0.03664628
0.1880611
0.1988812
0.02575147
0.83742
0.3583431
0.1678433
0.9722929
0.921038
0.06374587
0.7671618
0.983721
0.01503639
0.05609667
0.8341103
0.7529823
0.9661887
0.5940049
0.0285899
0.7994871
0.04416829
0.8145847
0.3544651
0.9991453
0.8029123
0.372753
0.528894
0.8011624
0.9804404
0.9796199
0.05019643
0.8311421
0.01428511
0.01866251
0.7893657
0.2324733
0.8232714
0.2405263
0.409768
0.9793061
0.01705875
0.4317008
0.1734686
0.0229099
0.9962914
0.6067073
0.7720762
0.8253324
0.366546
0.03285388
0.9918026
0.5842549
0.177267
0.380808
0.4391115
0.6623277
0.9471044
0.6238513
0.006780959
0.01604011
0.4344036
0.03356455
0.01990645
0.4280321
0.575189
0.446661
0.005408691
0.1576888
0.8227669
0.02868702
0.002058449
0.8057563
0.1906213
0.9934413
0.3873073
0.008037727
0.03324971
0.8502798
0.4230466
0.02370385
0.004691763
0.4117924
0.6275162
0.4074479
0.02398884
0.5971712
0.8207689
0.5720846
0.5833927
0.2325975
0.1644113
0.4269601
0.4064864
0.7618535
0.7918941
0.4160548
0.3807189
0.2247638
0.2229521
0.5872926
0.8066657
0.5625933
0.7369268
0.9572386
0.1955293
0.4259781
0.9391504
0.9769135
0.1759394
0.9859312
0.4434292
0.05622049
0.9523141
0.02835537
0.6495773
0.002655125
0.7543609
0.04654529
0.6191631
0.5520555
0.05831217
0.4143537
0.6394509
0.7160753
0.009506502
0.8373102
0.7953687
0.5991761
0.2457491
0.4584103
0.03097866
0.03186381
0.2508222
0.9705943
0.02465202
0.4366229
0.9406897
0.8249572
0.9554892
0.9802023
0.01626582
0.2073951
0.3790241
0.8246786
0.4572017
0.004216836
0.4461403
0.5967307
0.7590077
0.2056165
0.3640926
0.2333815
0.7814105
0.2096429
0.02879058
0.6036688
0.8481508
0.4468718
0.3882084
0.3912201
0.0415176
0.1277562
0.9826343
0.3970658
0.5989575
0.6009768
0.0137549
0.6225252
