0.01449132
0.5365169
0.01343488
0.004533828
0.9853241
0.4641973
0.9938895
0.992971
0.07096544
0.01628542
0.0687209
0.5300621
0.008921378
0.007966399
0.4920164
0.9952135
0.9632495
0.982621
0.5228334
0.5239334
0.02929493
0.04682254
0.974344
0.5486513
0.9393868
0.0127832
0.5129532
0.9682697
0.01834602
0.002838453
0.496469
0.4568562
0.03767599
0.4803768
0.01654615
0.929037
0.9946202
0.998307
0.9424964
0.4735172
0.9936638
0.9863307
0.5115974
0.9428885
0.9617332
0.4983213
0.0003558205
0.975324
0.05470979
0.4919546
0.5173182
0.03711329
0.5033803
0.5199827
0.9943227
0.9933812
0.442267
0.9650869
0.03249783
0.5130937
0.06521525
0.006764503
0.9594162
0.5023619
0.01136225
0.5031753
0.4998177
0.03743541
0.4520921
0.991862
0.9985296
0.008776929
0.007591257
0.9905872
0.515747
0.5288869
0.0164427
0.03018084
0.5313766
0.9946428
0.9888994
0.03703578
0.9829737
0.994255
0.06842347
0.007972046
0.01442221
0.5226702
0.4773585
0.9794428
0.5500507
0.4986821
0.007221666
0.4774438
0.9998456
0.9928516
0.9904275
0.5055489
0.01442922
0.9803637
0.9900845
0.04218064
0.0155922
0.4586134
0.00234027
0.003986661
0.9503675
0.03672811
0.003082179
0.007716572
0.02480411
0.5006469
0.9912079
0.5186857
0.02219554
0.4835188
0.04091022
0.525192
0.5917575
0.01188929
0.009037253
0.49328
0.5330559
0.9888353
0.02677355
0.4422817
0.5459897
0.9719747
0.5033477
0.9897774
0.5270006
0.01101342
0.9796807
0.003224213
0.9526074
0.4380324
0.514673
0.5232171
0.5105607
0.01755344
0.9691666
0.999205
0.9774232
0.03675495
0.4818237
0.9525071
0.9679267
0.6145608
0.003030958
0.9720788
5.39177e-05
0.455139
0.05275783
0.9723752
0.479704
0.5593579
0.4722273
0.02812479
0.04696742
0.04277775
0.02171402
0.5039145
0.9598108
0.007742426
0.01339254
0.456558
0.9455655
0.01937129
0.4662543
0.03581434
0.527881
0.4547171
0.0442524
0.9398018
0.9711418
0.4615478
0.9347127
0.4847596
0.0351885
0.9663798
0.9771813
0.5362513
0.04197471
0.01044377
0.00207519
0.5325951
0.4903263
0.5585135
0.9316715
0.9616246
0.9832672
0.9746648
0.976961
0.4606532
0.02223703
0.009906018
0.03038309
0.4897898
0.4840463
0.4824782
0.9998414
0.9587408
0.5222662
0.9931911
0.997847
0.01750694
0.4379463
0.005564734
0.0246575
0.4983781
0.5374103
0.9472392
0.9694772
0.9919501
0.4945896
0.03509116
0.02933236
0.4732673
0.5118127
0.00693359
0.4924023
0.9975517
0.4773371
0.9799471
0.977618
0.990195
0.5106831
0.9917351
0.01421865
0.04686402
0.01106189
0.5346506
0.02378932
0.4916898
0.9746118
0.4763748
0.4618257
0.9814237
0.5499351
0.9636641
0.9504748
0.5298598
0.4991123
0.9576648
0.9976975
0.4876097
0.03273005
0.003810555
0.4839305
0.04286376
0.0100132
0.9622949
0.9973597
0.004608419
0.9967827
0.008544108
0.9581286
0.4689713
0.9971428
0.477368
0.4780092
0.9350867
0.01686058
0.004467166
0.9936017
0.9590437
0.4916684
0.0002122157
0.4837376
0.08155256
0.006570923
0.4544488
0.002562991
0.5557717
0.985323
0.004982935
0.04098781
0.04763811
0.526107
0.9825487
0.4862571
0.01625025
0.511595
0.03676704
0.5177095
0.005855025
0.05251505
0.5060208
0.999935
0.00114717
0.9204592
0.9372915
0.5035867
0.9813478
0.5086438
0.04137495
0.07224082
0.9415268
0.09350851
0.4960428
0.03426606
0.9707319
0.9300117
0.0009965478
0.9896108
0.04304395
0.5268362
0.9841806
0.0281854
0.000689838
0.9507733
0.9700003
0.004546007
0.05225594
0.009619258
0.9712194
0.5309618
0.9886155
0.03835542
0.01071568
0.4930597
0.01231031
0.9777828
0.9857433
0.9799059
0.9757177
0.5183586
0.5486406
0.01257424
0.505353
0.4765501
0.4830808
0.05191529
0.5006819
0.04077124
0.5020803
0.02694303
0.9458207
0.985303
0.4583191
0.489634
0.9977267
0.462066
0.5300486
0.9717064
0.9736467
0.9991578
0.05477689
0.01973562
0.9837927
0.01893026
0.03030225
0.03491462
0.4696639
0.4742117
0.5356416
0.9766946
0.9784372
0.5110592
0.5156032
0.4710357
0.01742285
0.01839444
0.9853893
0.4995622
0.5587221
0.03878852
0.9570307
0.9758407
0.05086103
0.9997909
0.4533629
0.9935029
0.9893194
0.009671965
0.9667298
0.978551
0.03863889
0.9657448
0.9634107
0.5155812
0.5236171
0.01010647
0.02575112
0.9525302
0.4458627
0.9644266
0.496846
0.488415
0.4785153
0.9290866
0.5266403
0.9617757
0.01656574
0.5037631
0.007435896
0.5471124
0.01938384
0.9569401
0.01627803
0.548819
0.9767623
0.985224
0.9865997
0.9931922
0.006153188
0.9928905
0.9829582
0.01163541
0.4631399
0.4913778
0.5241445
0.5428227
0.005088646
0.9625688
0.9571637
0.4898487
0.02191018
0.02032521
0.9949958
0.01295181
0.9744634
0.02560742
0.5268374
0.975227
0.4866144
0.9376102
0.02310417
0.01027958
0.5173033
0.4980623
0.9696766
0.5067078
0.5244839
0.9603274
0.00855064
0.4854396
0.5530577
0.5416715
0.5024084
0.4804787
0.4926581
0.5192777
0.9873184
0.9798558
0.9839062
0.9588607
0.9883325
0.06237807
0.5324588
0.0577869
0.01867649
0.4871826
0.04266357
0.01606779
0.5085353
0.03853312
0.5093899
0.9600141
0.02811042
0.4412148
0.0243162
0.5374856
0.9535367
0.03312863
0.01586132
0.4780215
0.01028
0.5126245
0.4254541
0.9609285
0.504827
0.9524057
0.9855807
0.4428068
0.5163808
0.9849874
0.5128749
0.04456145
0.4994858
0.00264148
0.9683138
0.01399866
0.9897453
0.4610222
0.9683229
0.4796875
0.01923343
0.03015422
0.004466043
0.9685216
0.5032834
0.02434118
0.9859933
0.9216761
0.9942782
0.02385495
0.9997684
0.9984324
0.05890204
0.5287466
0.9704499
0.4602173
0.9901287
0.4954571
0.9876785
0.496683
0.4457111
0.9600636
0.96357
0.00261879
0.9916113
0.003843287
0.0485433
0.009205811
0.9929952
0.01174765
0.01281518
0.01263657
0.9444042
0.511468
0.9881485
0.5151626
0.9801272
0.005433623
0.5433775
0.9864549
0.003096778
0.9715649
0.04549817
0.03136976
0.01175382
0.008817454
0.009806308
0.02119427
0.5025579
0.4835893
0.02255726
0.9781577
0.9919648
0.9552095
0.9618305
0.5231167
0.004228985
0.9823792
0.5389334
0.5061961
0.04013822
0.9682285
0.9443451
0.9772145
0.01639274
0.4783417
0.9797833
0.9904949
0.01820927
0.01085076
0.5024611
0.9647382
0.01516882
0.5702808
0.01133242
0.4007872
0.9362411
0.6296167
0.9289183
0.3841246
0.979167
0.9577664
0.4047964
0.4046941
0.4044625
0.4164977
0.04396007
0.9553516
0.5657387
0.6110665
0.4139746
0.426702
0.5980749
0.4053311
0.6412668
0.6119804
0.9984753
0.9700951
0.609964
0.9897377
0.04467362
0.9967082
0.3692341
0.9941377
0.9770336
0.9665885
0.01087487
0.3957503
0.0105196
0.004628583
0.9415363
0.9797923
0.00426867
0.5575367
0.3904782
0.6274081
0.9763086
0.060961
0.3553443
0.5739273
0.5833519
0.03615338
0.03224307
0.9842559
0.5657612
0.369661
0.5582436
0.3603935
0.5906572
0.6544148
0.9952597
0.4176315
0.3892455
0.9925534
0.5772037
0.9718437
0.9460612
0.9733007
0.5864627
0.6184392
0.4156391
0.4093359
0.4054671
0.0193029
0.980679
0.4242426
0.980198
0.02567644
0.9649622
0.5918309
0.94302
0.00778459
0.9950015
0.9574818
0.04049794
0.4286152
0.01532665
0.6106445
0.3997574
0.3695987
0.6475227
0.4061463
0.9983869
0.9676443
0.6247688
0.4178835
0.9894757
0.3770194
0.03835656
0.6069518
0.3711117
0.638295
0.558328
0.01760974
0.6238006
0.06828902
0.01065928
0.6267856
0.9990488
0.4276484
0.0005683132
0.01610205
0.01042699
0.5338705
0.5774765
0.979683
0.9548694
0.9843866
0.001536992
0.4262555
0.3908473
0.9683251
0.9981557
0.9719302
0.01243237
0.3615641
0.01029746
0.6366424
0.9976022
0.3830431
0.987976
0.6138429
0.3788474
0.9670987
0.380752
0.6046534
0.570658
0.6162209
0.9783288
0.408645
0.588584
0.5574212
0.5675567
0.9853373
0.00829637
0.4184908
0.9985637
0.6188363
0.4415813
0.4094895
0.3400701
0.06976358
0.02908109
0.3830224
0.3975289
0.6109615
0.03739683
0.9704229
0.008108511
0.03223135
0.593298
0.4188224
0.003784996
0.3987492
0.04770652
0.5918294
0.6091479
0.478068
0.02402724
0.9638385
0.02873234
0.005246523
0.9835329
0.570547
0.3465064
0.3982574
0.6092632
0.9683374
0.3874608
0.6419894
0.6203244
0.002046016
0.9929252
0.012154
0.9715694
0.5394755
0.9981779
0.9709997
0.9725474
0.9652406
0.003536422
0.0355154
0.3974841
0.9764116
0.40751
0.6351236
0.5838207
0.5966314
0.9767287
0.3953296
0.3791064
0.008596028
0.4069349
0.004187551
0.05572078
0.02526716
0.5997041
0.6353843
0.3760894
0.6037623
0.01551392
0.3837729
0.4102722
0.001563279
0.0003676394
0.964188
0.4151171
0.4269235
0.4132783
0.9522083
0.6049359
0.01625497
0.00615198
0.628589
0.4185907
0.03355497
0.004533226
0.4205894
0.022205
0.02177801
0.9838554
0.04712337
0.9628497
0.0187942
0.430549
0.007917078
0.6377055
0.5770901
0.4130465
0.002592723
0.4370584
0.03693518
0.9843076
0.6010967
0.9840172
0.5878043
0.0230898
0.5693899
0.5580987
0.5812793
0.4003847
0.9469173
0.005374938
0.9829584
0.3372252
0.9667425
0.6191001
0.03834609
0.9917665
0.0007639857
0.9936526
0.5927199
5.76178e-05
0.5800416
0.3767052
0.9805629
0.06352424
0.02422683
0.02066125
0.6280312
0.02475361
0.01712871
0.9967439
0.3989485
0.5744718
0.6024803
0.5962327
0.077836
0.990262
0.3707427
0.02853086
0.9582497
0.9961619
0.623447
0.3964475
0.4165658
0.05662551
0.5613664
0.9790389
0.9707308
0.6109621
0.405212
0.4093439
0.438979
0.6173933
0.4042705
0.5854977
0.9924303
0.6201136
0.5897614
0.655659
0.6018772
0.9424218
0.1101604
0.02586204
0.5895811
0.9845844
0.5559632
0.9455158
0.4129754
0.4047738
0.04703661
0.03263318
0.01826685
0.3870119
0.9922566
0.977711
0.6585543
0.4339969
0.9961788
0.9527282
0.02014952
0.04317253
0.9786717
0.3321586
0.412841
0.5377658
0.02295082
0.4222997
0.007178895
0.01888585
0.9297754
0.3725656
0.6436459
0.6221244
0.9758868
0.02465835
0.02553599
0.9959419
0.3867492
0.3677244
0.009977617
0.01666526
0.4725881
0.4837801
0.01636199
0.4790064
0.9785085
0.9954564
0.9928061
0.9700514
0.5297369
0.5140867
0.0141852
0.9979641
0.01069699
0.4946143
0.9655019
0.948694
0.001814198
0.5161082
0.01490456
0.4931
0.02403195
0.493194
0.5462431
0.9752726
0.9773674
0.0008426309
0.9787712
0.03274162
0.5568204
0.5131655
0.9541099
0.9726742
0.07553523
0.9907965
0.9858873
0.9859643
0.05321195
0.545787
0.06603605
0.9753642
0.02261539
0.9980007
0.9913276
0.02867921
0.4622567
0.9821704
0.009696854
0.5127803
0.9584581
0.9935128
0.4683846
0.475706
0.9625077
0.005637611
0.4839985
0.01778347
0.007519191
0.01574241
0.4449788
0.01481763
0.01745979
0.982334
0.08995875
0.5474825
0.4583463
0.4685127
0.9584651
0.953639
0.0006857417
0.9689028
0.4676416
0.4860915
0.01643608
0.5181862
0.001603976
0.5147984
0.028865
0.985452
0.4997148
0.5473034
0.9836486
0.0003510049
0.9908701
0.9753367
0.4776072
0.9872674
0.001099451
0.04160891
0.9455585
0.9901034
0.4838894
0.01954646
0.4919315
0.0119237
0.4804125
0.9849002
0.03054336
0.5232544
0.5478171
0.002531225
