0.006527471
0.023649
0.05140704
0.01161936
0.02091171
0.01164373
0.001383739
0.03700884
0.0004251061
0.0006166084
0.07585907
0.007939169
0.02567635
0.005157714
0.04504135
0.001801847
0.03778369
0.002220771
0.006859651
0.0146578
0.01358887
0.04786449
0.008934999
0.03048489
0.008770612
0.06353578
0.006264743
0.009210993
0.02681889
0.02450365
0.01098614
0.02725244
0.03129566
0.01262014
0.04261959
0.004909244
0.05448677
0.007754809
0.02059214
0.02633981
0.005370299
0.02892403
0.0172872
0.01779572
0.02397754
0.07809779
0.01887995
0.021351
0.02793075
0.02856862
0.01230497
0.018232
0.01167968
1.301575e-05
0.06561351
0.06706568
0.02002813
0.01373463
0.007481556
0.02087866
0.0002222112
0.08986906
0.02851563
0.03013377
0.02358596
0.0246493
0.02957039
0.0069923
0.0414688
0.02060073
0.0459247
0.02475871
0.03701243
0.01535343
0.04688611
0.01557544
0.05465992
0.005051918
0.0265972
0.005196256
0.000309426
0.02714371
0.004600308
0.03555727
0.02454368
0.0210315
0.05933957
0.07234435
0.02990512
0.01218045
0.05468037
0.01186776
0.0119416
0.01702603
0.009786006
0.02954698
0.0317215
0.009414755
0.01476237
0.0009751863
0.03134684
0.02946228
0.01785042
0.04958811
0.004226759
0.02462395
0.03330447
0.06452103
0.07792074
0.01896321
0.02934155
0.01712138
0.008958358
0.02713491
0.0001961234
0.05828774
0.02889681
0.01206172
0.01201509
0.005805302
0.0008844161
0.02394636
0.01980872
0.01253508
0.0591259
0.0658332
0.0123261
0.008399433
0.02044917
0.0055365
0.03838013
0.02172886
0.007886239
0.01478234
0.03122317
0.01513625
0.01508057
0.04535737
0.00630042
0.06908018
0.02862728
0.0399676
0.04144477
0.01155528
0.03040793
0.00816193
0.006535959
0.0525319
0.01776194
0.03567798
0.0074331
0.02295317
0.04016875
0.004200743
0.008035772
0.0128583
0.0497705
0.009455557
0.01520649
0.007136486
0.0490224
0.004368226
0.001970315
0.002703562
0.03896692
0.02356737
0.01941926
0.001245756
0.03149278
0.03482923
0.03365642
0.005655636
0.001199141
0.02022646
0.02558559
0.012567
0.06399089
0.03439901
0.01016163
0.02785846
0.007136563
0.05539516
0.02090451
0.009430257
0.02539816
0.0279506
0.0558254
0.0407853
0.006406244
0.04037433
0.01373995
0.03821626
0.02545595
0.003232632
0.0447155
0.00660687
0.01549249
0.03157698
0.001075389
0.005463112
0.02271635
0.01708211
0.005883601
0.03152356
0.02076589
0.01427377
0.02949153
0.003825513
0.01433288
0.01176573
0.01288175
0.06377956
0.04738953
0.005676798
0.01632031
0.02495237
0.03697038
0.003467883
0.05609881
0.03152959
0.01078323
0.0370925
0.001449478
0.0314653
0.02596511
0.03525893
0.04632484
0.005893546
0.01853811
0.01811651
0.00779456
0.01912116
0.02425765
0.01217099
0.002854997
0.08156894
0.02126577
0.05444317
0.00899607
0.00550216
0.01655784
0.01727617
0.02718389
0.00631611
0.002240519
0.03485226
0.01958607
0.0001365495
0.003497229
0.02513886
0.002562639
0.03627508
0.008359109
0.04429602
0.04690703
0.0201685
0.01562
0.01099249
0.03766756
0.04404529
0.04507189
0.002683488
0.04240573
0.05571602
0.009476873
0.01753269
0.03233896
0.05118747
0.002161007
0.02585266
0.00587713
0.006556271
0.02905743
0.06681879
0.01423937
0.02535828
0.005082801
0.03216058
4.454227e-05
0.002594321
0.01914514
0.0593891
0.02499079
0.02927366
0.004291999
0.00730668
0.00655984
0.006768177
0.02294327
0.01311834
0.03314962
0.0401637
0.01162914
0.04114611
0.001164624
0.01886652
0.03221028
0.01033723
0.01482475
0.01481234
0.01618978
0.04021304
0.0125166
0.04675648
0.02591911
0.01870487
0.01291548
0.03144394
0.02153435
0.006410256
0.02790643
0.01762759
0.04576887
0.03857163
0.006443738
0.03679892
0.006089415
0.02695103
0.02421474
0.006733536
0.002169467
0.01176565
0.05918232
0.008588211
0.01762934
0.003992602
0.01467388
0.03723987
0.01309775
0.03793013
0.05909694
0.008647288
0.07837344
0.002489988
0.01937109
0.01164359
0.007542482
0.00818972
0.004605742
0.05487615
0.03586489
0.0002978326
0.01706726
0.01350752
0.014632
0.04141492
0.002762817
0.06166325
0.02163075
0.02028547
0.03003638
0.02200993
0.02526335
0.002688976
0.05166599
0.0305785
0.01893121
0.04272568
0.00984592
0.02338247
0.01381941
0.01545647
0.04592324
0.008269965
0.01932267
0.003529826
0.01823162
0.01197159
0.02683261
0.03230058
0.005259058
0.02981917
0.001790544
0.02899223
0.0084801
0.01149318
0.0385033
0.01161127
0.004696044
0.005270597
0.01856087
0.06735815
0.02272704
0.00137168
0.03104538
0.004374727
0.01078103
0.01386499
0.003340038
0.02237492
0.08020502
0.0346005
0.02354408
0.01305016
0.03904513
0.01183716
0.002364583
0.008649347
0.05244096
0.00291331
0.003191473
0.04823222
0.02155141
0.006367947
0.004045393
0.01190342
0.01527968
0.02830472
0.02182763
0.02460522
0.008745802
0.02165781
0.04141153
0.01716054
0.03084868
0.006832188
0.01061218
0.08892752
0.02750349
0.01817393
0.03176738
0.01656665
0.009905297
0.03734352
0.03181158
0.03348329
0.07244457
0.05025493
0.01868947
0.03064563
0.00635419
0.0811829
0.009171369
0.0005789193
0.01877991
0.008745539
0.00553764
0.02080284
0.01769035
0.01789184
0.04386362
0.03398195
0.02159422
0.0246141
0.043118
0.065927
0.02756215
0.004202774
0.02962784
0.02034669
0.03466222
0.03647695
0.001862279
0.01604416
0.04329817
0.008233062
0.0309059
0.01269508
0.02578243
0.01436352
0.03254595
0.007424352
0.06210996
0.01550037
0.005125722
0.02583394
0.03575251
0.02720793
0.04436996
0.02567528
0.02518525
0.02871366
0.05105304
0.001312905
0.03123285
0.02312457
0.01239752
0.007993734
0.01140953
0.06844024
0.02292509
0.02136819
0.02137705
0.04485447
0.001795945
0.03468123
0.05050473
0.03876678
0.0343799
0.01320303
0.01853667
0.01429861
0.006728072
0.05077548
0.01453895
0.01830184
0.04093774
0.04614749
0.001272103
0.0241766
0.008295211
0.02553755
0.0262644
0.01609139
0.03853438
0.01456146
0.06244585
0.003120362
0.0006475722
0.01168914
0.01174149
0.03278096
0.04274536
0.05225466
0.02879538
0.03162429
0.02808786
0.01564702
0.0400354
0.0235403
0.02022399
0.01938335
0.02653173
0.00984181
0.01722345
0.02201085
0.03882791
0.02921818
0.03642772
0.05253547
0.0581409
0.04440385
0.02749689
0.006713473
0.02936793
0.03239239
0.006679093
0.02934124
0.0125648
0.006708976
0.01337425
0.03401752
0.01583034
0.04485254
0.0552727
0.02223916
0.03140835
0.04515475
0.08158022
0.01006673
0.007766005
0.01980277
0.02704284
0.03498696
0.01685153
0.06012951
0.01933555
0.006012925
0.04155148
0.00922654
0.04196733
0.03232083
0.01686908
0.06824948
0.009377115
0.0371661
0.02101061
0.01646535
0.006423442
0.03215099
0.01762453
0.006525898
0.03529582
0.001759458
0.04012644
0.01033556
0.005597515
0.06058805
0.002061522
0.02281253
0.008889528
0.0315163
0.02343265
0.0269413
0.02367322
0.03076594
0.02394287
0.04954219
0.005029125
0.02805525
0.02732921
0.03243735
0.007259508
0.02111707
0.0006938224
0.05750194
0.002667114
0.01799742
0.01264222
0.02062473
0.0631537
0.005716027
0.01931892
0.03189345
0.05060461
0.04308277
0.05079342
0.0072709
0.04158853
0.04099097
0.01933847
0.006599277
0.01023606
0.03158905
0.02561377
0.05561947
0.01979576
0.0107912
0.07338233
0.02736578
0.03088
0.05704855
0.006978561
0.04071629
0.03055624
0.02322829
0.003502143
0.01631458
0.03384306
0.01305447
0.03721801
0.03958887
0.004508113
0.006631611
0.01254225
0.06855351
0.04313809
0.004537896
0.01533309
0.01769419
0.02632242
0.02072286
0.04762935
0.01215159
0.05405824
0.01094737
0.03678242
0.04138626
0.02847019
0.002920531
0.02609297
0.00994289
0.04963615
0.07721379
0.03126151
0.05627656
0.0007881304
0.009851934
0.02846718
0.01624494
0.008145916
0.009143043
0.05496156
0.007783382
0.009024966
0.03869907
0.003727451
0.02951299
0.008243953
0.01047584
0.007108195
0.05275955
0.006582006
0.04981035
0.01939384
0.0312318
0.0133645
0.02511542
0.01418178
0.05184153
0.05328273
0.008624435
0.01694559
0.004382608
0.02477309
0.01867405
0.01997999
0.03728295
0.01953644
0.04726163
0.01319546
0.03118956
0.02375973
0.03031735
0.04820882
0.0307019
0.002204135
0.04333197
0.03360072
0.004119618
0.01817126
0.014668
0.003226248
0.01833049
0.02083996
0.06329926
0.02401885
0.03234841
0.006594886
0.001414509
0.02305274
0.03156792
0.01028571
0.02960862
0.01880866
0.000718051
0.02588269
0.02350834
0.02359779
0.03871938
0.02974151
0.03936099
0.01555312
0.02139387
0.004214987
0.06678537
0.03136954
0.007206741
0.003278186
0.02404192
0.006441759
0.006440931
0.04783702
0.02997725
0.03905608
0.001394184
0.02751898
0.004339402
0.00432531
0.03595701
0.02951762
0.02063727
0.05340304
0.00406181
0.01920973
0.02453521
0.07653493
0.003159262
0.01939277
0.01047611
0.007131212
0.02598561
0.0005857197
0.02812717
0.001864483
0.02259364
0.06419808
0.009875713
0.01006507
0.03134813
0.06291841
0.0034677
0.1218124
0.01450206
0.01753018
0.03190555
0.004325027
0.03363209
0.0199636
0.04822305
0.01581611
0.04150334
0.005378612
0.007300748
0.01369067
0.05069786
0.0003171617
0.008044327
0.03741721
0.08680245
0.04631445
0.01296082
0.002590619
0.007921616
0.04264854
0.01763315
0.02051585
0.007532328
0.008984827
0.0316331
0.01584514
0.02679244
0.01267331
0.005695217
0.004030989
0.03329077
0.02926083
0.01425663
0.02575328
0.02346277
0.03734166
0.01766827
0.02556043
0.006711608
0.01430942
0.01208664
0.08333044
0.003850147
0.00168851
0.0132832
0.004500851
0.03530055
0.02029839
0.003654919
0.01247797
0.01081227
0.01676406
0.03675299
0.01498017
0.01027118
0.02917696
0.05527402
0.04731025
0.03858699
0.05467103
0.01386628
0.005000095
0.02201515
0.02240995
0.01100677
0.01711579
0.02612205
0.003974462
0.03225648
0.004272331
0.01079941
0.0335017
0.004902247
0.05646578
0.004058951
0.02964027
0.01742509
0.005089707
0.01701791
0.04332061
0.02518579
0.0298648
0.04824972
0.04525414
0.002990584
0.03111357
0.01749109
0.02574395
0.01120891
0.02009201
0.03332504
0.02663188
0.01693172
0.04145619
0.0464656
0.01314992
0.01528296
0.002150163
0.01082974
0.008684467
0.02082808
0.01365148
0.004103391
0.03486258
0.004552761
0.01257092
0.03182363
0.04867839
0.008661063
0.02809403
0.02075047
0.02891709
0.01948592
0.02898806
0.003879514
0.04651341
0.01332268
0.03496915
0.01472449
0.03926735
0.04626574
0.002067694
0.008926263
0.08354198
0.03226223
0.002546296
0.009434033
0.002310992
0.05591365
0.02143435
0.008223386
0.0131566
0.01062651
0.02618058
0.03663628
0.4416422
0.995544
0.7900956
0.5583721
0.9644031
0.9767206
0.5477684
0.3818057
0.2508626
0.1427659
0.8215797
0.5932811
0.9913743
0.9448577
0.0230919
0.3982744
0.5591906
0.7729702
0.1843308
0.02337261
0.05662758
0.6187621
0.8115359
0.1738476
0.989331
0.6026589
0.9911109
0.6136252
0.6213874
0.2074222
0.01242053
0.8057234
0.3302687
0.2182543
0.6375369
0.8457796
0.3871557
0.44351
0.4296916
0.3631168
0.739489
0.9936848
0.9705805
0.3873302
0.5881995
0.9491229
0.7179811
0.9961103
0.2265058
0.006349135
0.5715366
0.1323853
0.8329229
0.3425719
0.3891647
0.2065624
0.01057763
0.0179299
0.3780271
0.7882683
0.3905981
0.195758
0.1799488
0.7826638
0.7873437
0.009633669
0.9576904
0.06226477
0.5932027
0.2290592
0.4606417
0.002272846
0.9574173
0.8032369
0.4466062
0.09618863
0.2772688
0.993736
0.2445897
0.812164
0.589333
0.9684336
0.003872663
0.2369915
0.4017761
0.04384989
0.9387038
0.5503032
0.6318038
0.3694442
0.7491624
0.2554123
0.06575138
0.7938422
0.6264055
0.9915403
0.01918801
0.6297654
0.01030205
0.001847612
